02:28:34,628 INFO  [main] RawABListener:48 - Initing a RawABListener...
02:28:34,638 INFO  [main] Node:101 - PID: 113394
02:28:34,844 INFO  [main] NetworkManager:117 - NetworkManager tcp_nodelay: true
02:28:34,849 INFO  [main] NetworkManager:123 - NetworkManager tcp_crc: false
02:28:34,850 INFO  [main] NetworkManager:127 - NetworkManager buf_size: 2097152
02:28:34,872 INFO  [main] ElasticLearnerRole:93 - ElasticLearnerRole replication group 1
02:28:34,872 INFO  [main] ElasticLearnerRole:97 - ElasticLearnerRole initial ring 1
02:28:34,873 INFO  [main] ElasticLearnerRole:102 - ElasticLearnerRole deliver_skip_messages: enabled
02:28:34,877 INFO  [ElasticLearner] LearnerRole:102 - Learner recovery: disabled
02:28:34,879 INFO  [ElasticLearner] LearnerRole:108 - Learner auto_trim: disabled
02:28:34,884 INFO  [main-EventThread] RingManager:133 - RingManager ring 1 changed: [1, 2, 14] (succsessor: 1 at /10.10.1.3:2771)
02:28:34,890 INFO  [main-EventThread] RingManager:133 - RingManager ring 1 changed: [1, 2, 13, 14] (succsessor: 1 at /10.10.1.3:2771)
02:28:34,903 INFO  [main] Replica:188 - Token [0], ringId [null], nodeId [14], snapshot_modulo [0], zoo_host [10.10.1.1], pathPrefix[/media/disk5/], path [/media/disk5/71790ebc-c4ec-4c92-a2c7-e9b8bbbda0c5], embebedLog [false], useDiskDb [false] with complex constructor
1710923314904, 0, 0
Reading from stdin
1710923315904, 0, 0
1710923316905, 0, 0
1710923317905, 0, 0
1710923318906, 0, 0
1710923319906, 6196, 6196
1710923320907, 53855, 60051
1710923321907, 53408, 113459
1710923322908, 36743, 150202
1710923323908, 43561, 193763
1710923324909, 47800, 241563
1710923325909, 47583, 289146
1710923326910, 43244, 332390
1710923327911, 46308, 378698
1710923328911, 46877, 425575
1710923329912, 51079, 476654
1710923330912, 70516, 547170
1710923331913, 87813, 634983
1710923332913, 88229, 723212
1710923333914, 46840, 770052
1710923334915, 46989, 817041
1710923335917, 86085, 903126
1710923336918, 87026, 990152
1710923337919, 72543, 1062695
1710923338919, 79079, 1141774
1710923340037, 31645, 1173419
1710923341038, 44882, 1218301
1710923342039, 43247, 1261548
1710923343041, 119034, 1380582
1710923344041, 53780, 1434362
1710923345042, 0, 1434362
1710923346043, 0, 1434362
1710923347043, 0, 1434362
1710923348044, 0, 1434362
1710923349045, 0, 1434362
1710923350045, 0, 1434362
1710923351046, 0, 1434362
1710923352046, 0, 1434362
1710923353047, 0, 1434362
1710923354047, 0, 1434362
1710923355048, 0, 1434362
1710923356048, 0, 1434362
1710923357048, 0, 1434362
1710923358049, 0, 1434362
1710923359049, 0, 1434362
02:29:19,688 ERROR [main-EventThread] TopologyManager:465 - org.apache.zookeeper.KeeperException$SessionExpiredException: KeeperErrorCode = Session expired for /ringpaxos/topology1/nodes
02:29:19,788 ERROR [main-EventThread] RingManager:232 - org.apache.zookeeper.KeeperException$SessionExpiredException: KeeperErrorCode = Session expired for /ringpaxos/topology1/nodes
02:29:19,788 ERROR [main-EventThread] TopologyManager:465 - org.apache.zookeeper.KeeperException$SessionExpiredException: KeeperErrorCode = Session expired for /ringpaxos/topology1/learners
1710923360049, 0, 1434362
1710923361050, 0, 1434362
