07:49:59,604 INFO  [main] RawABListener:48 - Initing a RawABListener...
07:49:59,616 INFO  [main] Node:101 - PID: 107705
07:49:59,835 INFO  [main] NetworkManager:117 - NetworkManager tcp_nodelay: true
07:49:59,840 INFO  [main] NetworkManager:123 - NetworkManager tcp_crc: false
07:49:59,840 INFO  [main] NetworkManager:127 - NetworkManager buf_size: 2097152
07:49:59,870 INFO  [main] ElasticLearnerRole:93 - ElasticLearnerRole replication group 2
07:49:59,871 INFO  [main] ElasticLearnerRole:97 - ElasticLearnerRole initial ring 2
07:49:59,872 INFO  [main] ElasticLearnerRole:102 - ElasticLearnerRole deliver_skip_messages: enabled
07:49:59,877 INFO  [ElasticLearner] LearnerRole:102 - Learner recovery: disabled
07:49:59,879 INFO  [ElasticLearner] LearnerRole:108 - Learner auto_trim: disabled
07:49:59,883 INFO  [main-EventThread] RingManager:133 - RingManager ring 2 changed: [21, 22, 23, 24] (succsessor: 24 at /10.10.1.6:2732)
07:50:00,067 INFO  [main] Replica:188 - Token [0], ringId [null], nodeId [23], snapshot_modulo [0], zoo_host [10.10.1.1], pathPrefix[/media/disk2/], path [/media/disk2/c11f43ae-30c4-40ad-8840-bc3c62c12901], embebedLog [true], useDiskDb [false] with complex constructor
1710337800069, 0, 0
Reading from stdin
1710337801069, 0, 0
1710337802070, 0, 0
1710337803070, 0, 0
1710337804071, 0, 0
1710337805071, 3669, 3669
1710337806072, 13971, 17640
1710337807072, 15075, 32715
1710337808073, 16911, 49626
1710337809074, 15598, 65224
1710337810075, 15011, 80235
1710337811076, 16731, 96966
1710337812076, 16407, 113373
1710337813076, 16634, 130007
1710337814077, 16767, 146774
1710337815078, 16554, 163328
1710337816079, 15453, 178781
1710337817079, 16776, 195557
1710337818080, 15327, 210884
1710337819080, 16767, 227651
1710337820081, 15241, 242892
1710337821081, 15650, 258542
1710337822082, 15363, 273905
1710337823082, 15354, 289259
1710337824083, 15552, 304811
1710337825084, 15660, 320471
1710337826084, 15120, 335591
1710337827085, 15696, 351287
1710337828086, 15039, 366326
1710337829087, 15082, 381408
1710337830087, 17019, 398427
1710337831087, 16837, 415264
1710337832088, 16472, 431736
1710337833088, 15282, 447018
1710337834088, 14427, 461445
1710337835089, 17138, 478583
1710337836089, 0, 478583
1710337837090, 0, 478583
1710337838090, 0, 478583
1710337839090, 0, 478583
1710337840091, 0, 478583
1710337841091, 0, 478583
1710337842092, 0, 478583
1710337843092, 0, 478583
1710337844092, 0, 478583
1710337845092, 0, 478583
07:50:45,719 ERROR [main-EventThread] TopologyManager:465 - org.apache.zookeeper.KeeperException$SessionExpiredException: KeeperErrorCode = Session expired for /ringpaxos/topology2/nodes
07:50:45,820 ERROR [main-EventThread] RingManager:232 - org.apache.zookeeper.KeeperException$SessionExpiredException: KeeperErrorCode = Session expired for /ringpaxos/topology2/nodes
07:50:45,821 ERROR [main-EventThread] TopologyManager:465 - org.apache.zookeeper.KeeperException$SessionExpiredException: KeeperErrorCode = Session expired for /ringpaxos/topology2/learners
1710337846093, 0, 478583
