03:32:40,957 INFO  [main] RawABListener:48 - Initing a RawABListener...
03:32:40,968 INFO  [main] Node:101 - PID: 115902
03:32:41,205 INFO  [main] NetworkManager:117 - NetworkManager tcp_nodelay: true
03:32:41,210 INFO  [main] NetworkManager:123 - NetworkManager tcp_crc: false
03:32:41,210 INFO  [main] NetworkManager:127 - NetworkManager buf_size: 2097152
03:32:41,236 INFO  [main] ElasticLearnerRole:93 - ElasticLearnerRole replication group 1
03:32:41,237 INFO  [main] ElasticLearnerRole:97 - ElasticLearnerRole initial ring 1
03:32:41,238 INFO  [main] ElasticLearnerRole:102 - ElasticLearnerRole deliver_skip_messages: enabled
03:32:41,244 INFO  [ElasticLearner] LearnerRole:102 - Learner recovery: disabled
03:32:41,246 INFO  [ElasticLearner] LearnerRole:108 - Learner auto_trim: disabled
03:32:41,251 INFO  [main-EventThread] RingManager:133 - RingManager ring 1 changed: [1, 2, 13, 14] (succsessor: 14 at /10.10.1.6:2152)
03:32:41,278 INFO  [main] Replica:188 - Token [0], ringId [null], nodeId [13], snapshot_modulo [0], zoo_host [10.10.1.1], pathPrefix[/media/disk1/], path [/media/disk1/daa1b907-3265-4d30-be6f-e2e14c09e5bd], embebedLog [true], useDiskDb [false] with complex constructor
1710927161279, 0, 0
Reading from stdin
1710927162279, 0, 0
1710927163280, 0, 0
1710927164280, 0, 0
1710927165281, 0, 0
1710927166281, 647, 647
1710927167282, 28871, 29518
1710927168282, 44874, 74392
1710927169283, 40775, 115167
1710927170283, 44783, 159950
1710927171287, 45069, 205019
1710927172288, 42298, 247317
1710927173289, 38182, 285499
1710927174313, 40711, 326210
1710927175314, 46466, 372676
1710927176315, 43352, 416028
1710927177322, 32552, 448580
1710927178323, 57825, 506405
1710927179323, 44839, 551244
1710927180324, 51289, 602533
1710927181324, 41876, 644409
1710927182325, 39612, 684021
1710927183325, 27864, 711885
1710927184328, 21067, 732952
1710927185371, 20288, 753240
1710927186374, 44431, 797671
1710927187374, 42675, 840346
1710927188375, 44061, 884407
1710927189375, 50682, 935089
1710927190376, 49150, 984239
1710927191378, 49036, 1033275
1710927192379, 46885, 1080160
1710927193379, 47770, 1127930
1710927194380, 52422, 1180352
1710927195380, 57904, 1238256
1710927196381, 36764, 1275020
1710927197381, 7793, 1282813
1710927198382, 0, 1282813
03:33:19,355 ERROR [main-EventThread] TopologyManager:465 - org.apache.zookeeper.KeeperException$SessionExpiredException: KeeperErrorCode = Session expired for /ringpaxos/topology1/nodes
1710927199383, 0, 1282813
03:33:19,453 ERROR [main-EventThread] RingManager:232 - org.apache.zookeeper.KeeperException$SessionExpiredException: KeeperErrorCode = Session expired for /ringpaxos/topology1/nodes
03:33:19,453 ERROR [main-EventThread] TopologyManager:465 - org.apache.zookeeper.KeeperException$SessionExpiredException: KeeperErrorCode = Session expired for /ringpaxos/topology1/learners
