07:49:59,560 INFO  [main] RawABListener:48 - Initing a RawABListener...
07:49:59,570 INFO  [main] Node:101 - PID: 93312
07:49:59,776 INFO  [main] NetworkManager:117 - NetworkManager tcp_nodelay: true
07:49:59,781 INFO  [main] NetworkManager:123 - NetworkManager tcp_crc: false
07:49:59,782 INFO  [main] NetworkManager:127 - NetworkManager buf_size: 2097152
07:49:59,806 INFO  [main] ElasticLearnerRole:93 - ElasticLearnerRole replication group 4
07:49:59,808 INFO  [main] ElasticLearnerRole:97 - ElasticLearnerRole initial ring 4
07:49:59,809 INFO  [main] ElasticLearnerRole:102 - ElasticLearnerRole deliver_skip_messages: enabled
07:49:59,814 INFO  [ElasticLearner] LearnerRole:102 - Learner recovery: disabled
07:49:59,816 INFO  [ElasticLearner] LearnerRole:108 - Learner auto_trim: disabled
07:49:59,822 INFO  [main-EventThread] RingManager:133 - RingManager ring 4 changed: [41, 42, 44] (succsessor: 41 at /155.98.36.29:2008)
07:49:59,889 INFO  [main-EventThread] RingManager:133 - RingManager ring 4 changed: [41, 42, 43, 44] (succsessor: 41 at /155.98.36.29:2008)
07:49:59,897 INFO  [main] Replica:188 - Token [0], ringId [null], nodeId [44], snapshot_modulo [0], zoo_host [10.10.1.1], pathPrefix[/media/disk6/], path [/media/disk6/219dfa57-2b45-4422-a0dd-3c82d05ccd3b], embebedLog [true], useDiskDb [false] with complex constructor
1710337799897, 0, 0
Reading from stdin
1710337800898, 0, 0
1710337801898, 0, 0
1710337802899, 0, 0
1710337803899, 0, 0
1710337804900, 3393, 3393
1710337805900, 39808, 43201
1710337806901, 41988, 85189
1710337807902, 33032, 118221
1710337808902, 34451, 152672
1710337809904, 36713, 189385
1710337810904, 36086, 225471
1710337811905, 39443, 264914
1710337812905, 33916, 298830
1710337813906, 38770, 337600
1710337814906, 29035, 366635
1710337815906, 38688, 405323
1710337816907, 52950, 458273
1710337817907, 41191, 499464
1710337818908, 42894, 542358
1710337819908, 40253, 582611
1710337820909, 42851, 625462
1710337821909, 44303, 669765
1710337822910, 42255, 712020
1710337823910, 47452, 759472
1710337824911, 43897, 803369
1710337825911, 45211, 848580
1710337826912, 42793, 891373
1710337827913, 43995, 935368
1710337828913, 45426, 980794
1710337829914, 40033, 1020827
1710337830914, 28251, 1049078
1710337831915, 32941, 1082019
1710337832916, 42666, 1124685
1710337833916, 46025, 1170710
1710337834917, 35170, 1205880
1710337835917, 2665, 1208545
1710337836918, 0, 1208545
1710337837918, 0, 1208545
1710337838919, 0, 1208545
1710337839919, 0, 1208545
1710337840920, 0, 1208545
1710337841920, 0, 1208545
1710337842920, 0, 1208545
1710337843921, 0, 1208545
1710337844921, 27, 1208572
07:50:45,723 ERROR [main-EventThread] TopologyManager:465 - org.apache.zookeeper.KeeperException$SessionExpiredException: KeeperErrorCode = Session expired for /ringpaxos/topology4/nodes
07:50:45,824 ERROR [main-EventThread] RingManager:232 - org.apache.zookeeper.KeeperException$SessionExpiredException: KeeperErrorCode = Session expired for /ringpaxos/topology4/nodes
07:50:45,825 ERROR [main-EventThread] TopologyManager:465 - org.apache.zookeeper.KeeperException$SessionExpiredException: KeeperErrorCode = Session expired for /ringpaxos/topology4/learners
1710337845921, 0, 1208572
