16:50:42,415 INFO  [main] RawABListener:48 - Initing a RawABListener...
16:50:42,425 INFO  [main] Node:101 - PID: 20084
16:50:42,626 INFO  [main] NetworkManager:117 - NetworkManager tcp_nodelay: true
16:50:42,629 INFO  [main] NetworkManager:123 - NetworkManager tcp_crc: false
16:50:42,630 INFO  [main] NetworkManager:127 - NetworkManager buf_size: 2097152
16:50:42,649 INFO  [main] ElasticLearnerRole:93 - ElasticLearnerRole replication group 2
16:50:42,650 INFO  [main] ElasticLearnerRole:97 - ElasticLearnerRole initial ring 2
16:50:42,651 INFO  [main] ElasticLearnerRole:102 - ElasticLearnerRole deliver_skip_messages: enabled
16:50:42,654 INFO  [ElasticLearner] LearnerRole:102 - Learner recovery: disabled
16:50:42,656 INFO  [ElasticLearner] LearnerRole:108 - Learner auto_trim: disabled
16:50:42,660 INFO  [main-EventThread] RingManager:133 - RingManager ring 2 changed: [21, 22, 24] (succsessor: 21 at /10.10.1.3:2188)
16:50:42,679 INFO  [main-EventThread] RingManager:133 - RingManager ring 2 changed: [21, 22, 23, 24] (succsessor: 21 at /10.10.1.3:2188)
16:50:42,688 INFO  [main] Replica:169 - Token [0], ringId [null], nodeId [24], snapshot_modulo [0], zoo_host [null], path [null], embebedLog [false], useDiskDb [false] with simple constructor
1681426242689, 0, 0
Reading from stdin
1681426243689, 0, 0
16:50:43,743 INFO  [main-EventThread] RingManager:133 - RingManager ring 2 changed: [5, 21, 22, 23, 24] (succsessor: 5 at /10.10.1.7:2604)
16:50:43,855 INFO  [main-EventThread] RingManager:133 - RingManager ring 2 changed: [5, 6, 21, 22, 23, 24] (succsessor: 5 at /10.10.1.7:2604)
1681426244690, 0, 0
1681426245691, 0, 0
1681426246691, 0, 0
1681426247692, 343, 343
1681426248692, 1043, 1386
1681426249693, 1009, 2395
1681426250693, 1024, 3419
1681426251694, 1037, 4456
1681426252694, 1024, 5480
1681426253695, 1018, 6498
1681426254695, 1037, 7535
1681426255696, 998, 8533
1681426256696, 1025, 9558
1681426257697, 1030, 10588
1681426258697, 1032, 11620
1681426259698, 1025, 12645
1681426260698, 1037, 13682
1681426261698, 1023, 14705
1681426262699, 1023, 15728
1681426263699, 1026, 16754
1681426264700, 1045, 17799
1681426265700, 1064, 18863
1681426266701, 1039, 19902
1681426267701, 1036, 20938
1681426268702, 1042, 21980
1681426269702, 1040, 23020
1681426270703, 1035, 24055
1681426271703, 1028, 25083
1681426272703, 1029, 26112
1681426273704, 1021, 27133
1681426274704, 1039, 28172
1681426275705, 1030, 29202
1681426276705, 1031, 30233
1681426277706, 345, 30578
16:51:18,551 ERROR [main-EventThread] TopologyManager:465 - org.apache.zookeeper.KeeperException$SessionExpiredException: KeeperErrorCode = Session expired for /ringpaxos/topology2/learners
16:51:18,653 ERROR [main-EventThread] TopologyManager:465 - org.apache.zookeeper.KeeperException$SessionExpiredException: KeeperErrorCode = Session expired for /ringpaxos/topology2/nodes
16:51:18,654 ERROR [main-EventThread] RingManager:232 - org.apache.zookeeper.KeeperException$SessionExpiredException: KeeperErrorCode = Session expired for /ringpaxos/topology2/nodes
