16:50:42,437 INFO  [main] RawABListener:48 - Initing a RawABListener...
16:50:42,447 INFO  [main] Node:101 - PID: 23274
16:50:42,661 INFO  [main] NetworkManager:117 - NetworkManager tcp_nodelay: true
16:50:42,667 INFO  [main] NetworkManager:123 - NetworkManager tcp_crc: false
16:50:42,667 INFO  [main] NetworkManager:127 - NetworkManager buf_size: 2097152
16:50:42,691 INFO  [main] ElasticLearnerRole:93 - ElasticLearnerRole replication group 2
16:50:42,692 INFO  [main] ElasticLearnerRole:97 - ElasticLearnerRole initial ring 2
16:50:42,693 INFO  [main] ElasticLearnerRole:102 - ElasticLearnerRole deliver_skip_messages: enabled
16:50:42,697 INFO  [ElasticLearner] LearnerRole:102 - Learner recovery: disabled
16:50:42,699 INFO  [ElasticLearner] LearnerRole:108 - Learner auto_trim: disabled
16:50:42,702 INFO  [main-EventThread] RingManager:133 - RingManager ring 2 changed: [21, 22, 23, 24] (succsessor: 24 at /10.10.1.6:2586)
16:50:42,738 INFO  [main] Replica:169 - Token [0], ringId [null], nodeId [23], snapshot_modulo [0], zoo_host [null], path [null], embebedLog [false], useDiskDb [false] with simple constructor
1681426242739, 0, 0
Reading from stdin
1681426243739, 0, 0
16:50:43,744 INFO  [main-EventThread] RingManager:133 - RingManager ring 2 changed: [5, 21, 22, 23, 24] (succsessor: 24 at /10.10.1.6:2586)
16:50:43,855 INFO  [main-EventThread] RingManager:133 - RingManager ring 2 changed: [5, 6, 21, 22, 23, 24] (succsessor: 24 at /10.10.1.6:2586)
1681426244740, 0, 0
1681426245740, 0, 0
1681426246741, 0, 0
1681426247741, 392, 392
1681426248742, 1044, 1436
1681426249742, 1010, 2446
1681426250743, 1022, 3468
1681426251743, 1044, 4512
1681426252744, 1014, 5526
1681426253744, 1025, 6551
1681426254744, 1034, 7585
1681426255745, 997, 8582
1681426256745, 1023, 9605
1681426257746, 1035, 10640
1681426258746, 1034, 11674
1681426259747, 1021, 12695
1681426260747, 1038, 13733
1681426261748, 1026, 14759
1681426262748, 1014, 15773
1681426263749, 1034, 16807
1681426264749, 1050, 17857
1681426265749, 1055, 18912
1681426266750, 1037, 19949
1681426267751, 1042, 20991
1681426268751, 1039, 22030
1681426269752, 1036, 23066
1681426270752, 1041, 24107
1681426271752, 1032, 25139
1681426272753, 1018, 26157
1681426273753, 1022, 27179
1681426274754, 1041, 28220
1681426275754, 1020, 29240
1681426276755, 1040, 30280
1681426277755, 298, 30578
16:51:18,552 ERROR [main-EventThread] TopologyManager:465 - org.apache.zookeeper.KeeperException$SessionExpiredException: KeeperErrorCode = Session expired for /ringpaxos/topology2/learners
16:51:18,652 ERROR [main-EventThread] TopologyManager:465 - org.apache.zookeeper.KeeperException$SessionExpiredException: KeeperErrorCode = Session expired for /ringpaxos/topology2/nodes
16:51:18,658 ERROR [main-EventThread] RingManager:232 - org.apache.zookeeper.KeeperException$SessionExpiredException: KeeperErrorCode = Session expired for /ringpaxos/topology2/nodes
