16:50:42,408 INFO  [main] RawABListener:48 - Initing a RawABListener...
16:50:42,419 INFO  [main] Node:101 - PID: 19251
16:50:42,650 INFO  [main] NetworkManager:117 - NetworkManager tcp_nodelay: true
16:50:42,655 INFO  [main] NetworkManager:123 - NetworkManager tcp_crc: false
16:50:42,656 INFO  [main] NetworkManager:127 - NetworkManager buf_size: 2097152
16:50:42,681 INFO  [main] ElasticLearnerRole:93 - ElasticLearnerRole replication group 3
16:50:42,682 INFO  [main] ElasticLearnerRole:97 - ElasticLearnerRole initial ring 3
16:50:42,682 INFO  [main] ElasticLearnerRole:102 - ElasticLearnerRole deliver_skip_messages: enabled
16:50:42,687 INFO  [ElasticLearner] LearnerRole:102 - Learner recovery: disabled
16:50:42,690 INFO  [ElasticLearner] LearnerRole:108 - Learner auto_trim: disabled
16:50:42,692 INFO  [main-EventThread] RingManager:133 - RingManager ring 3 changed: [31, 32, 34] (succsessor: 31 at /10.10.1.3:2010)
16:50:42,712 INFO  [main-EventThread] RingManager:133 - RingManager ring 3 changed: [31, 32, 33, 34] (succsessor: 31 at /10.10.1.3:2010)
16:50:42,727 INFO  [main] Replica:169 - Token [0], ringId [null], nodeId [34], snapshot_modulo [0], zoo_host [null], path [null], embebedLog [false], useDiskDb [false] with simple constructor
1681426242727, 0, 0
Reading from stdin
1681426243728, 0, 0
16:50:43,994 INFO  [main-EventThread] RingManager:133 - RingManager ring 3 changed: [6, 31, 32, 33, 34] (succsessor: 6 at /10.10.1.6:2287)
16:50:44,079 INFO  [main-EventThread] RingManager:133 - RingManager ring 3 changed: [6, 7, 31, 32, 33, 34] (succsessor: 6 at /10.10.1.6:2287)
1681426244729, 0, 0
1681426245729, 0, 0
1681426246730, 0, 0
1681426247730, 370, 370
1681426248730, 936, 1306
1681426249731, 934, 2240
1681426250731, 905, 3145
1681426251732, 932, 4077
1681426252733, 908, 4985
1681426253733, 956, 5941
1681426254734, 931, 6872
1681426255734, 932, 7804
1681426256735, 940, 8744
1681426257736, 947, 9691
1681426258737, 1022, 10713
1681426259737, 1037, 11750
1681426260737, 1032, 12782
1681426261738, 1033, 13815
1681426262738, 1029, 14844
1681426263738, 1025, 15869
1681426264739, 1027, 16896
1681426265739, 1001, 17897
1681426266740, 1021, 18918
1681426267740, 1055, 19973
1681426268741, 1032, 21005
1681426269741, 1022, 22027
1681426270742, 1030, 23057
1681426271742, 1023, 24080
1681426272742, 1039, 25119
1681426273743, 1031, 26150
1681426274743, 1040, 27190
1681426275743, 1020, 28210
1681426276744, 1042, 29252
1681426277744, 294, 29546
16:51:18,554 ERROR [main-EventThread] TopologyManager:465 - org.apache.zookeeper.KeeperException$ConnectionLossException: KeeperErrorCode = ConnectionLoss for /ringpaxos/topology3/nodes
16:51:18,656 ERROR [main-EventThread] RingManager:232 - org.apache.zookeeper.KeeperException$SessionExpiredException: KeeperErrorCode = Session expired for /ringpaxos/topology3/nodes
16:51:18,657 ERROR [main-EventThread] TopologyManager:465 - org.apache.zookeeper.KeeperException$SessionExpiredException: KeeperErrorCode = Session expired for /ringpaxos/topology3/learners
