16:50:42,419 INFO  [main] RawABListener:48 - Initing a RawABListener...
16:50:42,439 INFO  [main] Node:101 - PID: 23276
16:50:42,692 INFO  [main] NetworkManager:117 - NetworkManager tcp_nodelay: true
16:50:42,697 INFO  [main] NetworkManager:123 - NetworkManager tcp_crc: false
16:50:42,698 INFO  [main] NetworkManager:127 - NetworkManager buf_size: 2097152
16:50:42,725 INFO  [main] ElasticLearnerRole:93 - ElasticLearnerRole replication group 3
16:50:42,725 INFO  [main] ElasticLearnerRole:97 - ElasticLearnerRole initial ring 3
16:50:42,726 INFO  [main] ElasticLearnerRole:102 - ElasticLearnerRole deliver_skip_messages: enabled
16:50:42,731 INFO  [ElasticLearner] LearnerRole:102 - Learner recovery: disabled
16:50:42,733 INFO  [ElasticLearner] LearnerRole:108 - Learner auto_trim: disabled
16:50:42,740 INFO  [main-EventThread] RingManager:133 - RingManager ring 3 changed: [31, 32, 33, 34] (succsessor: 34 at /10.10.1.7:2448)
16:50:42,774 INFO  [main] Replica:169 - Token [0], ringId [null], nodeId [33], snapshot_modulo [0], zoo_host [null], path [null], embebedLog [false], useDiskDb [false] with simple constructor
1681426242774, 0, 0
Reading from stdin
1681426243775, 0, 0
16:50:43,996 INFO  [main-EventThread] RingManager:133 - RingManager ring 3 changed: [6, 31, 32, 33, 34] (succsessor: 34 at /10.10.1.7:2448)
16:50:44,080 INFO  [main-EventThread] RingManager:133 - RingManager ring 3 changed: [6, 7, 31, 32, 33, 34] (succsessor: 34 at /10.10.1.7:2448)
1681426244775, 0, 0
1681426245776, 0, 0
1681426246776, 0, 0
1681426247777, 412, 412
1681426248777, 937, 1349
1681426249778, 930, 2279
1681426250779, 904, 3183
1681426251779, 936, 4119
1681426252780, 911, 5030
1681426253780, 951, 5981
1681426254781, 932, 6913
1681426255782, 932, 7845
1681426256782, 942, 8787
1681426257783, 943, 9730
1681426258784, 1029, 10759
1681426259784, 1031, 11790
1681426260785, 1037, 12827
1681426261785, 1036, 13863
1681426262786, 1025, 14888
1681426263786, 1024, 15912
1681426264786, 1026, 16938
1681426265787, 1007, 17945
1681426266787, 1030, 18975
1681426267788, 1044, 20019
1681426268789, 1039, 21058
1681426269789, 1013, 22071
1681426270789, 1036, 23107
1681426271790, 1018, 24125
1681426272790, 1036, 25161
1681426273791, 1043, 26204
1681426274791, 1037, 27241
1681426275791, 1018, 28259
1681426276791, 1040, 29299
1681426277792, 247, 29546
16:51:18,558 ERROR [main-EventThread] RingManager:232 - org.apache.zookeeper.KeeperException$SessionExpiredException: KeeperErrorCode = Session expired for /ringpaxos/topology3/nodes
16:51:18,660 ERROR [main-EventThread] TopologyManager:465 - org.apache.zookeeper.KeeperException$SessionExpiredException: KeeperErrorCode = Session expired for /ringpaxos/topology3/learners
16:51:18,668 ERROR [main-EventThread] TopologyManager:465 - org.apache.zookeeper.KeeperException$SessionExpiredException: KeeperErrorCode = Session expired for /ringpaxos/topology3/nodes
16:51:18,669 ERROR [main-EventThread] RingManager:232 - org.apache.zookeeper.KeeperException$SessionExpiredException: KeeperErrorCode = Session expired for /ringpaxos/topology3/nodes
