20:43:55,398 INFO  [main] RawABListener:48 - Initing a RawABListener...
20:43:55,411 INFO  [main] Node:101 - PID: 9700
20:43:55,630 INFO  [main] NetworkManager:117 - NetworkManager tcp_nodelay: true
20:43:55,635 INFO  [main] NetworkManager:123 - NetworkManager tcp_crc: false
20:43:55,636 INFO  [main] NetworkManager:127 - NetworkManager buf_size: 2097152
20:43:55,657 INFO  [main] ElasticLearnerRole:93 - ElasticLearnerRole replication group 1
20:43:55,657 INFO  [main] ElasticLearnerRole:97 - ElasticLearnerRole initial ring 1
20:43:55,658 INFO  [main] ElasticLearnerRole:102 - ElasticLearnerRole deliver_skip_messages: enabled
20:43:55,666 INFO  [ElasticLearner] LearnerRole:102 - Learner recovery: disabled
20:43:55,668 INFO  [ElasticLearner] LearnerRole:108 - Learner auto_trim: disabled
20:43:55,675 INFO  [main-EventThread] RingManager:133 - RingManager ring 1 changed: [1, 2, 13, 14, 15] (succsessor: 1 at /10.10.1.2:2104)
20:43:56,987 INFO  [main] Replica:165 - Token [0], ringId [null], nodeId [15], snapshot_modulo [0], zoo_host [null], path [null], embebedLog [false], useDiskDb [true] with simple constructor
1670125436987, 0, 0
Reading from stdin
1670125437988, 0, 0
1670125438988, 0, 0
1670125439989, 0, 0
1670125440989, 694, 694
1670125441990, 2009, 2703
1670125442990, 2029, 4732
1670125443991, 2031, 6763
1670125444991, 2021, 8784
1670125445991, 2026, 10810
1670125446992, 2040, 12850
1670125447992, 1970, 14820
1670125448994, 2065, 16885
1670125449994, 2065, 18950
1670125450994, 2064, 21014
1670125451995, 2058, 23072
1670125452995, 2029, 25101
1670125453995, 2004, 27105
1670125454996, 2000, 29105
1670125455996, 2028, 31133
1670125456996, 2054, 33187
1670125457997, 2065, 35252
1670125458997, 2061, 37313
1670125459998, 2022, 39335
1670125460998, 2068, 41403
1670125461999, 2042, 43445
1670125462999, 1995, 45440
1670125464000, 2054, 47494
1670125465000, 2035, 49529
1670125466000, 2034, 51563
1670125467001, 2034, 53597
1670125468001, 1977, 55574
1670125469001, 2068, 57642
1670125470006, 2066, 59708
1670125471006, 2034, 61742
1670125472006, 2010, 63752
1670125473007, 1993, 65745
1670125474007, 2023, 67768
1670125475007, 2055, 69823
1670125476008, 2013, 71836
1670125477008, 2032, 73868
1670125478008, 2020, 75888
1670125479009, 2032, 77920
1670125480012, 1989, 79909
1670125481012, 2054, 81963
1670125482012, 2046, 84009
1670125483013, 1981, 85990
1670125484013, 2000, 87990
1670125485014, 1986, 89976
1670125486014, 2067, 92043
1670125487015, 2046, 94089
1670125488015, 2017, 96106
1670125489015, 2010, 98116
1670125490016, 2064, 100180
1670125491016, 2034, 102214
1670125492017, 2032, 104246
1670125493017, 2058, 106304
1670125494017, 2032, 108336
1670125495018, 2074, 110410
1670125496018, 2015, 112425
1670125497018, 2027, 114452
1670125498019, 2044, 116496
1670125499019, 1629, 118125
1670125500045, 2490, 120615
1670125501045, 2023, 122638
1670125502045, 2022, 124660
1670125503046, 2048, 126708
1670125504046, 2064, 128772
1670125505047, 2008, 130780
1670125506047, 2020, 132800
1670125507047, 2052, 134852
1670125508047, 2056, 136908
1670125509048, 2026, 138934
1670125510048, 2012, 140946
1670125511048, 2031, 142977
1670125512049, 2032, 145009
1670125513049, 2007, 147016
1670125514049, 2028, 149044
1670125515050, 2050, 151094
1670125516050, 2081, 153175
1670125517050, 2023, 155198
1670125518051, 2032, 157230
1670125519051, 2039, 159269
1670125520051, 2067, 161336
1670125521052, 1995, 163331
1670125522052, 2047, 165378
1670125523053, 2054, 167432
1670125524053, 2008, 169440
1670125525053, 2058, 171498
1670125526054, 2032, 173530
1670125527054, 2030, 175560
1670125528055, 2043, 177603
1670125529056, 2053, 179656
1670125530056, 1991, 181647
1670125531056, 0, 181647
1670125532057, 0, 181647
1670125533057, 0, 181647
1670125534057, 0, 181647
1670125535057, 0, 181647
1670125536058, 0, 181647
1670125537058, 0, 181647
1670125538058, 0, 181647
1670125539059, 0, 181647
1670125540059, 0, 181647
1670125541059, 0, 181647
1670125542059, 0, 181647
1670125543060, 0, 181647
1670125544060, 0, 181647
1670125545060, 0, 181647
1670125546060, 0, 181647
1670125547061, 0, 181647
20:45:48,008 INFO  [main-EventThread] RingManager:133 - RingManager ring 1 changed: [1, 2, 14, 15] (succsessor: 1 at /10.10.1.2:2104)
1670125548061, 0, 181647
1670125549061, 0, 181647
1670125550061, 0, 181647
1670125551062, 0, 181647
1670125552062, 0, 181647
1670125553062, 0, 181647
20:45:54,005 INFO  [main-EventThread] RingManager:133 - RingManager ring 1 changed: [2, 14, 15] (succsessor: 2 at /10.10.1.4:2519)
20:45:54,013 ERROR [main-EventThread] NetworkManager:298 - NetworkManager client connect error
java.net.ConnectException: Connection refused
	at java.base/sun.nio.ch.Net.connect0(Native Method)
	at java.base/sun.nio.ch.Net.connect(Net.java:493)
	at java.base/sun.nio.ch.Net.connect(Net.java:482)
	at java.base/sun.nio.ch.SocketChannelImpl.connect(SocketChannelImpl.java:730)
	at ch.usi.da.paxos.ring.NetworkManager.connectClient(NetworkManager.java:291)
	at ch.usi.da.paxos.ring.RingManager.notifyRingChanged(RingManager.java:136)
	at ch.usi.da.paxos.ring.RingManager.process(RingManager.java:210)
	at org.apache.zookeeper.ClientCnxn$EventThread.processEvent(ClientCnxn.java:535)
	at org.apache.zookeeper.ClientCnxn$EventThread.run(ClientCnxn.java:510)
1670125554062, 0, 181647
1670125555063, 0, 181647
1670125556063, 0, 181647
1670125557063, 0, 181647
20:45:58,004 INFO  [main-EventThread] RingManager:133 - RingManager ring 1 changed: [14, 15] (succsessor: 14 at /10.10.1.6:2590)
20:45:58,009 ERROR [main-EventThread] NetworkManager:298 - NetworkManager client connect error
java.net.ConnectException: Connection refused
	at java.base/sun.nio.ch.Net.connect0(Native Method)
	at java.base/sun.nio.ch.Net.connect(Net.java:493)
	at java.base/sun.nio.ch.Net.connect(Net.java:482)
	at java.base/sun.nio.ch.SocketChannelImpl.connect(SocketChannelImpl.java:730)
	at ch.usi.da.paxos.ring.NetworkManager.connectClient(NetworkManager.java:291)
	at ch.usi.da.paxos.ring.RingManager.notifyRingChanged(RingManager.java:136)
	at ch.usi.da.paxos.ring.RingManager.process(RingManager.java:210)
	at org.apache.zookeeper.ClientCnxn$EventThread.processEvent(ClientCnxn.java:535)
	at org.apache.zookeeper.ClientCnxn$EventThread.run(ClientCnxn.java:510)
1670125558063, 0, 181647
1670125559064, 0, 181647
1670125560064, 0, 181647
