08:12:02,250 INFO  [main] RawABListener:48 - Initing a RawABListener...
08:12:02,259 INFO  [main] Node:101 - PID: 100627
08:12:02,471 INFO  [main] NetworkManager:117 - NetworkManager tcp_nodelay: true
08:12:02,478 INFO  [main] NetworkManager:123 - NetworkManager tcp_crc: false
08:12:02,479 INFO  [main] NetworkManager:127 - NetworkManager buf_size: 2097152
08:12:02,501 INFO  [main] ElasticLearnerRole:93 - ElasticLearnerRole replication group 4
08:12:02,502 INFO  [main] ElasticLearnerRole:97 - ElasticLearnerRole initial ring 4
08:12:02,503 INFO  [main] ElasticLearnerRole:102 - ElasticLearnerRole deliver_skip_messages: enabled
08:12:02,507 INFO  [ElasticLearner] LearnerRole:102 - Learner recovery: disabled
08:12:02,509 INFO  [ElasticLearner] LearnerRole:108 - Learner auto_trim: disabled
08:12:02,514 INFO  [main-EventThread] RingManager:133 - RingManager ring 4 changed: [41, 42, 44] (succsessor: 41 at /155.98.36.29:2614)
08:12:02,537 INFO  [main] Replica:188 - Token [0], ringId [null], nodeId [44], snapshot_modulo [0], zoo_host [10.10.1.1], pathPrefix[/media/disk6/], path [/media/disk6/275fe30a-4ae3-4bdb-8da8-2d74cfcdd664], embebedLog [false], useDiskDb [false] with complex constructor
1710339122538, 0, 0
Reading from stdin
08:12:02,601 INFO  [main-EventThread] RingManager:133 - RingManager ring 4 changed: [41, 42, 43, 44] (succsessor: 41 at /155.98.36.29:2614)
1710339123539, 0, 0
1710339124539, 0, 0
1710339125539, 0, 0
1710339126540, 0, 0
1710339127540, 1556, 1556
1710339128541, 39469, 41025
1710339129541, 54054, 95079
1710339130542, 49332, 144411
1710339131542, 31358, 175769
1710339132543, 28105, 203874
1710339133544, 29689, 233563
1710339134545, 31122, 264685
1710339135545, 28059, 292744
1710339136546, 30417, 323161
1710339137546, 31695, 354856
1710339138547, 47916, 402772
1710339139583, 63620, 466392
1710339140583, 66961, 533353
1710339141584, 66132, 599485
1710339142585, 63212, 662697
1710339143585, 65207, 727904
1710339144585, 43552, 771456
1710339145586, 61017, 832473
1710339146587, 57634, 890107
1710339147587, 49132, 939239
1710339148588, 61744, 1000983
1710339149589, 57754, 1058737
1710339150590, 59601, 1118338
1710339151590, 62133, 1180471
1710339152591, 64593, 1245064
1710339153591, 51314, 1296378
1710339154592, 48539, 1344917
1710339155593, 47700, 1392617
1710339156593, 42014, 1434631
1710339157594, 42988, 1477619
1710339158595, 18499, 1496118
1710339159595, 3860, 1499978
1710339160596, 0, 1499978
1710339161596, 99, 1500077
1710339162597, 846, 1500923
1710339163597, 676, 1501599
1710339164598, 18, 1501617
1710339165598, 0, 1501617
08:12:45,750 ERROR [main-EventThread] TopologyManager:465 - org.apache.zookeeper.KeeperException$ConnectionLossException: KeeperErrorCode = ConnectionLoss for /ringpaxos/topology4/nodes
08:12:45,852 ERROR [main-EventThread] RingManager:232 - org.apache.zookeeper.KeeperException$SessionExpiredException: KeeperErrorCode = Session expired for /ringpaxos/topology4/nodes
08:12:45,853 ERROR [main-EventThread] TopologyManager:465 - org.apache.zookeeper.KeeperException$SessionExpiredException: KeeperErrorCode = Session expired for /ringpaxos/topology4/learners
1710339166598, 0, 1501617
