00:08:57,688 INFO  [main] RawABListener:48 - Initing a RawABListener...
00:08:57,698 INFO  [main] Node:101 - PID: 46851
00:08:57,912 INFO  [main] NetworkManager:117 - NetworkManager tcp_nodelay: true
00:08:57,918 INFO  [main] NetworkManager:123 - NetworkManager tcp_crc: false
00:08:57,919 INFO  [main] NetworkManager:127 - NetworkManager buf_size: 2097152
00:08:57,939 INFO  [main] ElasticLearnerRole:93 - ElasticLearnerRole replication group 3
00:08:57,940 INFO  [main] ElasticLearnerRole:97 - ElasticLearnerRole initial ring 3
00:08:57,942 INFO  [main] ElasticLearnerRole:102 - ElasticLearnerRole deliver_skip_messages: enabled
00:08:57,949 INFO  [ElasticLearner] LearnerRole:102 - Learner recovery: disabled
00:08:57,951 INFO  [ElasticLearner] LearnerRole:108 - Learner auto_trim: disabled
00:08:57,955 INFO  [main-EventThread] RingManager:133 - RingManager ring 3 changed: [31, 32, 33, 34] (succsessor: 31 at /10.10.1.3:2024)
00:08:57,977 INFO  [main] Replica:188 - Token [0], ringId [null], nodeId [34], snapshot_modulo [0], zoo_host [10.10.1.1], pathPrefix[/media/disk5/], path [/media/disk5/ec2e9983-00d3-43ef-a52c-d9e9cdc95fd5], embebedLog [false], useDiskDb [false] with complex constructor
1710914937978, 0, 0
Reading from stdin
1710914938978, 0, 0
1710914939979, 0, 0
1710914940979, 0, 0
1710914941980, 0, 0
1710914942980, 8623, 8623
1710914943981, 45374, 53997
1710914944981, 54269, 108266
1710914945982, 49525, 157791
1710914946983, 41438, 199229
1710914947983, 43937, 243166
1710914948984, 56292, 299458
1710914949985, 54321, 353779
1710914950985, 50178, 403957
1710914951985, 48780, 452737
1710914952986, 45125, 497862
1710914953986, 75572, 573434
1710914954987, 73014, 646448
1710914955987, 64208, 710656
1710914956987, 55970, 766626
1710914957988, 62565, 829191
1710914958989, 46386, 875577
1710914959990, 42224, 917801
1710914960991, 43725, 961526
1710914961992, 49576, 1011102
1710914962992, 47548, 1058650
1710914963993, 51003, 1109653
1710914964994, 83765, 1193418
1710914965994, 64047, 1257465
1710914966995, 67923, 1325388
1710914967995, 52783, 1378171
1710914968996, 45111, 1423282
1710914969996, 59404, 1482686
1710914971176, 56516, 1539202
1710914972177, 62561, 1601763
1710914973179, 39842, 1641605
1710914974180, 26378, 1667983
1710914975180, 742, 1668725
1710914976181, 389, 1669114
1710914977181, 287, 1669401
1710914978182, 36, 1669437
1710914979182, 121, 1669558
1710914980183, 0, 1669558
1710914981183, 0, 1669558
1710914982183, 0, 1669558
1710914983183, 0, 1669558
00:09:43,879 ERROR [main-EventThread] RingManager:232 - org.apache.zookeeper.KeeperException$ConnectionLossException: KeeperErrorCode = ConnectionLoss for /ringpaxos/topology3/nodes
00:09:43,982 ERROR [main-EventThread] TopologyManager:465 - org.apache.zookeeper.KeeperException$SessionExpiredException: KeeperErrorCode = Session expired for /ringpaxos/topology3/learners
00:09:43,982 ERROR [main-EventThread] TopologyManager:465 - org.apache.zookeeper.KeeperException$SessionExpiredException: KeeperErrorCode = Session expired for /ringpaxos/topology3/nodes
00:09:43,983 ERROR [main-EventThread] RingManager:232 - org.apache.zookeeper.KeeperException$SessionExpiredException: KeeperErrorCode = Session expired for /ringpaxos/topology3/nodes
1710914984184, 0, 1669558
