04:13:59,521 INFO  [main] RawABListener:48 - Initing a RawABListener...
04:13:59,530 INFO  [main] Node:101 - PID: 69009
04:13:59,731 INFO  [main] NetworkManager:117 - NetworkManager tcp_nodelay: true
04:13:59,736 INFO  [main] NetworkManager:123 - NetworkManager tcp_crc: false
04:13:59,736 INFO  [main] NetworkManager:127 - NetworkManager buf_size: 2097152
04:13:59,764 INFO  [main] ElasticLearnerRole:93 - ElasticLearnerRole replication group 4
04:13:59,765 INFO  [main] ElasticLearnerRole:97 - ElasticLearnerRole initial ring 4
04:13:59,766 INFO  [main] ElasticLearnerRole:102 - ElasticLearnerRole deliver_skip_messages: enabled
04:13:59,771 INFO  [ElasticLearner] LearnerRole:102 - Learner recovery: disabled
04:13:59,773 INFO  [ElasticLearner] LearnerRole:108 - Learner auto_trim: disabled
04:13:59,778 INFO  [main-EventThread] RingManager:133 - RingManager ring 4 changed: [41, 42, 44] (succsessor: 41 at /155.98.36.29:2078)
04:13:59,830 INFO  [main-EventThread] RingManager:133 - RingManager ring 4 changed: [41, 42, 43, 44] (succsessor: 41 at /155.98.36.29:2078)
04:14:00,337 INFO  [main] Replica:188 - Token [0], ringId [null], nodeId [44], snapshot_modulo [0], zoo_host [10.10.1.1], pathPrefix[/media/disk6/], path [/media/disk6/f824ed87-cc72-486c-bcc5-ac2c40a0fb92], embebedLog [true], useDiskDb [true] with complex constructor
1710324840338, 0, 0
Reading from stdin
1710324841339, 0, 0
1710324842339, 0, 0
1710324843339, 0, 0
1710324844340, 0, 0
1710324845340, 11281, 11281
1710324846341, 20213, 31494
1710324847342, 17044, 48538
1710324848343, 20183, 68721
1710324849344, 19377, 88098
1710324850344, 18027, 106125
1710324851345, 20277, 126402
1710324852346, 21132, 147534
1710324853347, 20989, 168523
1710324854347, 14771, 183294
1710324855348, 27329, 210623
1710324856348, 17438, 228061
1710324857349, 18067, 246128
1710324858350, 17213, 263341
1710324859350, 19521, 282862
1710324860351, 21672, 304534
1710324861351, 19465, 323999
1710324862352, 17345, 341344
1710324863352, 19836, 361180
1710324864353, 17001, 378181
1710324865354, 16623, 394804
1710324866354, 16414, 411218
1710324867355, 16962, 428180
1710324868356, 21905, 450085
1710324869356, 19110, 469195
1710324870357, 18138, 487333
1710324871358, 18764, 506097
1710324872358, 20501, 526598
1710324873359, 19216, 545814
1710324874359, 15764, 561578
1710324875359, 17407, 578985
1710324876360, 10882, 589867
1710324877360, 0, 589867
1710324878361, 0, 589867
1710324879362, 0, 589867
1710324880362, 0, 589867
1710324881362, 0, 589867
1710324882362, 0, 589867
1710324883363, 0, 589867
1710324884363, 819, 590686
1710324885363, 132, 590818
04:14:45,980 ERROR [main-EventThread] TopologyManager:465 - org.apache.zookeeper.KeeperException$ConnectionLossException: KeeperErrorCode = ConnectionLoss for /ringpaxos/topology4/nodes
04:14:46,085 ERROR [main-EventThread] RingManager:232 - org.apache.zookeeper.KeeperException$SessionExpiredException: KeeperErrorCode = Session expired for /ringpaxos/topology4/nodes
04:14:46,086 ERROR [main-EventThread] TopologyManager:465 - org.apache.zookeeper.KeeperException$SessionExpiredException: KeeperErrorCode = Session expired for /ringpaxos/topology4/learners
1710324886364, 0, 590818
