04:13:59,587 INFO  [main] RawABListener:48 - Initing a RawABListener...
04:13:59,598 INFO  [main] Node:101 - PID: 69885
04:13:59,831 INFO  [main] NetworkManager:117 - NetworkManager tcp_nodelay: true
04:13:59,837 INFO  [main] NetworkManager:123 - NetworkManager tcp_crc: false
04:13:59,837 INFO  [main] NetworkManager:127 - NetworkManager buf_size: 2097152
04:13:59,864 INFO  [main] ElasticLearnerRole:93 - ElasticLearnerRole replication group 3
04:13:59,865 INFO  [main] ElasticLearnerRole:97 - ElasticLearnerRole initial ring 3
04:13:59,866 INFO  [main] ElasticLearnerRole:102 - ElasticLearnerRole deliver_skip_messages: enabled
04:13:59,871 INFO  [ElasticLearner] LearnerRole:102 - Learner recovery: disabled
04:13:59,873 INFO  [ElasticLearner] LearnerRole:108 - Learner auto_trim: disabled
04:13:59,882 INFO  [main-EventThread] RingManager:133 - RingManager ring 3 changed: [31, 32, 33, 34] (succsessor: 34 at /10.10.1.7:2157)
04:14:00,262 INFO  [main] Replica:188 - Token [0], ringId [null], nodeId [33], snapshot_modulo [0], zoo_host [10.10.1.1], pathPrefix[/media/disk3/], path [/media/disk3/c0e5020b-88d0-45c5-af3f-c642bdda8b29], embebedLog [true], useDiskDb [true] with complex constructor
1710324840264, 0, 0
Reading from stdin
1710324841265, 0, 0
1710324842266, 0, 0
1710324843266, 0, 0
1710324844267, 0, 0
1710324845267, 8411, 8411
1710324846268, 27326, 35737
1710324847269, 34279, 70016
1710324848273, 41018, 111034
1710324849275, 34361, 145395
1710324850276, 40083, 185478
1710324851277, 33653, 219131
1710324852277, 26780, 245911
1710324853278, 32394, 278305
1710324854279, 47107, 325412
1710324855280, 32815, 358227
1710324856281, 39894, 398121
1710324857281, 39817, 437938
1710324858281, 38150, 476088
1710324859282, 36108, 512196
1710324860282, 30654, 542850
1710324861283, 29532, 572382
1710324862284, 36783, 609165
1710324863284, 39179, 648344
1710324864285, 36935, 685279
1710324865285, 38080, 723359
1710324866286, 35805, 759164
1710324867287, 34376, 793540
1710324868287, 29772, 823312
1710324869288, 29297, 852609
1710324870288, 36543, 889152
1710324871289, 31456, 920608
1710324872290, 29270, 949878
1710324873290, 34130, 984008
1710324874291, 36683, 1020691
1710324875291, 32753, 1053444
1710324876292, 25581, 1079025
1710324877292, 0, 1079025
1710324878293, 0, 1079025
1710324879293, 0, 1079025
1710324880294, 0, 1079025
1710324881294, 0, 1079025
1710324882294, 0, 1079025
1710324883295, 0, 1079025
1710324884295, 0, 1079025
1710324885295, 0, 1079025
04:14:45,985 ERROR [main-EventThread] TopologyManager:465 - org.apache.zookeeper.KeeperException$SessionExpiredException: KeeperErrorCode = Session expired for /ringpaxos/topology3/nodes
04:14:46,085 ERROR [main-EventThread] RingManager:232 - org.apache.zookeeper.KeeperException$SessionExpiredException: KeeperErrorCode = Session expired for /ringpaxos/topology3/nodes
04:14:46,086 ERROR [main-EventThread] TopologyManager:465 - org.apache.zookeeper.KeeperException$SessionExpiredException: KeeperErrorCode = Session expired for /ringpaxos/topology3/learners
1710324886296, 0, 1079025
