04:13:59,619 INFO  [main] RawABListener:48 - Initing a RawABListener...
04:13:59,638 INFO  [main] Node:101 - PID: 90967
04:13:59,900 INFO  [main] NetworkManager:117 - NetworkManager tcp_nodelay: true
04:13:59,905 INFO  [main] NetworkManager:123 - NetworkManager tcp_crc: false
04:13:59,906 INFO  [main] NetworkManager:127 - NetworkManager buf_size: 2097152
04:13:59,931 INFO  [main] ElasticLearnerRole:93 - ElasticLearnerRole replication group 2
04:13:59,932 INFO  [main] ElasticLearnerRole:97 - ElasticLearnerRole initial ring 2
04:13:59,934 INFO  [main] ElasticLearnerRole:102 - ElasticLearnerRole deliver_skip_messages: enabled
04:13:59,939 INFO  [ElasticLearner] LearnerRole:102 - Learner recovery: disabled
04:13:59,941 INFO  [ElasticLearner] LearnerRole:108 - Learner auto_trim: disabled
04:13:59,945 INFO  [main-EventThread] RingManager:133 - RingManager ring 2 changed: [21, 22, 23, 24] (succsessor: 21 at /155.98.36.29:2241)
04:14:00,296 INFO  [main] Replica:188 - Token [0], ringId [null], nodeId [24], snapshot_modulo [0], zoo_host [10.10.1.1], pathPrefix[/media/disk6/], path [/media/disk6/01b7fb82-1876-4e87-bfda-fd31bf65e125], embebedLog [true], useDiskDb [true] with complex constructor
1710324840297, 0, 0
Reading from stdin
1710324841297, 0, 0
1710324842298, 0, 0
1710324843298, 0, 0
1710324844299, 0, 0
1710324845299, 7227, 7227
1710324846300, 23352, 30579
1710324847302, 17325, 47904
1710324848308, 20956, 68860
1710324849309, 19891, 88751
1710324850310, 18346, 107097
1710324851317, 18195, 125292
1710324852319, 22147, 147439
1710324853319, 22148, 169587
1710324854320, 17657, 187244
1710324855320, 21443, 208687
1710324856321, 17633, 226320
1710324857322, 17854, 244174
1710324858323, 17302, 261476
1710324859323, 19675, 281151
1710324860324, 19703, 300854
1710324861325, 20775, 321629
1710324862325, 18525, 340154
1710324863326, 21265, 361419
1710324864326, 17672, 379091
1710324865327, 17388, 396479
1710324866329, 17617, 414096
1710324867330, 18545, 432641
1710324868330, 20741, 453382
1710324869331, 22108, 475490
1710324870331, 17280, 492770
1710324871332, 19691, 512461
1710324872332, 19799, 532260
1710324873333, 19149, 551409
1710324874334, 17441, 568850
1710324875334, 18673, 587523
1710324876335, 14919, 602442
1710324877335, 0, 602442
1710324878336, 0, 602442
1710324879336, 36, 602478
1710324880337, 0, 602478
1710324881337, 0, 602478
1710324882337, 0, 602478
1710324883338, 0, 602478
1710324884338, 399, 602877
1710324885338, 0, 602877
04:14:45,986 ERROR [main-EventThread] RingManager:232 - org.apache.zookeeper.KeeperException$SessionExpiredException: KeeperErrorCode = Session expired for /ringpaxos/topology2/nodes
04:14:46,083 ERROR [main-EventThread] TopologyManager:465 - org.apache.zookeeper.KeeperException$SessionExpiredException: KeeperErrorCode = Session expired for /ringpaxos/topology2/learners
04:14:46,084 ERROR [main-EventThread] TopologyManager:465 - org.apache.zookeeper.KeeperException$SessionExpiredException: KeeperErrorCode = Session expired for /ringpaxos/topology2/nodes
04:14:46,084 ERROR [main-EventThread] RingManager:232 - org.apache.zookeeper.KeeperException$SessionExpiredException: KeeperErrorCode = Session expired for /ringpaxos/topology2/nodes
1710324886339, 0, 602877
1710324887339, 0, 602877
