04:13:59,594 INFO  [main] RawABListener:48 - Initing a RawABListener...
04:13:59,610 INFO  [main] Node:101 - PID: 90966
04:13:59,825 INFO  [main] NetworkManager:117 - NetworkManager tcp_nodelay: true
04:13:59,830 INFO  [main] NetworkManager:123 - NetworkManager tcp_crc: false
04:13:59,831 INFO  [main] NetworkManager:127 - NetworkManager buf_size: 2097152
04:13:59,851 INFO  [main] ElasticLearnerRole:93 - ElasticLearnerRole replication group 1
04:13:59,853 INFO  [main] ElasticLearnerRole:97 - ElasticLearnerRole initial ring 1
04:13:59,856 INFO  [main] ElasticLearnerRole:102 - ElasticLearnerRole deliver_skip_messages: enabled
04:13:59,860 INFO  [ElasticLearner] LearnerRole:102 - Learner recovery: disabled
04:13:59,863 INFO  [ElasticLearner] LearnerRole:108 - Learner auto_trim: disabled
04:13:59,869 INFO  [main-EventThread] RingManager:133 - RingManager ring 1 changed: [1, 2, 14] (succsessor: 1 at /155.98.36.29:2046)
04:13:59,901 INFO  [main-EventThread] RingManager:133 - RingManager ring 1 changed: [1, 2, 13, 14] (succsessor: 1 at /155.98.36.29:2046)
04:14:00,195 INFO  [main] Replica:188 - Token [0], ringId [null], nodeId [14], snapshot_modulo [0], zoo_host [10.10.1.1], pathPrefix[/media/disk5/], path [/media/disk5/36354e47-c60c-4982-a4b1-86f84d9ba56c], embebedLog [true], useDiskDb [true] with complex constructor
1710324840196, 0, 0
Reading from stdin
1710324841197, 0, 0
1710324842198, 0, 0
1710324843198, 0, 0
1710324844198, 0, 0
1710324845199, 9235, 9235
1710324846200, 31249, 40484
1710324847280, 27700, 68184
1710324848281, 37815, 105999
1710324849281, 31191, 137190
1710324850282, 29958, 167148
1710324851283, 29344, 196492
1710324852283, 27124, 223616
1710324853284, 28272, 251888
1710324854285, 33407, 285295
1710324855285, 26793, 312088
1710324856286, 31356, 343444
1710324857286, 29235, 372679
1710324858287, 31254, 403933
1710324859287, 29532, 433465
1710324860288, 30692, 464157
1710324861288, 36302, 500459
1710324862289, 27857, 528316
1710324863290, 33536, 561852
1710324864291, 34796, 596648
1710324865293, 32718, 629366
1710324866293, 35472, 664838
1710324867293, 35703, 700541
1710324868380, 32745, 733286
1710324869380, 38336, 771622
1710324870381, 33038, 804660
1710324871381, 31821, 836481
1710324872381, 38623, 875104
1710324873382, 35334, 910438
1710324874382, 27973, 938411
1710324875383, 34266, 972677
1710324876383, 20884, 993561
1710324877383, 0, 993561
1710324878384, 0, 993561
1710324879384, 72, 993633
1710324880385, 0, 993633
1710324881385, 0, 993633
1710324882386, 0, 993633
1710324883386, 0, 993633
1710324884386, 633, 994266
1710324885387, 0, 994266
04:14:45,981 ERROR [main-EventThread] TopologyManager:465 - org.apache.zookeeper.KeeperException$SessionExpiredException: KeeperErrorCode = Session expired for /ringpaxos/topology1/nodes
04:14:46,081 ERROR [main-EventThread] RingManager:232 - org.apache.zookeeper.KeeperException$SessionExpiredException: KeeperErrorCode = Session expired for /ringpaxos/topology1/nodes
04:14:46,082 ERROR [main-EventThread] TopologyManager:465 - org.apache.zookeeper.KeeperException$SessionExpiredException: KeeperErrorCode = Session expired for /ringpaxos/topology1/learners
1710324886387, 0, 994266
1710324887387, 0, 994266
