04:08:40,331 INFO  [main] RawABListener:48 - Initing a RawABListener...
04:08:40,346 INFO  [main] Node:101 - PID: 89085
04:08:40,571 INFO  [main] NetworkManager:117 - NetworkManager tcp_nodelay: true
04:08:40,574 INFO  [main] NetworkManager:123 - NetworkManager tcp_crc: false
04:08:40,575 INFO  [main] NetworkManager:127 - NetworkManager buf_size: 2097152
04:08:40,595 INFO  [main] ElasticLearnerRole:93 - ElasticLearnerRole replication group 2
04:08:40,596 INFO  [main] ElasticLearnerRole:97 - ElasticLearnerRole initial ring 2
04:08:40,596 INFO  [main] ElasticLearnerRole:102 - ElasticLearnerRole deliver_skip_messages: enabled
04:08:40,601 INFO  [ElasticLearner] LearnerRole:102 - Learner recovery: disabled
04:08:40,603 INFO  [ElasticLearner] LearnerRole:108 - Learner auto_trim: disabled
04:08:40,607 INFO  [main-EventThread] RingManager:133 - RingManager ring 2 changed: [21, 22, 23, 24] (succsessor: 21 at /155.98.36.29:2655)
04:08:41,178 INFO  [main] Replica:188 - Token [0], ringId [null], nodeId [24], snapshot_modulo [0], zoo_host [10.10.1.1], pathPrefix[/media/disk6/], path [/media/disk6/d0cc0b65-1da2-4b6b-9fd1-484a6a1e2c56], embebedLog [true], useDiskDb [true] with complex constructor
1710324521179, 0, 0
Reading from stdin
1710324522180, 0, 0
1710324523180, 0, 0
1710324524181, 0, 0
1710324525181, 0, 0
1710324526183, 30227, 30227
1710324527183, 40624, 70851
1710324528184, 44594, 115445
1710324529185, 24408, 139853
1710324530186, 31892, 171745
1710324531187, 45194, 216939
1710324532189, 48552, 265491
1710324533191, 42092, 307583
1710324534192, 34029, 341612
1710324535217, 44476, 386088
1710324536217, 49521, 435609
1710324537218, 34519, 470128
1710324538244, 45971, 516099
1710324539245, 37585, 553684
1710324540246, 37246, 590930
1710324541246, 35163, 626093
1710324542246, 11637, 637730
1710324543247, 6167, 643897
1710324544248, 38955, 682852
1710324545248, 38784, 721636
1710324546249, 40939, 762575
1710324547250, 40237, 802812
1710324548250, 26022, 828834
1710324549251, 47152, 875986
1710324550251, 32818, 908804
1710324551252, 34545, 943349
1710324552252, 35094, 978443
1710324553253, 37233, 1015676
1710324554254, 39385, 1055061
1710324555254, 28797, 1083858
1710324556255, 202, 1084060
1710324557255, 270, 1084330
1710324558255, 0, 1084330
1710324559256, 0, 1084330
1710324560256, 0, 1084330
1710324561257, 0, 1084330
1710324562258, 246, 1084576
1710324563258, 0, 1084576
04:09:23,357 ERROR [main-EventThread] TopologyManager:465 - org.apache.zookeeper.KeeperException$SessionExpiredException: KeeperErrorCode = Session expired for /ringpaxos/topology2/nodes
04:09:23,456 ERROR [main-EventThread] RingManager:232 - org.apache.zookeeper.KeeperException$SessionExpiredException: KeeperErrorCode = Session expired for /ringpaxos/topology2/nodes
04:09:23,457 ERROR [main-EventThread] TopologyManager:465 - org.apache.zookeeper.KeeperException$SessionExpiredException: KeeperErrorCode = Session expired for /ringpaxos/topology2/learners
1710324564258, 0, 1084576
