16:53:30,916 INFO  [main] RawABListener:48 - Initing a RawABListener...
16:53:30,926 INFO  [main] Node:101 - PID: 24531
16:53:31,155 INFO  [main] NetworkManager:117 - NetworkManager tcp_nodelay: true
16:53:31,161 INFO  [main] NetworkManager:123 - NetworkManager tcp_crc: false
16:53:31,162 INFO  [main] NetworkManager:127 - NetworkManager buf_size: 2097152
16:53:31,187 INFO  [main] ElasticLearnerRole:93 - ElasticLearnerRole replication group 2
16:53:31,188 INFO  [main] ElasticLearnerRole:97 - ElasticLearnerRole initial ring 2
16:53:31,189 INFO  [main] ElasticLearnerRole:102 - ElasticLearnerRole deliver_skip_messages: enabled
16:53:31,192 INFO  [ElasticLearner] LearnerRole:102 - Learner recovery: disabled
16:53:31,194 INFO  [ElasticLearner] LearnerRole:108 - Learner auto_trim: disabled
16:53:31,198 INFO  [main-EventThread] RingManager:133 - RingManager ring 2 changed: [21, 22, 23] (succsessor: 21 at /10.10.1.3:2318)
16:53:31,204 INFO  [main-EventThread] RingManager:133 - RingManager ring 2 changed: [21, 22, 23, 24] (succsessor: 24 at /10.10.1.6:2337)
16:53:31,232 INFO  [main] Replica:169 - Token [0], ringId [null], nodeId [23], snapshot_modulo [0], zoo_host [null], path [null], embebedLog [false], useDiskDb [false] with simple constructor
1681426411233, 0, 0
Reading from stdin
1681426412233, 0, 0
16:53:32,577 INFO  [main-EventThread] RingManager:133 - RingManager ring 2 changed: [5, 21, 22, 23, 24] (succsessor: 24 at /10.10.1.6:2337)
16:53:32,691 INFO  [main-EventThread] RingManager:133 - RingManager ring 2 changed: [5, 6, 21, 22, 23, 24] (succsessor: 24 at /10.10.1.6:2337)
1681426413234, 0, 0
1681426414234, 0, 0
1681426415234, 0, 0
1681426416235, 1339, 1339
1681426417235, 4020, 5359
1681426418236, 3965, 9324
1681426419236, 3893, 13217
1681426420238, 4121, 17338
1681426421238, 3996, 21334
1681426422239, 4072, 25406
1681426423240, 3990, 29396
1681426424240, 3883, 33279
1681426425241, 4088, 37367
1681426426241, 4049, 41416
1681426427242, 4034, 45450
1681426428243, 3981, 49431
1681426429244, 4063, 53494
1681426430244, 4030, 57524
1681426431245, 4009, 61533
1681426432245, 4029, 65562
1681426433246, 3872, 69434
1681426434247, 4066, 73500
1681426435248, 4059, 77559
1681426436248, 4088, 81647
1681426437250, 4059, 85706
1681426438250, 3992, 89698
1681426439252, 4073, 93771
1681426440252, 4055, 97826
1681426441253, 4064, 101890
1681426442254, 4050, 105940
1681426443254, 4068, 110008
1681426444255, 4034, 114042
1681426445255, 3157, 117199
1681426446256, 0, 117199
16:54:06,487 ERROR [main-EventThread] TopologyManager:465 - org.apache.zookeeper.KeeperException$SessionExpiredException: KeeperErrorCode = Session expired for /ringpaxos/topology2/nodes
16:54:06,588 ERROR [main-EventThread] RingManager:232 - org.apache.zookeeper.KeeperException$SessionExpiredException: KeeperErrorCode = Session expired for /ringpaxos/topology2/nodes
16:54:06,588 ERROR [main-EventThread] TopologyManager:465 - org.apache.zookeeper.KeeperException$SessionExpiredException: KeeperErrorCode = Session expired for /ringpaxos/topology2/learners
