16:53:30,959 INFO  [main] RawABListener:48 - Initing a RawABListener...
16:53:30,971 INFO  [main] Node:101 - PID: 24530
16:53:31,176 INFO  [main] NetworkManager:117 - NetworkManager tcp_nodelay: true
16:53:31,181 INFO  [main] NetworkManager:123 - NetworkManager tcp_crc: false
16:53:31,182 INFO  [main] NetworkManager:127 - NetworkManager buf_size: 2097152
16:53:31,207 INFO  [main] ElasticLearnerRole:93 - ElasticLearnerRole replication group 3
16:53:31,208 INFO  [main] ElasticLearnerRole:97 - ElasticLearnerRole initial ring 3
16:53:31,209 INFO  [main] ElasticLearnerRole:102 - ElasticLearnerRole deliver_skip_messages: enabled
16:53:31,214 INFO  [ElasticLearner] LearnerRole:102 - Learner recovery: disabled
16:53:31,216 INFO  [ElasticLearner] LearnerRole:108 - Learner auto_trim: disabled
16:53:31,217 INFO  [main-EventThread] RingManager:133 - RingManager ring 3 changed: [31, 32, 34] (succsessor: 31 at /10.10.1.3:2156)
16:53:31,223 INFO  [main-EventThread] RingManager:133 - RingManager ring 3 changed: [31, 32, 33, 34] (succsessor: 34 at /10.10.1.7:2877)
16:53:31,256 INFO  [main] Replica:169 - Token [0], ringId [null], nodeId [33], snapshot_modulo [0], zoo_host [null], path [null], embebedLog [false], useDiskDb [false] with simple constructor
1681426411257, 0, 0
Reading from stdin
1681426412258, 0, 0
16:53:32,829 INFO  [main-EventThread] RingManager:133 - RingManager ring 3 changed: [6, 31, 32, 33, 34] (succsessor: 34 at /10.10.1.7:2877)
16:53:32,940 INFO  [main-EventThread] RingManager:133 - RingManager ring 3 changed: [6, 7, 31, 32, 33, 34] (succsessor: 34 at /10.10.1.7:2877)
1681426413258, 0, 0
1681426414259, 0, 0
1681426415259, 0, 0
1681426416259, 1536, 1536
1681426417260, 4025, 5561
1681426418260, 4096, 9657
1681426419261, 4156, 13813
1681426420261, 4071, 17884
1681426421262, 4026, 21910
1681426422262, 3847, 25757
1681426423263, 4073, 29830
1681426424263, 4079, 33909
1681426425264, 4072, 37981
1681426426265, 4002, 41983
1681426427265, 4095, 46078
1681426428266, 4112, 50190
1681426429266, 3998, 54188
1681426430267, 4100, 58288
1681426431267, 4087, 62375
1681426432268, 4133, 66508
1681426433268, 4126, 70634
1681426434269, 4079, 74713
1681426435269, 4121, 78834
1681426436270, 4093, 82927
1681426437270, 4029, 86956
1681426438271, 4032, 90988
1681426439271, 4117, 95105
1681426440272, 4080, 99185
1681426441272, 4029, 103214
1681426442272, 4079, 107293
1681426443273, 4077, 111370
1681426444273, 4084, 115454
1681426445274, 3041, 118495
1681426446274, 0, 118495
16:54:06,515 INFO  [main-EventThread] RingManager:133 - RingManager ring 3 changed: [6, 7, 31, 33] (succsessor: 6 at /10.10.1.6:2310)
16:54:06,516 ERROR [TCPListener] SessionHandler:120 - Error in SessionHandler during reading!
java.nio.channels.ClosedSelectorException
	at java.base/sun.nio.ch.EPollSelectorImpl.ensureOpen(EPollSelectorImpl.java:98)
	at java.base/sun.nio.ch.EPollSelectorImpl.setEventOps(EPollSelectorImpl.java:243)
	at java.base/sun.nio.ch.SelectionKeyImpl.interestOps(SelectionKeyImpl.java:101)
	at ch.usi.da.paxos.ring.SessionHandler.handleReadable(SessionHandler.java:68)
	at ch.usi.da.paxos.ring.TCPListener.run(TCPListener.java:89)
	at java.base/java.lang.Thread.run(Thread.java:830)
16:54:06,534 ERROR [main-EventThread] TopologyManager:465 - org.apache.zookeeper.KeeperException$SessionExpiredException: KeeperErrorCode = Session expired for /ringpaxos/topology3/learners
16:54:06,636 ERROR [main-EventThread] TopologyManager:465 - org.apache.zookeeper.KeeperException$SessionExpiredException: KeeperErrorCode = Session expired for /ringpaxos/topology3/nodes
16:54:06,636 ERROR [main-EventThread] RingManager:232 - org.apache.zookeeper.KeeperException$SessionExpiredException: KeeperErrorCode = Session expired for /ringpaxos/topology3/nodes
