03:20:02,532 INFO  [main] RawABListener:48 - Initing a RawABListener...
03:20:02,543 INFO  [main] Node:101 - PID: 109829
03:20:02,774 INFO  [main] NetworkManager:117 - NetworkManager tcp_nodelay: true
03:20:02,779 INFO  [main] NetworkManager:123 - NetworkManager tcp_crc: false
03:20:02,779 INFO  [main] NetworkManager:127 - NetworkManager buf_size: 2097152
03:20:02,802 INFO  [main] ElasticLearnerRole:93 - ElasticLearnerRole replication group 1
03:20:02,803 INFO  [main] ElasticLearnerRole:97 - ElasticLearnerRole initial ring 1
03:20:02,804 INFO  [main] ElasticLearnerRole:102 - ElasticLearnerRole deliver_skip_messages: enabled
03:20:02,809 INFO  [ElasticLearner] LearnerRole:102 - Learner recovery: disabled
03:20:02,811 INFO  [ElasticLearner] LearnerRole:108 - Learner auto_trim: disabled
03:20:02,815 INFO  [main-EventThread] RingManager:133 - RingManager ring 1 changed: [1, 2, 13] (succsessor: 1 at /10.10.1.3:2485)
03:20:02,836 INFO  [main] Replica:188 - Token [0], ringId [null], nodeId [13], snapshot_modulo [0], zoo_host [10.10.1.1], pathPrefix[/media/disk1/], path [/media/disk1/2f418140-2f42-446a-9a07-660fc6c96b0d], embebedLog [false], useDiskDb [true] with complex constructor
1710926402837, 0, 0
Reading from stdin
03:20:02,991 INFO  [main-EventThread] RingManager:133 - RingManager ring 1 changed: [1, 2, 13, 14] (succsessor: 14 at /10.10.1.6:2557)
1710926403837, 0, 0
1710926404837, 0, 0
1710926405838, 0, 0
1710926406838, 0, 0
1710926407839, 5446, 5446
1710926408839, 35420, 40866
1710926409840, 37709, 78575
1710926410840, 40984, 119559
1710926411841, 34341, 153900
1710926412844, 36397, 190297
1710926413847, 34675, 224972
1710926414848, 42277, 267249
1710926415887, 36286, 303535
1710926416888, 40323, 343858
1710926417888, 40041, 383899
1710926418889, 43295, 427194
1710926419890, 48494, 475688
1710926420890, 50952, 526640
1710926421891, 37631, 564271
1710926422891, 33823, 598094
1710926423892, 30825, 628919
1710926424892, 56381, 685300
1710926425892, 48802, 734102
1710926426893, 39902, 774004
1710926427894, 28984, 802988
1710926428896, 44813, 847801
1710926429896, 51069, 898870
1710926430896, 43882, 942752
1710926431897, 53228, 995980
1710926432897, 37267, 1033247
1710926433897, 36948, 1070195
1710926434898, 30545, 1100740
1710926436082, 33350, 1134090
1710926437083, 30734, 1164824
1710926438083, 31658, 1196482
1710926439083, 35863, 1232345
1710926440084, 0, 1232345
1710926441084, 0, 1232345
1710926442085, 0, 1232345
1710926443085, 0, 1232345
1710926444085, 0, 1232345
1710926445086, 0, 1232345
1710926446086, 0, 1232345
1710926447086, 0, 1232345
1710926448087, 0, 1232345
03:20:48,846 ERROR [main-EventThread] TopologyManager:465 - org.apache.zookeeper.KeeperException$SessionExpiredException: KeeperErrorCode = Session expired for /ringpaxos/topology1/nodes
03:20:48,943 ERROR [main-EventThread] RingManager:232 - org.apache.zookeeper.KeeperException$SessionExpiredException: KeeperErrorCode = Session expired for /ringpaxos/topology1/nodes
03:20:48,944 ERROR [main-EventThread] TopologyManager:465 - org.apache.zookeeper.KeeperException$SessionExpiredException: KeeperErrorCode = Session expired for /ringpaxos/topology1/learners
1710926449087, 13, 1232358
