03:20:02,737 INFO  [main] RawABListener:48 - Initing a RawABListener...
03:20:02,747 INFO  [main] Node:101 - PID: 121966
03:20:02,968 INFO  [main] NetworkManager:117 - NetworkManager tcp_nodelay: true
03:20:02,973 INFO  [main] NetworkManager:123 - NetworkManager tcp_crc: false
03:20:02,974 INFO  [main] NetworkManager:127 - NetworkManager buf_size: 2097152
03:20:03,001 INFO  [main] ElasticLearnerRole:93 - ElasticLearnerRole replication group 1
03:20:03,002 INFO  [main] ElasticLearnerRole:97 - ElasticLearnerRole initial ring 1
03:20:03,002 INFO  [main] ElasticLearnerRole:102 - ElasticLearnerRole deliver_skip_messages: enabled
03:20:03,007 INFO  [ElasticLearner] LearnerRole:102 - Learner recovery: disabled
03:20:03,009 INFO  [ElasticLearner] LearnerRole:108 - Learner auto_trim: disabled
03:20:03,017 INFO  [main-EventThread] RingManager:133 - RingManager ring 1 changed: [1, 2, 13, 14] (succsessor: 1 at /10.10.1.3:2485)
03:20:03,036 INFO  [main] Replica:188 - Token [0], ringId [null], nodeId [14], snapshot_modulo [0], zoo_host [10.10.1.1], pathPrefix[/media/disk5/], path [/media/disk5/4e2b9280-fcfd-4c41-9333-34eb919cc48b], embebedLog [false], useDiskDb [true] with complex constructor
1710926403036, 0, 0
Reading from stdin
1710926404037, 0, 0
1710926405037, 0, 0
1710926406038, 0, 0
1710926407038, 0, 0
1710926408039, 10287, 10287
1710926409039, 39775, 50062
1710926410040, 38278, 88340
1710926411040, 39917, 128257
1710926412041, 18723, 146980
1710926413042, 36212, 183192
1710926414042, 42814, 226006
1710926415043, 50259, 276265
1710926416044, 35083, 311348
1710926417044, 38894, 350242
1710926418164, 30165, 380407
1710926419165, 35189, 415596
1710926420166, 52285, 467881
1710926421166, 44071, 511952
1710926422167, 45924, 557876
1710926423168, 57552, 615428
1710926424173, 34973, 650401
1710926425174, 43235, 693636
1710926426174, 52433, 746069
1710926427175, 44162, 790231
1710926428176, 25049, 815280
1710926429177, 31913, 847193
1710926430178, 38851, 886044
1710926431179, 40520, 926564
1710926432180, 39176, 965740
1710926433180, 33245, 998985
1710926434181, 53110, 1052095
1710926435182, 48317, 1100412
1710926436182, 33400, 1133812
1710926437183, 36400, 1170212
1710926438184, 37672, 1207884
1710926439184, 24461, 1232345
1710926440185, 0, 1232345
1710926441185, 0, 1232345
1710926442186, 0, 1232345
1710926443186, 0, 1232345
1710926444187, 0, 1232345
1710926445187, 0, 1232345
1710926446187, 0, 1232345
1710926447188, 0, 1232345
1710926448188, 0, 1232345
03:20:48,846 ERROR [main-EventThread] RingManager:232 - org.apache.zookeeper.KeeperException$SessionExpiredException: KeeperErrorCode = Session expired for /ringpaxos/topology1/nodes
03:20:48,946 ERROR [main-EventThread] TopologyManager:465 - org.apache.zookeeper.KeeperException$SessionExpiredException: KeeperErrorCode = Session expired for /ringpaxos/topology1/learners
03:20:48,947 ERROR [main-EventThread] TopologyManager:465 - org.apache.zookeeper.KeeperException$SessionExpiredException: KeeperErrorCode = Session expired for /ringpaxos/topology1/nodes
03:20:48,948 ERROR [main-EventThread] RingManager:232 - org.apache.zookeeper.KeeperException$SessionExpiredException: KeeperErrorCode = Session expired for /ringpaxos/topology1/nodes
1710926449188, 13, 1232358
1710926450188, 0, 1232358
