03:20:02,634 INFO  [main] RawABListener:48 - Initing a RawABListener...
03:20:02,652 INFO  [main] Node:101 - PID: 121967
03:20:02,849 INFO  [main] NetworkManager:117 - NetworkManager tcp_nodelay: true
03:20:02,854 INFO  [main] NetworkManager:123 - NetworkManager tcp_crc: false
03:20:02,854 INFO  [main] NetworkManager:127 - NetworkManager buf_size: 2097152
03:20:02,875 INFO  [main] ElasticLearnerRole:93 - ElasticLearnerRole replication group 2
03:20:02,876 INFO  [main] ElasticLearnerRole:97 - ElasticLearnerRole initial ring 2
03:20:02,878 INFO  [main] ElasticLearnerRole:102 - ElasticLearnerRole deliver_skip_messages: enabled
03:20:02,884 INFO  [ElasticLearner] LearnerRole:102 - Learner recovery: disabled
03:20:02,886 INFO  [ElasticLearner] LearnerRole:108 - Learner auto_trim: disabled
03:20:02,892 INFO  [main-EventThread] RingManager:133 - RingManager ring 2 changed: [21, 22, 23, 24] (succsessor: 21 at /10.10.1.3:2865)
03:20:02,922 INFO  [main] Replica:188 - Token [0], ringId [null], nodeId [24], snapshot_modulo [0], zoo_host [10.10.1.1], pathPrefix[/media/disk6/], path [/media/disk6/8eb461e9-5a0b-4d50-b736-d5181fca10ed], embebedLog [false], useDiskDb [true] with complex constructor
1710926402923, 0, 0
Reading from stdin
1710926403924, 0, 0
1710926404925, 0, 0
1710926405925, 0, 0
1710926406926, 0, 0
1710926407926, 4221, 4221
1710926408927, 33363, 37584
1710926409928, 46637, 84221
1710926410928, 37385, 121606
1710926411929, 47366, 168972
1710926412931, 36339, 205311
1710926413932, 47871, 253182
1710926414933, 29883, 283065
1710926415934, 29728, 312793
1710926416934, 55046, 367839
1710926417934, 41431, 409270
1710926418935, 31003, 440273
1710926419936, 39931, 480204
1710926420936, 47942, 528146
1710926421937, 48995, 577141
1710926422937, 28242, 605383
1710926423938, 48688, 654071
1710926424939, 48022, 702093
1710926425939, 46727, 748820
1710926426940, 30498, 779318
1710926427941, 47263, 826581
1710926428942, 53781, 880362
1710926429942, 39204, 919566
1710926430943, 45642, 965208
1710926431943, 43377, 1008585
1710926432944, 40969, 1049554
1710926433944, 44351, 1093905
1710926434945, 36737, 1130642
1710926435945, 52114, 1182756
1710926436946, 56662, 1239418
1710926437946, 39962, 1279380
1710926438946, 42640, 1322020
1710926439947, 2624, 1324644
1710926440948, 0, 1324644
1710926441948, 0, 1324644
1710926442949, 0, 1324644
1710926443949, 0, 1324644
1710926444949, 0, 1324644
1710926445949, 0, 1324644
1710926446950, 0, 1324644
1710926447950, 0, 1324644
03:20:48,846 ERROR [main-EventThread] TopologyManager:465 - org.apache.zookeeper.KeeperException$SessionExpiredException: KeeperErrorCode = Session expired for /ringpaxos/topology2/nodes
03:20:48,946 ERROR [main-EventThread] RingManager:232 - org.apache.zookeeper.KeeperException$SessionExpiredException: KeeperErrorCode = Session expired for /ringpaxos/topology2/nodes
03:20:48,947 ERROR [main-EventThread] TopologyManager:465 - org.apache.zookeeper.KeeperException$SessionExpiredException: KeeperErrorCode = Session expired for /ringpaxos/topology2/learners
1710926448951, 0, 1324644
1710926449951, 0, 1324644
