07:08:04,243 INFO  [main] RawABListener:48 - Initing a RawABListener...
07:08:04,253 INFO  [main] Node:101 - PID: 64564
07:08:04,500 INFO  [main] NetworkManager:117 - NetworkManager tcp_nodelay: true
07:08:04,505 INFO  [main] NetworkManager:123 - NetworkManager tcp_crc: false
07:08:04,505 INFO  [main] NetworkManager:127 - NetworkManager buf_size: 2097152
07:08:04,533 INFO  [main] ElasticLearnerRole:93 - ElasticLearnerRole replication group 1
07:08:04,534 INFO  [main] ElasticLearnerRole:97 - ElasticLearnerRole initial ring 1
07:08:04,534 INFO  [main] ElasticLearnerRole:102 - ElasticLearnerRole deliver_skip_messages: enabled
07:08:04,539 INFO  [ElasticLearner] LearnerRole:102 - Learner recovery: disabled
07:08:04,541 INFO  [ElasticLearner] LearnerRole:108 - Learner auto_trim: disabled
07:08:04,547 INFO  [main-EventThread] RingManager:133 - RingManager ring 1 changed: [1, 2, 13, 14] (succsessor: 1 at /10.10.1.3:2854)
07:08:15,922 INFO  [main] Replica:172 - Token [0], ringId [null], nodeId [14], snapshot_modulo [0], zoo_host [null], path [null], embebedLog [true], useDiskDb [false] with simple constructor
1681996095924, 0, 0
Reading from stdin
1681996096925, 7918, 7918
1681996097925, 9525, 17443
1681996098926, 3900, 21343
1681996099927, 3954, 25297
1681996100928, 3928, 29225
1681996101928, 3973, 33198
1681996102928, 3921, 37119
1681996103929, 3975, 41094
1681996104930, 3972, 45066
1681996105930, 3943, 49009
1681996106931, 3970, 52979
1681996107931, 4008, 56987
1681996108932, 4002, 60989
1681996109932, 3920, 64909
1681996110932, 3938, 68847
1681996111933, 3953, 72800
1681996112933, 3954, 76754
1681996113934, 3975, 80729
1681996114934, 4015, 84744
1681996115935, 4012, 88756
1681996116935, 3967, 92723
1681996117936, 4017, 96740
1681996118936, 3969, 100709
1681996119936, 400, 101109
07:08:40,515 ERROR [main-EventThread] TopologyManager:465 - org.apache.zookeeper.KeeperException$SessionExpiredException: KeeperErrorCode = Session expired for /ringpaxos/topology1/nodes
07:08:40,616 ERROR [main-EventThread] RingManager:232 - org.apache.zookeeper.KeeperException$SessionExpiredException: KeeperErrorCode = Session expired for /ringpaxos/topology1/nodes
07:08:40,616 ERROR [main-EventThread] TopologyManager:465 - org.apache.zookeeper.KeeperException$SessionExpiredException: KeeperErrorCode = Session expired for /ringpaxos/topology1/learners
