07:08:04,241 INFO  [main] RawABListener:48 - Initing a RawABListener...
07:08:04,250 INFO  [main] Node:101 - PID: 42538
07:08:04,430 INFO  [main] NetworkManager:117 - NetworkManager tcp_nodelay: true
07:08:04,433 INFO  [main] NetworkManager:123 - NetworkManager tcp_crc: false
07:08:04,433 INFO  [main] NetworkManager:127 - NetworkManager buf_size: 2097152
07:08:04,449 INFO  [main] ElasticLearnerRole:93 - ElasticLearnerRole replication group 1
07:08:04,449 INFO  [main] ElasticLearnerRole:97 - ElasticLearnerRole initial ring 1
07:08:04,450 INFO  [main] ElasticLearnerRole:102 - ElasticLearnerRole deliver_skip_messages: enabled
07:08:04,457 INFO  [ElasticLearner] LearnerRole:102 - Learner recovery: disabled
07:08:04,459 INFO  [ElasticLearner] LearnerRole:108 - Learner auto_trim: disabled
07:08:04,464 INFO  [main-EventThread] RingManager:133 - RingManager ring 1 changed: [1, 2, 13] (succsessor: 1 at /10.10.1.3:2854)
07:08:04,523 INFO  [main-EventThread] RingManager:133 - RingManager ring 1 changed: [1, 2, 13, 14] (succsessor: 14 at /10.10.1.6:2313)
07:08:13,378 INFO  [main] Replica:172 - Token [0], ringId [null], nodeId [13], snapshot_modulo [0], zoo_host [null], path [null], embebedLog [true], useDiskDb [false] with simple constructor
1681996093379, 0, 0
Reading from stdin
1681996094379, 3623, 3623
1681996095380, 3903, 7526
1681996096380, 3871, 11397
1681996097381, 3930, 15327
1681996098381, 3841, 19168
1681996099382, 3983, 23151
1681996100382, 3954, 27105
1681996101382, 3945, 31050
1681996102383, 3910, 34960
1681996103383, 3970, 38930
1681996104383, 3986, 42916
1681996105383, 3926, 46842
1681996106384, 3969, 50811
1681996107385, 3999, 54810
1681996108385, 3970, 58780
1681996109385, 3979, 62759
1681996110386, 3950, 66709
1681996111386, 3958, 70667
1681996112387, 3927, 74594
1681996113387, 3985, 78579
1681996114387, 3981, 82560
1681996115388, 4036, 86596
1681996116388, 3936, 90532
1681996117388, 4037, 94569
1681996118388, 3948, 98517
1681996119389, 2592, 101109
1681996120389, 0, 101109
07:08:40,511 ERROR [main-EventThread] TopologyManager:465 - org.apache.zookeeper.KeeperException$SessionExpiredException: KeeperErrorCode = Session expired for /ringpaxos/topology1/nodes
07:08:40,610 ERROR [main-EventThread] RingManager:232 - org.apache.zookeeper.KeeperException$SessionExpiredException: KeeperErrorCode = Session expired for /ringpaxos/topology1/nodes
07:08:40,610 ERROR [main-EventThread] TopologyManager:465 - org.apache.zookeeper.KeeperException$SessionExpiredException: KeeperErrorCode = Session expired for /ringpaxos/topology1/learners
