18:34:26,205 INFO  [main] RawABListener:48 - Initing a RawABListener...
18:34:26,215 INFO  [main] Node:101 - PID: 22737
18:34:26,464 INFO  [main] NetworkManager:117 - NetworkManager tcp_nodelay: true
18:34:26,470 INFO  [main] NetworkManager:123 - NetworkManager tcp_crc: false
18:34:26,470 INFO  [main] NetworkManager:127 - NetworkManager buf_size: 2097152
18:34:26,499 INFO  [main] ElasticLearnerRole:93 - ElasticLearnerRole replication group 3
18:34:26,499 INFO  [main] ElasticLearnerRole:97 - ElasticLearnerRole initial ring 3
18:34:26,500 INFO  [main] ElasticLearnerRole:102 - ElasticLearnerRole deliver_skip_messages: enabled
18:34:26,506 INFO  [ElasticLearner] LearnerRole:102 - Learner recovery: disabled
18:34:26,509 INFO  [ElasticLearner] LearnerRole:108 - Learner auto_trim: disabled
18:34:26,513 INFO  [main-EventThread] RingManager:133 - RingManager ring 3 changed: [31, 32, 34] (succsessor: 31 at /10.10.1.3:2016)
18:34:26,610 INFO  [main-EventThread] RingManager:133 - RingManager ring 3 changed: [31, 32, 33, 34] (succsessor: 31 at /10.10.1.3:2016)
18:34:27,427 INFO  [main] Replica:172 - Token [0], ringId [null], nodeId [34], snapshot_modulo [0], zoo_host [null], path [null], embebedLog [false], useDiskDb [true] with simple constructor
1681605267428, 0, 0
Reading from stdin
1681605268429, 0, 0
1681605269429, 0, 0
1681605270430, 0, 0
1681605271430, 0, 0
18:34:31,782 INFO  [main-EventThread] RingManager:133 - RingManager ring 3 changed: [6, 31, 32, 33, 34] (succsessor: 6 at /10.10.1.6:2768)
18:34:31,783 ERROR [TCPListener] SessionHandler:104 - Error in SessionHandler during de-serializing!
java.lang.IndexOutOfBoundsException: Index 0 out of bounds for length 0
	at java.base/jdk.internal.util.Preconditions.outOfBounds(Preconditions.java:64)
	at java.base/jdk.internal.util.Preconditions.outOfBoundsCheckIndex(Preconditions.java:70)
	at java.base/jdk.internal.util.Preconditions.checkIndex(Preconditions.java:248)
	at java.base/java.util.Objects.checkIndex(Objects.java:373)
	at java.base/java.util.ArrayList.get(ArrayList.java:426)
	at ch.usi.da.paxos.ring.RingManager.getRingSuccessor(RingManager.java:169)
	at ch.usi.da.paxos.ring.NetworkManager.receive(NetworkManager.java:172)
	at ch.usi.da.paxos.ring.SessionHandler.handleReadable(SessionHandler.java:99)
	at ch.usi.da.paxos.ring.TCPListener.run(TCPListener.java:89)
	at java.base/java.lang.Thread.run(Thread.java:830)
18:34:31,803 ERROR [TCPListener] LearnerRole:219 - Learner received decision without value! [Decision from:32 to:Learner instance:374 ballot:41 v_ballot:0 value:<none> (762505147965931)]
18:34:31,876 INFO  [main-EventThread] RingManager:133 - RingManager ring 3 changed: [6, 7, 31, 32, 33, 34] (succsessor: 6 at /10.10.1.6:2768)
1681605272431, 492, 492
18:34:32,521 WARN  [Learner-3] LearnerRole:133 - Learner re-request missing instance 374
18:34:32,521 WARN  [Learner-3] LearnerRole:133 - Learner re-request missing instance 375
1681605273431, 1797, 2289
1681605274432, 1915, 4204
1681605275433, 2062, 6266
1681605276433, 2027, 8293
1681605277435, 1916, 10209
1681605278436, 2054, 12263
1681605279436, 2031, 14294
1681605280437, 2010, 16304
1681605281437, 2061, 18365
1681605282438, 2072, 20437
1681605283438, 2046, 22483
1681605284439, 2040, 24523
1681605285439, 2025, 26548
1681605286440, 2056, 28604
1681605287441, 1999, 30603
1681605288441, 1972, 32575
1681605289442, 2047, 34622
1681605290442, 2035, 36657
1681605291443, 2046, 38703
1681605292446, 2049, 40752
1681605293447, 2042, 42794
1681605294447, 2033, 44827
1681605295448, 1831, 46658
1681605296449, 2062, 48720
1681605297449, 1891, 50611
1681605298450, 2054, 52665
1681605299450, 2024, 54689
1681605300451, 2030, 56719
1681605301452, 1093, 57812
1681605302452, 0, 57812
18:35:02,552 ERROR [main-EventThread] TopologyManager:465 - org.apache.zookeeper.KeeperException$SessionExpiredException: KeeperErrorCode = Session expired for /ringpaxos/topology3/nodes
18:35:02,651 ERROR [main-EventThread] RingManager:232 - org.apache.zookeeper.KeeperException$SessionExpiredException: KeeperErrorCode = Session expired for /ringpaxos/topology3/nodes
18:35:02,651 ERROR [main-EventThread] TopologyManager:465 - org.apache.zookeeper.KeeperException$SessionExpiredException: KeeperErrorCode = Session expired for /ringpaxos/topology3/learners
