18:34:26,347 INFO  [main] RawABListener:48 - Initing a RawABListener...
18:34:26,356 INFO  [main] Node:101 - PID: 29111
18:34:26,572 INFO  [main] NetworkManager:117 - NetworkManager tcp_nodelay: true
18:34:26,578 INFO  [main] NetworkManager:123 - NetworkManager tcp_crc: false
18:34:26,579 INFO  [main] NetworkManager:127 - NetworkManager buf_size: 2097152
18:34:26,605 INFO  [main] ElasticLearnerRole:93 - ElasticLearnerRole replication group 2
18:34:26,606 INFO  [main] ElasticLearnerRole:97 - ElasticLearnerRole initial ring 2
18:34:26,607 INFO  [main] ElasticLearnerRole:102 - ElasticLearnerRole deliver_skip_messages: enabled
18:34:26,612 INFO  [ElasticLearner] LearnerRole:102 - Learner recovery: disabled
18:34:26,615 INFO  [ElasticLearner] LearnerRole:108 - Learner auto_trim: disabled
18:34:26,619 INFO  [main-EventThread] RingManager:133 - RingManager ring 2 changed: [21, 22, 23, 24] (succsessor: 24 at /10.10.1.6:2407)
18:34:27,783 INFO  [main] Replica:172 - Token [0], ringId [null], nodeId [23], snapshot_modulo [0], zoo_host [null], path [null], embebedLog [false], useDiskDb [true] with simple constructor
1681605267784, 0, 0
Reading from stdin
1681605268785, 0, 0
1681605269786, 0, 0
1681605270786, 0, 0
18:34:31,567 INFO  [main-EventThread] RingManager:133 - RingManager ring 2 changed: [5, 21, 22, 23, 24] (succsessor: 24 at /10.10.1.6:2407)
18:34:31,628 WARN  [Learner-2] LearnerRole:133 - Learner re-request missing instance 50
18:34:31,655 INFO  [main-EventThread] RingManager:133 - RingManager ring 2 changed: [5, 6, 21, 22, 23, 24] (succsessor: 24 at /10.10.1.6:2407)
1681605271787, 235, 235
1681605272788, 1915, 2150
1681605273788, 2011, 4161
1681605274790, 1987, 6148
1681605275791, 2010, 8158
1681605276793, 2025, 10183
1681605277793, 1995, 12178
1681605278794, 2021, 14199
1681605279795, 2010, 16209
1681605280795, 2019, 18228
1681605281796, 2016, 20244
1681605282797, 2019, 22263
1681605283798, 1980, 24243
1681605284798, 2024, 26267
1681605285799, 1979, 28246
1681605286800, 1942, 30188
1681605287800, 2042, 32230
1681605288801, 2021, 34251
1681605289802, 1939, 36190
1681605290803, 2055, 38245
1681605291803, 2027, 40272
1681605292804, 2020, 42292
1681605293804, 2005, 44297
1681605294805, 1996, 46293
1681605295805, 2005, 48298
1681605296806, 1916, 50214
1681605297807, 2038, 52252
1681605298807, 2022, 54274
1681605299808, 1974, 56248
1681605300808, 1994, 58242
1681605301809, 407, 58649
18:35:02,538 ERROR [main-EventThread] TopologyManager:465 - org.apache.zookeeper.KeeperException$SessionExpiredException: KeeperErrorCode = Session expired for /ringpaxos/topology2/nodes
18:35:02,637 ERROR [main-EventThread] RingManager:232 - org.apache.zookeeper.KeeperException$SessionExpiredException: KeeperErrorCode = Session expired for /ringpaxos/topology2/nodes
18:35:02,638 ERROR [main-EventThread] TopologyManager:465 - org.apache.zookeeper.KeeperException$SessionExpiredException: KeeperErrorCode = Session expired for /ringpaxos/topology2/learners
