03:28:00,223 INFO  [main] RawABListener:48 - Initing a RawABListener...
03:28:00,233 INFO  [main] Node:101 - PID: 113684
03:28:00,454 INFO  [main] NetworkManager:117 - NetworkManager tcp_nodelay: true
03:28:00,458 INFO  [main] NetworkManager:123 - NetworkManager tcp_crc: false
03:28:00,459 INFO  [main] NetworkManager:127 - NetworkManager buf_size: 2097152
03:28:00,484 INFO  [main] ElasticLearnerRole:93 - ElasticLearnerRole replication group 1
03:28:00,485 INFO  [main] ElasticLearnerRole:97 - ElasticLearnerRole initial ring 1
03:28:00,486 INFO  [main] ElasticLearnerRole:102 - ElasticLearnerRole deliver_skip_messages: enabled
03:28:00,492 INFO  [ElasticLearner] LearnerRole:102 - Learner recovery: disabled
03:28:00,495 INFO  [ElasticLearner] LearnerRole:108 - Learner auto_trim: disabled
03:28:00,497 INFO  [main-EventThread] RingManager:133 - RingManager ring 1 changed: [1, 2, 13, 14] (succsessor: 14 at /10.10.1.6:2595)
03:28:00,526 INFO  [main] Replica:188 - Token [0], ringId [null], nodeId [13], snapshot_modulo [0], zoo_host [10.10.1.1], pathPrefix[/media/disk1/], path [/media/disk1/4231a2ae-6955-4e1b-81ae-99a064c8f2e9], embebedLog [false], useDiskDb [false] with complex constructor
1710926880526, 0, 0
Reading from stdin
1710926881527, 0, 0
1710926882528, 0, 0
1710926883528, 0, 0
03:28:03,996 INFO  [main-EventThread] RingManager:133 - RingManager ring 1 changed: [1, 2, 4, 13, 14] (succsessor: 14 at /10.10.1.6:2595)
1710926884528, 0, 0
1710926885529, 6095, 6095
1710926886529, 41418, 47513
1710926887530, 35708, 83221
1710926888531, 27732, 110953
1710926889532, 31562, 142515
1710926890533, 36031, 178546
1710926891533, 36716, 215262
1710926892535, 38280, 253542
1710926893535, 25482, 279024
1710926894536, 19873, 298897
1710926895536, 38751, 337648
1710926896537, 43187, 380835
1710926897539, 43738, 424573
1710926898539, 67361, 491934
1710926899540, 72818, 564752
1710926900541, 66159, 630911
1710926901541, 69819, 700730
1710926902542, 31399, 732129
1710926903543, 52814, 784943
1710926904546, 45902, 830845
1710926905547, 38387, 869232
1710926906548, 35803, 905035
1710926907549, 64953, 969988
1710926908640, 42048, 1012036
1710926909641, 90650, 1102686
1710926910642, 67531, 1170217
1710926911643, 61224, 1231441
1710926912643, 64080, 1295521
1710926913644, 80650, 1376171
1710926914644, 96356, 1472527
1710926915645, 35500, 1508027
1710926916647, 23733, 1531760
1710926917648, 4709, 1536469
1710926918648, 0, 1536469
1710926919649, 27, 1536496
1710926920649, 0, 1536496
1710926921649, 0, 1536496
1710926922650, 0, 1536496
1710926923650, 18, 1536514
1710926924650, 0, 1536514
1710926925651, 0, 1536514
1710926926651, 0, 1536514
1710926927651, 0, 1536514
1710926928652, 0, 1536514
1710926929652, 0, 1536514
1710926930652, 0, 1536514
1710926931653, 0, 1536514
1710926932653, 0, 1536514
1710926933653, 0, 1536514
1710926934653, 0, 1536514
1710926935654, 0, 1536514
1710926936654, 0, 1536514
1710926937654, 0, 1536514
03:28:58,347 ERROR [main-EventThread] TopologyManager:465 - org.apache.zookeeper.KeeperException$SessionExpiredException: KeeperErrorCode = Session expired for /ringpaxos/topology1/nodes
03:28:58,445 ERROR [main-EventThread] RingManager:232 - org.apache.zookeeper.KeeperException$SessionExpiredException: KeeperErrorCode = Session expired for /ringpaxos/topology1/nodes
03:28:58,445 ERROR [main-EventThread] TopologyManager:465 - org.apache.zookeeper.KeeperException$SessionExpiredException: KeeperErrorCode = Session expired for /ringpaxos/topology1/learners
1710926938655, 0, 1536514
1710926939655, 0, 1536514
1710926940656, 0, 1536514
