21:29:48,728 INFO  [main] RawABListener:48 - Initing a RawABListener...
21:29:48,743 INFO  [main] Node:101 - PID: 40442
21:29:48,974 INFO  [main] NetworkManager:117 - NetworkManager tcp_nodelay: true
21:29:48,979 INFO  [main] NetworkManager:123 - NetworkManager tcp_crc: false
21:29:48,980 INFO  [main] NetworkManager:127 - NetworkManager buf_size: 2097152
21:29:49,001 INFO  [main] ElasticLearnerRole:93 - ElasticLearnerRole replication group 2
21:29:49,003 INFO  [main] ElasticLearnerRole:97 - ElasticLearnerRole initial ring 2
21:29:49,006 INFO  [main] ElasticLearnerRole:102 - ElasticLearnerRole deliver_skip_messages: enabled
21:29:49,011 INFO  [ElasticLearner] LearnerRole:102 - Learner recovery: disabled
21:29:49,013 INFO  [ElasticLearner] LearnerRole:108 - Learner auto_trim: disabled
21:29:49,024 INFO  [main-EventThread] RingManager:133 - RingManager ring 2 changed: [21, 22, 24] (succsessor: 21 at /155.98.36.29:2273)
21:29:49,041 INFO  [main] Replica:181 - Token [0], ringId [null], nodeId [24], snapshot_modulo [0], zoo_host [null], path [null], embebedLog [false], useDiskDb [false] with simple constructor
1710300589042, 0, 0
Reading from stdin
21:29:49,192 INFO  [main-EventThread] RingManager:133 - RingManager ring 2 changed: [21, 22, 23, 24] (succsessor: 21 at /155.98.36.29:2273)
1710300590043, 0, 0
1710300591043, 0, 0
1710300592044, 0, 0
21:29:52,852 INFO  [main-EventThread] RingManager:133 - RingManager ring 2 changed: [5, 21, 22, 23, 24] (succsessor: 5 at /10.10.1.6:2844)
1710300593044, 0, 0
1710300594045, 639, 639
1710300595045, 12987, 13626
1710300596046, 17280, 30906
1710300597046, 17541, 48447
1710300598047, 17421, 65868
1710300599048, 16686, 82554
1710300600054, 16524, 99078
1710300601054, 17253, 116331
1710300602055, 17586, 133917
1710300603056, 17531, 151448
1710300604057, 16930, 168378
1710300605058, 16803, 185181
1710300606060, 17847, 203028
1710300607061, 17235, 220263
1710300608062, 17604, 237867
1710300609062, 17649, 255516
1710300610063, 17523, 273039
1710300611065, 17811, 290850
1710300612066, 17849, 308699
1710300613067, 17781, 326480
1710300614068, 16930, 343410
1710300615069, 16934, 360344
1710300616070, 18013, 378357
1710300617070, 17664, 396021
1710300618071, 17438, 413459
1710300619072, 17806, 431265
1710300620074, 17334, 448599
1710300621074, 18186, 466785
1710300622093, 16506, 483291
1710300623094, 18522, 501813
1710300624094, 16845, 518658
1710300625095, 0, 518658
1710300626095, 0, 518658
1710300627096, 117, 518775
1710300628096, 0, 518775
1710300629097, 0, 518775
1710300630097, 0, 518775
1710300631098, 0, 518775
1710300632098, 0, 518775
1710300633099, 0, 518775
1710300634099, 0, 518775
21:30:34,743 ERROR [TCPListener] SessionHandler:120 - Error in SessionHandler during reading!
java.nio.channels.ClosedSelectorException
	at java.base/sun.nio.ch.EPollSelectorImpl.ensureOpen(EPollSelectorImpl.java:98)
	at java.base/sun.nio.ch.EPollSelectorImpl.setEventOps(EPollSelectorImpl.java:243)
	at java.base/sun.nio.ch.SelectionKeyImpl.interestOps(SelectionKeyImpl.java:101)
	at ch.usi.da.paxos.ring.SessionHandler.handleReadable(SessionHandler.java:68)
	at ch.usi.da.paxos.ring.TCPListener.run(TCPListener.java:89)
	at java.base/java.lang.Thread.run(Thread.java:830)
21:30:34,747 INFO  [main-EventThread] RingManager:133 - RingManager ring 2 changed: [5, 21, 23, 24] (succsessor: 5 at /10.10.1.6:2844)
21:30:34,859 ERROR [main-EventThread] TopologyManager:465 - org.apache.zookeeper.KeeperException$SessionExpiredException: KeeperErrorCode = Session expired for /ringpaxos/topology2/nodes
21:30:34,859 ERROR [main-EventThread] RingManager:232 - org.apache.zookeeper.KeeperException$SessionExpiredException: KeeperErrorCode = Session expired for /ringpaxos/topology2/nodes
21:30:34,860 ERROR [main-EventThread] TopologyManager:465 - org.apache.zookeeper.KeeperException$SessionExpiredException: KeeperErrorCode = Session expired for /ringpaxos/topology2/learners
1710300635099, 0, 518775
1710300636100, 0, 518775
1710300637100, 0, 518775
