13:16:02,426 INFO  [main] RawABListener:48 - Initing a RawABListener...
13:16:02,435 INFO  [main] Node:101 - PID: 27891
13:16:02,610 INFO  [main] NetworkManager:117 - NetworkManager tcp_nodelay: true
13:16:02,614 INFO  [main] NetworkManager:123 - NetworkManager tcp_crc: false
13:16:02,615 INFO  [main] NetworkManager:127 - NetworkManager buf_size: 2097152
13:16:02,634 INFO  [main] ElasticLearnerRole:93 - ElasticLearnerRole replication group 1
13:16:02,634 INFO  [main] ElasticLearnerRole:97 - ElasticLearnerRole initial ring 1
13:16:02,635 INFO  [main] ElasticLearnerRole:102 - ElasticLearnerRole deliver_skip_messages: enabled
13:16:02,642 INFO  [ElasticLearner] LearnerRole:102 - Learner recovery: disabled
13:16:02,644 INFO  [ElasticLearner] LearnerRole:108 - Learner auto_trim: disabled
13:16:02,649 INFO  [main-EventThread] RingManager:133 - RingManager ring 1 changed: [1, 2, 13, 14, 15] (succsessor: 15 at /10.10.1.7:2787)
13:16:02,665 INFO  [main] Replica:165 - Token [0], ringId [null], nodeId [14], snapshot_modulo [0], zoo_host [null], path [null], embebedLog [true], useDiskDb [true] with simple constructor
1670184962666, 0, 0
Reading from stdin
1670184963666, 0, 0
1670184964667, 0, 0
1670184965667, 0, 0
1670184966668, 0, 0
1670184967668, 77, 77
1670184968668, 985, 1062
1670184969669, 1000, 2062
1670184970669, 980, 3042
1670184971670, 1005, 4047
1670184972670, 1010, 5057
1670184973671, 1021, 6078
1670184974671, 1010, 7088
1670184975672, 1017, 8105
1670184976672, 996, 9101
1670184977673, 1005, 10106
1670184978676, 1041, 11147
1670184979676, 1005, 12152
1670184980676, 1020, 13172
1670184981677, 1060, 14232
1670184982677, 1019, 15251
1670184983677, 1054, 16305
1670184984678, 999, 17304
1670184985679, 1000, 18304
1670184986679, 1025, 19329
1670184987679, 1011, 20340
1670184988680, 1021, 21361
1670184989680, 1007, 22368
1670184990681, 1011, 23379
1670184991681, 1036, 24415
1670184992682, 1004, 25419
1670184993682, 1002, 26421
1670184994683, 1013, 27434
1670184995683, 1014, 28448
1670184996683, 997, 29445
1670184997684, 984, 30429
1670184998684, 998, 31427
1670184999685, 984, 32411
1670185000685, 1018, 33429
1670185001686, 1030, 34459
1670185002686, 1008, 35467
1670185003686, 994, 36461
1670185004687, 1032, 37493
1670185005687, 1019, 38512
1670185006688, 1016, 39528
1670185007689, 1015, 40543
1670185008689, 1001, 41544
1670185009689, 987, 42531
1670185010690, 1029, 43560
1670185011690, 997, 44557
1670185012690, 1009, 45566
1670185013691, 1024, 46590
1670185014691, 1018, 47608
1670185015691, 1007, 48615
1670185016691, 1025, 49640
1670185017692, 1019, 50659
1670185018692, 1019, 51678
1670185019693, 1024, 52702
1670185020693, 1000, 53702
1670185021694, 1005, 54707
1670185022694, 984, 55691
1670185023695, 1026, 56717
1670185024695, 1027, 57744
1670185025695, 1026, 58770
1670185026696, 1010, 59780
1670185027696, 1002, 60782
1670185028696, 978, 61760
1670185029697, 988, 62748
1670185030697, 1045, 63793
1670185031697, 1002, 64795
1670185032698, 1030, 65825
1670185033698, 1037, 66862
1670185034698, 1011, 67873
1670185035699, 1025, 68898
1670185036699, 1036, 69934
1670185037699, 1014, 70948
1670185038700, 1018, 71966
1670185039701, 1004, 72970
1670185040701, 1021, 73991
1670185041701, 1032, 75023
1670185042702, 1003, 76026
1670185043702, 1002, 77028
1670185044702, 996, 78024
1670185045703, 1015, 79039
1670185046703, 977, 80016
1670185047704, 1004, 81020
1670185048704, 1037, 82057
1670185049704, 1019, 83076
1670185050704, 1047, 84123
1670185051705, 1028, 85151
1670185052705, 1007, 86158
1670185053706, 1024, 87182
1670185054706, 1021, 88203
1670185055706, 1021, 89224
1670185056707, 1017, 90241
1670185057707, 322, 90563
1670185058707, 0, 90563
1670185059707, 0, 90563
1670185060708, 0, 90563
1670185061708, 0, 90563
1670185062708, 0, 90563
1670185063708, 0, 90563
1670185064709, 0, 90563
1670185065709, 0, 90563
13:17:46,006 INFO  [main-EventThread] RingManager:133 - RingManager ring 1 changed: [1, 2, 14, 15] (succsessor: 15 at /10.10.1.7:2787)
1670185066709, 0, 90563
1670185067709, 0, 90563
1670185068710, 0, 90563
1670185069710, 0, 90563
1670185070710, 0, 90563
1670185071710, 0, 90563
13:17:52,006 INFO  [main-EventThread] RingManager:133 - RingManager ring 1 changed: [2, 14, 15] (succsessor: 15 at /10.10.1.7:2787)
1670185072711, 0, 90563
1670185073711, 0, 90563
13:17:54,005 INFO  [main-EventThread] RingManager:133 - RingManager ring 1 changed: [14, 15] (succsessor: 15 at /10.10.1.7:2787)
1670185074711, 0, 90563
