17:47:19,786 INFO  [main] RawABListener:48 - Initing a RawABListener...
17:47:19,796 INFO  [main] Node:101 - PID: 14663
17:47:19,996 INFO  [main] NetworkManager:117 - NetworkManager tcp_nodelay: true
17:47:20,001 INFO  [main] NetworkManager:123 - NetworkManager tcp_crc: false
17:47:20,002 INFO  [main] NetworkManager:127 - NetworkManager buf_size: 2097152
17:47:20,021 INFO  [main] ElasticLearnerRole:93 - ElasticLearnerRole replication group 1
17:47:20,023 INFO  [main] ElasticLearnerRole:97 - ElasticLearnerRole initial ring 1
17:47:20,023 INFO  [main] ElasticLearnerRole:102 - ElasticLearnerRole deliver_skip_messages: enabled
17:47:20,030 INFO  [ElasticLearner] LearnerRole:102 - Learner recovery: disabled
17:47:20,032 INFO  [ElasticLearner] LearnerRole:108 - Learner auto_trim: disabled
17:47:20,038 INFO  [main-EventThread] RingManager:133 - RingManager ring 1 changed: [1, 2, 13] (succsessor: 1 at /10.10.1.3:2897)
17:47:20,064 INFO  [main] Replica:172 - Token [0], ringId [null], nodeId [13], snapshot_modulo [0], zoo_host [null], path [null], embebedLog [false], useDiskDb [true] with simple constructor
1681602440065, 0, 0
Reading from stdin
17:47:20,117 INFO  [main-EventThread] RingManager:133 - RingManager ring 1 changed: [1, 2, 13, 14] (succsessor: 14 at /10.10.1.6:2189)
1681602441065, 0, 0
1681602442066, 0, 0
1681602443068, 0, 0
1681602444068, 0, 0
1681602445069, 527, 527
1681602446069, 6104, 6631
1681602447070, 8515, 15146
1681602448070, 8010, 23156
1681602449071, 6318, 29474
1681602450071, 4846, 34320
1681602451072, 5271, 39591
1681602452072, 5031, 44622
1681602453072, 5050, 49672
1681602454073, 4910, 54582
1681602455073, 4388, 58970
1681602456073, 5561, 64531
1681602457074, 5160, 69691
1681602458074, 5238, 74929
1681602459074, 6608, 81537
1681602460075, 7634, 89171
1681602461075, 9959, 99130
1681602462076, 8532, 107662
1681602463076, 6524, 114186
1681602464077, 8486, 122672
1681602465077, 6483, 129155
1681602466078, 8850, 138005
1681602467078, 8260, 146265
1681602468079, 8262, 154527
1681602469079, 9216, 163743
1681602470080, 5017, 168760
1681602471080, 8514, 177274
1681602472081, 7584, 184858
1681602473081, 7670, 192528
1681602474081, 8200, 200728
1681602475082, 2208, 202936
17:47:55,595 ERROR [TCPListener] SessionHandler:120 - Error in SessionHandler during reading!
java.nio.channels.ClosedSelectorException
	at java.base/sun.nio.ch.EPollSelectorImpl.ensureOpen(EPollSelectorImpl.java:98)
	at java.base/sun.nio.ch.EPollSelectorImpl.setEventOps(EPollSelectorImpl.java:243)
	at java.base/sun.nio.ch.SelectionKeyImpl.interestOps(SelectionKeyImpl.java:101)
	at ch.usi.da.paxos.ring.SessionHandler.handleReadable(SessionHandler.java:68)
	at ch.usi.da.paxos.ring.TCPListener.run(TCPListener.java:89)
	at java.base/java.lang.Thread.run(Thread.java:830)
17:47:55,605 ERROR [main-EventThread] TopologyManager:387 - org.apache.zookeeper.KeeperException$SessionExpiredException: KeeperErrorCode = Session expired for /ringpaxos/topology1/nodes/1
17:47:55,607 INFO  [main-EventThread] RingManager:133 - RingManager ring 1 changed: [1, 13] (succsessor: 1 at null)
17:47:55,613 ERROR [main-EventThread] ClientCnxn:537 - Error while calling watcher 
java.lang.NullPointerException
	at java.base/sun.nio.ch.Net.checkAddress(Net.java:126)
	at java.base/sun.nio.ch.SocketChannelImpl.checkRemote(SocketChannelImpl.java:706)
	at java.base/sun.nio.ch.SocketChannelImpl.connect(SocketChannelImpl.java:720)
	at ch.usi.da.paxos.ring.NetworkManager.connectClient(NetworkManager.java:291)
	at ch.usi.da.paxos.ring.RingManager.notifyRingChanged(RingManager.java:136)
	at ch.usi.da.paxos.ring.RingManager.process(RingManager.java:210)
	at org.apache.zookeeper.ClientCnxn$EventThread.processEvent(ClientCnxn.java:535)
	at org.apache.zookeeper.ClientCnxn$EventThread.run(ClientCnxn.java:510)
17:47:55,707 ERROR [main-EventThread] TopologyManager:465 - org.apache.zookeeper.KeeperException$SessionExpiredException: KeeperErrorCode = Session expired for /ringpaxos/topology1/learners
17:47:55,707 ERROR [main-EventThread] TopologyManager:465 - org.apache.zookeeper.KeeperException$SessionExpiredException: KeeperErrorCode = Session expired for /ringpaxos/topology1/nodes
17:47:55,708 ERROR [main-EventThread] RingManager:232 - org.apache.zookeeper.KeeperException$SessionExpiredException: KeeperErrorCode = Session expired for /ringpaxos/topology1/nodes
17:47:55,708 ERROR [main-EventThread] TopologyManager:465 - org.apache.zookeeper.KeeperException$SessionExpiredException: KeeperErrorCode = Session expired for /ringpaxos/topology1/nodes
17:47:55,708 ERROR [main-EventThread] RingManager:232 - org.apache.zookeeper.KeeperException$SessionExpiredException: KeeperErrorCode = Session expired for /ringpaxos/topology1/nodes
