20:44:39,316 INFO  [main] RawABListener:48 - Initing a RawABListener...
20:44:39,326 INFO  [main] Node:101 - PID: 30357
20:44:39,540 INFO  [main] NetworkManager:117 - NetworkManager tcp_nodelay: true
20:44:39,545 INFO  [main] NetworkManager:123 - NetworkManager tcp_crc: false
20:44:39,546 INFO  [main] NetworkManager:127 - NetworkManager buf_size: 2097152
20:44:39,576 INFO  [main] ElasticLearnerRole:93 - ElasticLearnerRole replication group 1
20:44:39,577 INFO  [main] ElasticLearnerRole:97 - ElasticLearnerRole initial ring 1
20:44:39,578 INFO  [main] ElasticLearnerRole:102 - ElasticLearnerRole deliver_skip_messages: enabled
20:44:39,582 INFO  [ElasticLearner] LearnerRole:102 - Learner recovery: disabled
20:44:39,584 INFO  [ElasticLearner] LearnerRole:108 - Learner auto_trim: disabled
20:44:39,587 INFO  [main-EventThread] RingManager:133 - RingManager ring 1 changed: [1, 2, 13] (succsessor: 1 at /10.10.1.3:2892)
20:44:39,612 INFO  [main] Replica:188 - Token [0], ringId [null], nodeId [13], snapshot_modulo [0], zoo_host [10.10.1.1], pathPrefix[/media/disk1/], path [/media/disk1/b976108e-2528-47ce-8feb-a406c1f5b92e], embebedLog [false], useDiskDb [false] with complex constructor
1710902679612, 0, 0
Reading from stdin
20:44:39,689 INFO  [main-EventThread] RingManager:133 - RingManager ring 1 changed: [1, 2, 13, 14] (succsessor: 14 at /10.10.1.6:2746)
1710902680613, 0, 0
1710902681613, 0, 0
1710902682614, 0, 0
1710902683614, 0, 0
1710902684615, 8742, 8742
1710902685615, 52393, 61135
1710902686616, 49937, 111072
1710902687617, 37227, 148299
1710902688618, 33336, 181635
1710902689621, 39682, 221317
1710902690623, 39787, 261104
1710902691624, 40261, 301365
1710902692625, 38147, 339512
1710902693625, 36547, 376059
1710902694626, 47134, 423193
1710902695627, 80711, 503904
1710902696627, 82767, 586671
1710902697629, 79246, 665917
1710902698630, 76113, 742030
1710902699630, 62257, 804287
1710902700631, 62073, 866360
1710902701632, 55831, 922191
1710902702632, 51452, 973643
1710902703790, 48572, 1022215
1710902704791, 57188, 1079403
1710902705793, 64379, 1143782
1710902706794, 59125, 1202907
1710902707813, 81836, 1284743
1710902708814, 79331, 1364074
1710902709816, 68293, 1432367
1710902710816, 80257, 1512624
1710902711817, 97316, 1609940
1710902712817, 95182, 1705122
1710902713818, 62588, 1767710
1710902714819, 20071, 1787781
1710902715820, 0, 1787781
1710902716820, 0, 1787781
1710902717820, 0, 1787781
1710902718821, 126, 1787907
1710902719821, 18, 1787925
1710902720822, 0, 1787925
1710902721822, 0, 1787925
1710902722822, 72, 1787997
1710902723823, 0, 1787997
1710902724823, 0, 1787997
20:45:25,619 ERROR [main-EventThread] TopologyManager:465 - org.apache.zookeeper.KeeperException$SessionExpiredException: KeeperErrorCode = Session expired for /ringpaxos/topology1/nodes
20:45:25,720 ERROR [main-EventThread] RingManager:232 - org.apache.zookeeper.KeeperException$SessionExpiredException: KeeperErrorCode = Session expired for /ringpaxos/topology1/nodes
20:45:25,720 ERROR [main-EventThread] TopologyManager:465 - org.apache.zookeeper.KeeperException$SessionExpiredException: KeeperErrorCode = Session expired for /ringpaxos/topology1/learners
1710902725823, 0, 1787997
