05:46:37,946 INFO  [main] RawABListener:48 - Initing a RawABListener...
05:46:37,956 INFO  [main] Node:101 - PID: 110394
05:46:38,178 INFO  [main] NetworkManager:117 - NetworkManager tcp_nodelay: true
05:46:38,184 INFO  [main] NetworkManager:123 - NetworkManager tcp_crc: false
05:46:38,184 INFO  [main] NetworkManager:127 - NetworkManager buf_size: 2097152
05:46:38,209 INFO  [main] ElasticLearnerRole:93 - ElasticLearnerRole replication group 1
05:46:38,209 INFO  [main] ElasticLearnerRole:97 - ElasticLearnerRole initial ring 1
05:46:38,210 INFO  [main] ElasticLearnerRole:102 - ElasticLearnerRole deliver_skip_messages: enabled
05:46:38,215 INFO  [ElasticLearner] LearnerRole:102 - Learner recovery: disabled
05:46:38,217 INFO  [ElasticLearner] LearnerRole:108 - Learner auto_trim: disabled
05:46:38,219 INFO  [main-EventThread] RingManager:133 - RingManager ring 1 changed: [1, 2, 14] (succsessor: 1 at /155.98.36.29:2673)
05:46:38,243 INFO  [main] Replica:188 - Token [0], ringId [null], nodeId [14], snapshot_modulo [0], zoo_host [10.10.1.1], pathPrefix[/media/disk5/], path [/media/disk5/5436348a-685f-40e7-8d36-a0adab0232a4], embebedLog [false], useDiskDb [false] with complex constructor
1710330398243, 0, 0
Reading from stdin
05:46:38,324 INFO  [main-EventThread] RingManager:133 - RingManager ring 1 changed: [1, 2, 13, 14] (succsessor: 1 at /155.98.36.29:2673)
1710330399244, 0, 0
1710330400244, 0, 0
1710330401245, 0, 0
1710330402245, 0, 0
1710330403246, 7131, 7131
1710330404246, 53950, 61081
1710330405247, 60840, 121921
1710330406248, 57011, 178932
1710330407248, 32241, 211173
1710330408250, 32256, 243429
1710330409250, 31622, 275051
1710330410252, 30958, 306009
1710330411252, 32043, 338052
1710330412253, 31096, 369148
1710330413253, 38016, 407164
1710330414254, 74193, 481357
1710330415254, 80283, 561640
1710330416255, 76481, 638121
1710330417256, 78036, 716157
1710330418256, 73378, 789535
1710330419257, 69934, 859469
1710330420258, 55446, 914915
1710330421259, 56953, 971868
1710330422260, 33700, 1005568
1710330423260, 44971, 1050539
1710330424261, 39148, 1089687
1710330425262, 46074, 1135761
1710330426262, 57090, 1192851
1710330427263, 55702, 1248553
1710330428263, 81066, 1329619
1710330429264, 48912, 1378531
1710330430264, 63896, 1442427
1710330431268, 88715, 1531142
1710330432268, 80832, 1611974
1710330433269, 42062, 1654036
1710330434270, 0, 1654036
1710330435270, 0, 1654036
1710330436271, 0, 1654036
1710330437271, 0, 1654036
1710330438272, 0, 1654036
05:47:18,743 ERROR [main-EventThread] RingManager:232 - org.apache.zookeeper.KeeperException$SessionExpiredException: KeeperErrorCode = Session expired for /ringpaxos/topology1/nodes
05:47:18,842 ERROR [main-EventThread] TopologyManager:465 - org.apache.zookeeper.KeeperException$SessionExpiredException: KeeperErrorCode = Session expired for /ringpaxos/topology1/learners
05:47:18,842 ERROR [main-EventThread] TopologyManager:465 - org.apache.zookeeper.KeeperException$SessionExpiredException: KeeperErrorCode = Session expired for /ringpaxos/topology1/nodes
05:47:18,848 ERROR [main-EventThread] RingManager:232 - org.apache.zookeeper.KeeperException$SessionExpiredException: KeeperErrorCode = Session expired for /ringpaxos/topology1/nodes
1710330439272, 18, 1654054
1710330440272, 0, 1654054
