18:37:07,445 INFO  [main] RawABListener:48 - Initing a RawABListener...
18:37:07,464 INFO  [main] Node:101 - PID: 30475
18:37:07,710 INFO  [main] NetworkManager:117 - NetworkManager tcp_nodelay: true
18:37:07,715 INFO  [main] NetworkManager:123 - NetworkManager tcp_crc: false
18:37:07,715 INFO  [main] NetworkManager:127 - NetworkManager buf_size: 2097152
18:37:07,739 INFO  [main] ElasticLearnerRole:93 - ElasticLearnerRole replication group 4
18:37:07,740 INFO  [main] ElasticLearnerRole:97 - ElasticLearnerRole initial ring 4
18:37:07,740 INFO  [main] ElasticLearnerRole:102 - ElasticLearnerRole deliver_skip_messages: enabled
18:37:07,745 INFO  [ElasticLearner] LearnerRole:102 - Learner recovery: disabled
18:37:07,747 INFO  [ElasticLearner] LearnerRole:108 - Learner auto_trim: disabled
18:37:07,748 INFO  [main-EventThread] RingManager:133 - RingManager ring 4 changed: [41, 42, 43, 44] (succsessor: 44 at /10.10.1.7:2900)
18:37:11,867 INFO  [main] Replica:172 - Token [0], ringId [null], nodeId [43], snapshot_modulo [0], zoo_host [null], path [null], embebedLog [false], useDiskDb [true] with simple constructor
1681605431873, 0, 0
Reading from stdin
1681605432873, 916, 916
18:37:13,039 INFO  [main-EventThread] RingManager:133 - RingManager ring 4 changed: [7, 41, 42, 43, 44] (succsessor: 44 at /10.10.1.7:2900)
18:37:13,128 INFO  [main-EventThread] RingManager:133 - RingManager ring 4 changed: [7, 8, 41, 42, 43, 44] (succsessor: 44 at /10.10.1.7:2900)
18:37:13,759 WARN  [Learner-4] LearnerRole:133 - Learner re-request missing instance 749
1681605433874, 1221, 2137
1681605434875, 7383, 9520
1681605435876, 7868, 17388
1681605436876, 7759, 25147
1681605437877, 7110, 32257
1681605438878, 7122, 39379
1681605439912, 5604, 44983
1681605440913, 7606, 52589
1681605441914, 7765, 60354
1681605442914, 6409, 66763
1681605443915, 7602, 74365
1681605444915, 7845, 82210
1681605445916, 7898, 90108
1681605446916, 7806, 97914
1681605447917, 5549, 103463
1681605448918, 7002, 110465
1681605449919, 7312, 117777
1681605450919, 7886, 125663
1681605451920, 7415, 133078
1681605452921, 6923, 140001
1681605453921, 6577, 146578
1681605454922, 7141, 153719
1681605455922, 7795, 161514
1681605456923, 6118, 167632
1681605457924, 6450, 174082
1681605458924, 8184, 182266
1681605459925, 7768, 190034
1681605460925, 7754, 197788
1681605461926, 7427, 205215
1681605462926, 714, 205929
18:37:43,305 ERROR [main-EventThread] RingManager:232 - org.apache.zookeeper.KeeperException$SessionExpiredException: KeeperErrorCode = Session expired for /ringpaxos/topology4/nodes
18:37:43,406 ERROR [main-EventThread] TopologyManager:465 - org.apache.zookeeper.KeeperException$SessionExpiredException: KeeperErrorCode = Session expired for /ringpaxos/topology4/learners
18:37:43,407 ERROR [main-EventThread] TopologyManager:465 - org.apache.zookeeper.KeeperException$SessionExpiredException: KeeperErrorCode = Session expired for /ringpaxos/topology4/nodes
18:37:43,407 ERROR [main-EventThread] RingManager:232 - org.apache.zookeeper.KeeperException$SessionExpiredException: KeeperErrorCode = Session expired for /ringpaxos/topology4/nodes
