16:22:34,420 INFO  [main] RawABListener:48 - Initing a RawABListener...
16:22:34,432 INFO  [main] Node:101 - PID: 9194
16:22:34,644 INFO  [main] NetworkManager:117 - NetworkManager tcp_nodelay: true
16:22:34,648 INFO  [main] NetworkManager:123 - NetworkManager tcp_crc: false
16:22:34,648 INFO  [main] NetworkManager:127 - NetworkManager buf_size: 2097152
16:22:34,671 INFO  [main] ElasticLearnerRole:93 - ElasticLearnerRole replication group 2
16:22:34,672 INFO  [main] ElasticLearnerRole:97 - ElasticLearnerRole initial ring 2
16:22:34,673 INFO  [main] ElasticLearnerRole:102 - ElasticLearnerRole deliver_skip_messages: enabled
16:22:34,680 INFO  [ElasticLearner] LearnerRole:102 - Learner recovery: disabled
16:22:34,681 INFO  [ElasticLearner] LearnerRole:108 - Learner auto_trim: disabled
16:22:34,684 INFO  [main-EventThread] RingManager:133 - RingManager ring 2 changed: [21, 22, 24] (succsessor: 21 at /10.10.1.3:2216)
16:22:34,690 INFO  [main-EventThread] RingManager:133 - RingManager ring 2 changed: [21, 22, 23, 24] (succsessor: 21 at /10.10.1.3:2216)
16:22:42,875 INFO  [main] Replica:169 - Token [0], ringId [null], nodeId [24], snapshot_modulo [0], zoo_host [null], path [null], embebedLog [false], useDiskDb [true] with simple constructor
1681424562877, 0, 0
Reading from stdin
1681424563877, 4805, 4805
1681424564878, 5359, 10164
16:22:45,166 INFO  [main-EventThread] RingManager:133 - RingManager ring 2 changed: [5, 21, 22, 23, 24] (succsessor: 5 at /10.10.1.7:2796)
16:22:45,195 ERROR [TCPListener] LearnerRole:219 - Learner received decision without value! [Decision from:22 to:Learner instance:4697 ballot:31 v_ballot:0 value:<none> (1594175422955521)]
16:22:45,451 INFO  [main-EventThread] RingManager:133 - RingManager ring 2 changed: [5, 6, 21, 22, 23, 24] (succsessor: 5 at /10.10.1.7:2796)
16:22:45,694 WARN  [Learner-2] LearnerRole:133 - Learner re-request missing instance 4697
1681424565878, 1527, 11691
1681424566879, 6462, 18153
1681424567879, 6857, 25010
1681424568880, 4530, 29540
1681424569881, 4480, 34020
1681424570882, 6720, 40740
1681424571882, 5814, 46554
1681424572883, 7462, 54016
1681424573884, 7077, 61093
1681424574885, 7117, 68210
1681424575885, 7298, 75508
1681424576886, 6556, 82064
1681424577887, 6898, 88962
1681424578887, 5977, 94939
1681424579888, 5216, 100155
1681424580889, 6030, 106185
1681424581889, 7019, 113204
1681424582890, 4823, 118027
1681424583890, 6024, 124051
1681424584891, 6152, 130203
1681424585891, 4419, 134622
1681424586891, 4948, 139570
1681424587892, 5341, 144911
1681424588892, 4687, 149598
1681424589893, 775, 150373
16:23:10,848 ERROR [main-EventThread] TopologyManager:465 - org.apache.zookeeper.KeeperException$ConnectionLossException: KeeperErrorCode = ConnectionLoss for /ringpaxos/topology2/nodes
1681424590894, 0, 150373
16:23:10,950 ERROR [main-EventThread] RingManager:232 - org.apache.zookeeper.KeeperException$SessionExpiredException: KeeperErrorCode = Session expired for /ringpaxos/topology2/nodes
16:23:10,950 ERROR [main-EventThread] TopologyManager:465 - org.apache.zookeeper.KeeperException$SessionExpiredException: KeeperErrorCode = Session expired for /ringpaxos/topology2/learners
