16:41:14,468 INFO  [main] RawABListener:48 - Initing a RawABListener...
16:41:14,479 INFO  [main] Node:101 - PID: 18516
16:41:14,698 INFO  [main] NetworkManager:117 - NetworkManager tcp_nodelay: true
16:41:14,703 INFO  [main] NetworkManager:123 - NetworkManager tcp_crc: false
16:41:14,704 INFO  [main] NetworkManager:127 - NetworkManager buf_size: 2097152
16:41:14,729 INFO  [main] ElasticLearnerRole:93 - ElasticLearnerRole replication group 2
16:41:14,730 INFO  [main] ElasticLearnerRole:97 - ElasticLearnerRole initial ring 2
16:41:14,731 INFO  [main] ElasticLearnerRole:102 - ElasticLearnerRole deliver_skip_messages: enabled
16:41:14,736 INFO  [ElasticLearner] LearnerRole:102 - Learner recovery: disabled
16:41:14,738 INFO  [ElasticLearner] LearnerRole:108 - Learner auto_trim: disabled
16:41:14,741 INFO  [main-EventThread] RingManager:133 - RingManager ring 2 changed: [21, 22, 23] (succsessor: 21 at /10.10.1.3:2518)
16:41:15,013 INFO  [main-EventThread] RingManager:133 - RingManager ring 2 changed: [21, 22, 23, 24] (succsessor: 24 at /10.10.1.6:2005)
16:41:19,581 INFO  [main] Replica:169 - Token [0], ringId [null], nodeId [23], snapshot_modulo [0], zoo_host [null], path [null], embebedLog [true], useDiskDb [true] with simple constructor
1681425679582, 0, 0
Reading from stdin
1681425680583, 1397, 1397
1681425681583, 1854, 3251
1681425682583, 2383, 5634
1681425683584, 2005, 7639
1681425684585, 1988, 9627
1681425685585, 1754, 11381
1681425686586, 2038, 13419
1681425687587, 2016, 15435
1681425688587, 2024, 17459
1681425689588, 2052, 19511
1681425690588, 1818, 21329
1681425691589, 1962, 23291
1681425692589, 2008, 25299
1681425693590, 2059, 27358
1681425694590, 2042, 29400
1681425695590, 1888, 31288
1681425696591, 2018, 33306
1681425697592, 2054, 35360
1681425698592, 1988, 37348
1681425699593, 2044, 39392
1681425700593, 1856, 41248
1681425701594, 2021, 43269
1681425702595, 2018, 45287
1681425703595, 2016, 47303
1681425704595, 1992, 49295
1681425705596, 1901, 51196
1681425706596, 2037, 53233
1681425707597, 2040, 55273
1681425708597, 2021, 57294
1681425709598, 899, 58193
16:41:50,539 ERROR [TCPListener] SessionHandler:120 - Error in SessionHandler during reading!
java.nio.channels.ClosedSelectorException
	at java.base/sun.nio.ch.EPollSelectorImpl.ensureOpen(EPollSelectorImpl.java:98)
	at java.base/sun.nio.ch.EPollSelectorImpl.setEventOps(EPollSelectorImpl.java:243)
	at java.base/sun.nio.ch.SelectionKeyImpl.interestOps(SelectionKeyImpl.java:101)
	at ch.usi.da.paxos.ring.SessionHandler.handleReadable(SessionHandler.java:68)
	at ch.usi.da.paxos.ring.TCPListener.run(TCPListener.java:89)
	at java.base/java.lang.Thread.run(Thread.java:830)
16:41:50,547 ERROR [main-EventThread] TopologyManager:387 - org.apache.zookeeper.KeeperException$SessionExpiredException: KeeperErrorCode = Session expired for /ringpaxos/topology2/nodes/21
16:41:50,548 INFO  [main-EventThread] RingManager:133 - RingManager ring 2 changed: [21, 23] (succsessor: 21 at null)
16:41:50,551 ERROR [main-EventThread] ClientCnxn:537 - Error while calling watcher 
java.lang.NullPointerException
	at java.base/sun.nio.ch.Net.checkAddress(Net.java:126)
	at java.base/sun.nio.ch.SocketChannelImpl.checkRemote(SocketChannelImpl.java:706)
	at java.base/sun.nio.ch.SocketChannelImpl.connect(SocketChannelImpl.java:720)
	at ch.usi.da.paxos.ring.NetworkManager.connectClient(NetworkManager.java:291)
	at ch.usi.da.paxos.ring.RingManager.notifyRingChanged(RingManager.java:136)
	at ch.usi.da.paxos.ring.RingManager.process(RingManager.java:210)
	at org.apache.zookeeper.ClientCnxn$EventThread.processEvent(ClientCnxn.java:535)
	at org.apache.zookeeper.ClientCnxn$EventThread.run(ClientCnxn.java:510)
1681425710598, 0, 58193
16:41:50,648 ERROR [main-EventThread] TopologyManager:465 - org.apache.zookeeper.KeeperException$SessionExpiredException: KeeperErrorCode = Session expired for /ringpaxos/topology2/learners
16:41:50,649 ERROR [main-EventThread] TopologyManager:465 - org.apache.zookeeper.KeeperException$SessionExpiredException: KeeperErrorCode = Session expired for /ringpaxos/topology2/nodes
16:41:50,649 ERROR [main-EventThread] RingManager:232 - org.apache.zookeeper.KeeperException$SessionExpiredException: KeeperErrorCode = Session expired for /ringpaxos/topology2/nodes
16:41:50,650 ERROR [main-EventThread] TopologyManager:465 - org.apache.zookeeper.KeeperException$SessionExpiredException: KeeperErrorCode = Session expired for /ringpaxos/topology2/nodes
16:41:50,650 ERROR [main-EventThread] RingManager:232 - org.apache.zookeeper.KeeperException$SessionExpiredException: KeeperErrorCode = Session expired for /ringpaxos/topology2/nodes
