13:43:56,393 INFO  [main] RawABListener:48 - Initing a RawABListener...
13:43:56,400 INFO  [main] Node:101 - PID: 7314
13:43:56,601 INFO  [main] NetworkManager:117 - NetworkManager tcp_nodelay: true
13:43:56,605 INFO  [main] NetworkManager:123 - NetworkManager tcp_crc: false
13:43:56,606 INFO  [main] NetworkManager:127 - NetworkManager buf_size: 2097152
13:43:56,625 INFO  [main] ElasticLearnerRole:93 - ElasticLearnerRole replication group 1
13:43:56,625 INFO  [main] ElasticLearnerRole:97 - ElasticLearnerRole initial ring 1
13:43:56,626 INFO  [main] ElasticLearnerRole:102 - ElasticLearnerRole deliver_skip_messages: enabled
13:43:56,635 INFO  [ElasticLearner] LearnerRole:102 - Learner recovery: enabled
13:43:56,637 INFO  [ElasticLearner] LearnerRole:108 - Learner auto_trim: disabled
13:43:56,642 INFO  [main-EventThread] RingManager:133 - RingManager ring 1 changed: [1, 2, 14] (succsessor: 1 at /10.10.1.2:2793)
13:43:56,653 INFO  [main-EventThread] RingManager:133 - RingManager ring 1 changed: [1, 2, 13, 14, 15] (succsessor: 15 at /10.10.1.6:2004)
13:44:05,368 INFO  [main] Replica:162 - Token [0], ringId [null], nodeId [14], snapshot_modulo [0], zoo_host [null], path [null], embebedLog [false], useDiskDb [true] with simple constructor
1669236245369, 0, 0
1669236246369, 7595, 7595
1669236247370, 7881, 15476
1669236248371, 7914, 23390
1669236249371, 7938, 31328
1669236250372, 7844, 39172
1669236251373, 8016, 47188
1669236252373, 7895, 55083
1669236253374, 7964, 63047
1669236254374, 7868, 70915
1669236255374, 7930, 78845
1669236256375, 7946, 86791
1669236257375, 7966, 94757
1669236258376, 7935, 102692
1669236259376, 7655, 110347
1669236260376, 7975, 118322
1669236261377, 7650, 125972
1669236262377, 2028, 128000
1669236263378, 0, 128000
1669236264378, 0, 128000
1669236265381, 0, 128000
1669236266381, 0, 128000
1669236267381, 0, 128000
1669236268381, 0, 128000
1669236269382, 0, 128000
13:44:29,644 ERROR [main-EventThread] TopologyManager:387 - org.apache.zookeeper.KeeperException$NoNodeException: KeeperErrorCode = NoNode for /ringpaxos/topology1/nodes/15
13:44:29,646 INFO  [main-EventThread] RingManager:133 - RingManager ring 1 changed: [1, 14, 15] (succsessor: 15 at null)
13:44:29,650 ERROR [main-EventThread] ClientCnxn:537 - Error while calling watcher 
java.lang.NullPointerException
	at java.base/sun.nio.ch.Net.checkAddress(Net.java:126)
	at java.base/sun.nio.ch.SocketChannelImpl.checkRemote(SocketChannelImpl.java:706)
	at java.base/sun.nio.ch.SocketChannelImpl.connect(SocketChannelImpl.java:720)
	at ch.usi.da.paxos.ring.NetworkManager.connectClient(NetworkManager.java:291)
	at ch.usi.da.paxos.ring.RingManager.notifyRingChanged(RingManager.java:136)
	at ch.usi.da.paxos.ring.RingManager.process(RingManager.java:210)
	at org.apache.zookeeper.ClientCnxn$EventThread.processEvent(ClientCnxn.java:535)
	at org.apache.zookeeper.ClientCnxn$EventThread.run(ClientCnxn.java:510)
13:44:29,748 ERROR [main-EventThread] TopologyManager:465 - org.apache.zookeeper.KeeperException$SessionExpiredException: KeeperErrorCode = Session expired for /ringpaxos/topology1/learners
13:44:29,748 ERROR [main-EventThread] TopologyManager:465 - org.apache.zookeeper.KeeperException$SessionExpiredException: KeeperErrorCode = Session expired for /ringpaxos/topology1/nodes
13:44:29,748 ERROR [main-EventThread] RingManager:232 - org.apache.zookeeper.KeeperException$SessionExpiredException: KeeperErrorCode = Session expired for /ringpaxos/topology1/nodes
13:44:29,749 ERROR [main-EventThread] TopologyManager:465 - org.apache.zookeeper.KeeperException$SessionExpiredException: KeeperErrorCode = Session expired for /ringpaxos/topology1/acceptors
13:44:29,749 ERROR [main-EventThread] RingManager:232 - org.apache.zookeeper.KeeperException$SessionExpiredException: KeeperErrorCode = Session expired for /ringpaxos/topology1/acceptors
13:44:29,749 ERROR [main-EventThread] TopologyManager:465 - org.apache.zookeeper.KeeperException$SessionExpiredException: KeeperErrorCode = Session expired for /ringpaxos/topology1/nodes
13:44:29,749 ERROR [main-EventThread] RingManager:232 - org.apache.zookeeper.KeeperException$SessionExpiredException: KeeperErrorCode = Session expired for /ringpaxos/topology1/nodes
