23:03:59,529 INFO  [main] RawABListener:48 - Initing a RawABListener...
23:03:59,539 INFO  [main] Node:101 - PID: 59493
23:03:59,773 INFO  [main] NetworkManager:117 - NetworkManager tcp_nodelay: true
23:03:59,777 INFO  [main] NetworkManager:123 - NetworkManager tcp_crc: false
23:03:59,777 INFO  [main] NetworkManager:127 - NetworkManager buf_size: 2097152
23:03:59,799 INFO  [main] ElasticLearnerRole:93 - ElasticLearnerRole replication group 1
23:03:59,800 INFO  [main] ElasticLearnerRole:97 - ElasticLearnerRole initial ring 1
23:03:59,803 INFO  [main] ElasticLearnerRole:102 - ElasticLearnerRole deliver_skip_messages: enabled
23:03:59,810 INFO  [ElasticLearner] LearnerRole:102 - Learner recovery: disabled
23:03:59,812 INFO  [ElasticLearner] LearnerRole:108 - Learner auto_trim: disabled
23:03:59,822 INFO  [main-EventThread] RingManager:133 - RingManager ring 1 changed: [1, 2, 4, 13, 14] (succsessor: 1 at /10.10.1.3:2198)
23:03:59,845 INFO  [main] Replica:188 - Token [0], ringId [null], nodeId [14], snapshot_modulo [0], zoo_host [10.10.1.1], pathPrefix[/media/disk5/], path [/media/disk5/81ccc1df-c345-4fc4-9f5e-722c6dac5b11], embebedLog [false], useDiskDb [true] with complex constructor
1710911039846, 0, 0
Reading from stdin
1710911040846, 0, 0
1710911041847, 0, 0
1710911042847, 0, 0
1710911043848, 0, 0
1710911044849, 4441, 4441
1710911045849, 40059, 44500
1710911046850, 49551, 94051
1710911047850, 46045, 140096
1710911048852, 50997, 191093
1710911049852, 58974, 250067
1710911050853, 45751, 295818
1710911051853, 46785, 342603
1710911052854, 50867, 393470
1710911053854, 56409, 449879
1710911054855, 51141, 501020
1710911055856, 46796, 547816
1710911056856, 48622, 596438
1710911057857, 55587, 652025
1710911058857, 49877, 701902
1710911059858, 34193, 736095
1710911060859, 28308, 764403
1710911061860, 54007, 818410
1710911062861, 44948, 863358
1710911063862, 41983, 905341
1710911064863, 46117, 951458
1710911065864, 46099, 997557
1710911066865, 51283, 1048840
1710911067865, 49868, 1098708
1710911068866, 28056, 1126764
1710911069867, 28286, 1155050
1710911070867, 47028, 1202078
1710911071868, 49311, 1251389
1710911072868, 43133, 1294522
1710911073869, 52628, 1347150
1710911075090, 26372, 1373522
1710911076095, 46534, 1420056
1710911077096, 9995, 1430051
1710911078096, 0, 1430051
1710911079098, 0, 1430051
1710911080098, 0, 1430051
1710911081098, 0, 1430051
1710911082099, 0, 1430051
1710911083099, 0, 1430051
23:04:43,976 ERROR [main-EventThread] TopologyManager:465 - org.apache.zookeeper.KeeperException$SessionExpiredException: KeeperErrorCode = Session expired for /ringpaxos/topology1/acceptors
23:04:44,072 ERROR [main-EventThread] RingManager:232 - org.apache.zookeeper.KeeperException$SessionExpiredException: KeeperErrorCode = Session expired for /ringpaxos/topology1/acceptors
23:04:44,073 ERROR [main-EventThread] TopologyManager:465 - org.apache.zookeeper.KeeperException$SessionExpiredException: KeeperErrorCode = Session expired for /ringpaxos/topology1/nodes
23:04:44,073 ERROR [main-EventThread] RingManager:232 - org.apache.zookeeper.KeeperException$SessionExpiredException: KeeperErrorCode = Session expired for /ringpaxos/topology1/nodes
23:04:44,082 ERROR [main-EventThread] TopologyManager:465 - org.apache.zookeeper.KeeperException$SessionExpiredException: KeeperErrorCode = Session expired for /ringpaxos/topology1/learners
1710911084100, 18, 1430069
1710911085100, 0, 1430069
1710911086101, 0, 1430069
