19:40:13,268 INFO  [main] RawABListener:48 - Initing a RawABListener...
19:40:13,280 INFO  [main] Node:101 - PID: 65305
19:40:13,494 INFO  [main] NetworkManager:117 - NetworkManager tcp_nodelay: true
19:40:13,499 INFO  [main] NetworkManager:123 - NetworkManager tcp_crc: false
19:40:13,499 INFO  [main] NetworkManager:127 - NetworkManager buf_size: 2097152
19:40:13,517 INFO  [main] ElasticLearnerRole:93 - ElasticLearnerRole replication group 1
19:40:13,519 INFO  [main] ElasticLearnerRole:97 - ElasticLearnerRole initial ring 1
19:40:13,520 INFO  [main] ElasticLearnerRole:102 - ElasticLearnerRole deliver_skip_messages: enabled
19:40:13,530 INFO  [ElasticLearner] LearnerRole:102 - Learner recovery: disabled
19:40:13,532 INFO  [ElasticLearner] LearnerRole:108 - Learner auto_trim: disabled
19:40:13,539 INFO  [main-EventThread] RingManager:133 - RingManager ring 1 changed: [1, 2, 4, 14, 15] (succsessor: 1 at /10.10.1.2:2498)
19:40:13,546 INFO  [main-EventThread] RingManager:133 - RingManager ring 1 changed: [1, 2, 4, 13, 14, 15] (succsessor: 1 at /10.10.1.2:2498)
19:40:13,555 INFO  [main] Replica:169 - Token [0], ringId [null], nodeId [15], snapshot_modulo [0], zoo_host [null], path [null], embebedLog [false], useDiskDb [true] with simple constructor
1670726413555, 0, 0
Reading from stdin
1670726414556, 0, 0
1670726415556, 0, 0
1670726416557, 0, 0
1670726417557, 0, 0
1670726418557, 194, 194
1670726419558, 11653, 11847
1670726420558, 13649, 25496
1670726421559, 14622, 40118
1670726422559, 11564, 51682
1670726423562, 15171, 66853
1670726424562, 14437, 81290
1670726425562, 11289, 92579
1670726426563, 9730, 102309
1670726427563, 10359, 112668
1670726428565, 10213, 122881
1670726429565, 13423, 136304
1670726430565, 18243, 154547
1670726431566, 18081, 172628
1670726432566, 13851, 186479
1670726433566, 10416, 196895
1670726434567, 14815, 211710
1670726435567, 12521, 224231
1670726436567, 15047, 239278
1670726437568, 12784, 252062
1670726438569, 13840, 265902
1670726439569, 16584, 282486
1670726440570, 5047, 287533
1670726442169, 13158, 300691
1670726443169, 15751, 316442
1670726444169, 14468, 330910
1670726445169, 7890, 338800
1670726446943, 8919, 347719
1670726447944, 13923, 361642
1670726448945, 12148, 373790
1670726449945, 8917, 382707
1670726451575, 14553, 397260
1670726452575, 11946, 409206
1670726453576, 11443, 420649
1670726455330, 13521, 434170
1670726456330, 10843, 445013
1670726457330, 7720, 452733
1670726458698, 9445, 462178
1670726459698, 10978, 473156
1670726460699, 7305, 480461
1670726461902, 10426, 490887
1670726462902, 14001, 504888
1670726463902, 3174, 508062
1670726464903, 8860, 516922
1670726465903, 10555, 527477
1670726467284, 12641, 540118
1670726468285, 7387, 547505
1670726469490, 12865, 560370
1670726470491, 5691, 566061
1670726471497, 14404, 580465
1670726472497, 8233, 588698
1670726473497, 12114, 600812
1670726474886, 9093, 609905
1670726475886, 8570, 618475
1670726476886, 14306, 632781
1670726478221, 13155, 645936
1670726479221, 6566, 652502
1670726480222, 10044, 662546
1670726481349, 14087, 676633
1670726482349, 6458, 683091
1670726483349, 7835, 690926
1670726484465, 13910, 704836
1670726485792, 13405, 718241
1670726486995, 10692, 728933
1670726487995, 5985, 734918
1670726488995, 9719, 744637
1670726490147, 13006, 757643
1670726491437, 12240, 769883
1670726492437, 7502, 777385
1670726493438, 7617, 785002
1670726494438, 10355, 795357
1670726495509, 12298, 807655
1670726496804, 11500, 819155
1670726497805, 7360, 826515
1670726498805, 7358, 833873
1670726499805, 10016, 843889
1670726500815, 11895, 855784
1670726502206, 10193, 865977
1670726503207, 6181, 872158
1670726504207, 7122, 879280
1670726505207, 11196, 890476
1670726506438, 10691, 901167
1670726507438, 5612, 906779
1670726508439, 6508, 913287
1670726509439, 9632, 922919
1670726510439, 7385, 930304
1670726511439, 4293, 934597
1670726512440, 0, 934597
1670726513440, 0, 934597
1670726514440, 0, 934597
1670726515441, 0, 934597
1670726516441, 0, 934597
1670726517441, 0, 934597
1670726518442, 0, 934597
1670726519442, 0, 934597
1670726520442, 0, 934597
1670726521442, 0, 934597
1670726522443, 0, 934597
1670726523443, 0, 934597
1670726524443, 0, 934597
1670726525444, 0, 934597
1670726526444, 0, 934597
1670726527444, 0, 934597
1670726528445, 0, 934597
1670726529445, 0, 934597
1670726530445, 0, 934597
1670726531445, 0, 934597
1670726532446, 0, 934597
1670726533446, 0, 934597
1670726534446, 0, 934597
1670726535447, 0, 934597
1670726536447, 0, 934597
1670726537447, 0, 934597
1670726538448, 0, 934597
1670726539448, 0, 934597
1670726540448, 0, 934597
1670726541448, 0, 934597
1670726542449, 0, 934597
1670726543449, 0, 934597
1670726544449, 0, 934597
1670726545450, 0, 934597
1670726546450, 0, 934597
1670726547450, 0, 934597
1670726548450, 0, 934597
1670726549451, 0, 934597
1670726550451, 0, 934597
1670726551451, 0, 934597
1670726552451, 0, 934597
1670726553452, 0, 934597
1670726554452, 0, 934597
1670726555452, 0, 934597
1670726556453, 0, 934597
1670726557453, 0, 934597
1670726558453, 0, 934597
1670726559453, 0, 934597
1670726560454, 0, 934597
1670726561454, 0, 934597
1670726562454, 0, 934597
1670726563454, 0, 934597
1670726564455, 0, 934597
1670726565455, 0, 934597
1670726566455, 0, 934597
1670726567455, 0, 934597
1670726568456, 0, 934597
1670726569456, 0, 934597
1670726570456, 0, 934597
1670726571456, 0, 934597
1670726572457, 0, 934597
1670726573457, 0, 934597
1670726574457, 0, 934597
1670726575457, 0, 934597
1670726576458, 0, 934597
1670726577458, 0, 934597
1670726578458, 0, 934597
1670726579458, 0, 934597
1670726580459, 0, 934597
1670726581459, 0, 934597
1670726582459, 0, 934597
1670726583459, 0, 934597
1670726584460, 0, 934597
1670726585460, 0, 934597
1670726586460, 0, 934597
1670726587460, 0, 934597
1670726588461, 0, 934597
1670726589461, 0, 934597
1670726590461, 0, 934597
1670726591461, 0, 934597
1670726592462, 0, 934597
1670726593462, 0, 934597
1670726594462, 0, 934597
1670726595462, 0, 934597
1670726596463, 0, 934597
1670726597463, 0, 934597
1670726598463, 0, 934597
1670726599463, 0, 934597
1670726600464, 0, 934597
1670726601464, 0, 934597
1670726602464, 0, 934597
1670726603464, 0, 934597
1670726604465, 0, 934597
1670726605465, 0, 934597
1670726606465, 0, 934597
1670726607465, 0, 934597
1670726608466, 0, 934597
1670726609466, 0, 934597
1670726610466, 0, 934597
1670726611466, 0, 934597
1670726612467, 0, 934597
1670726613467, 0, 934597
1670726614467, 0, 934597
1670726615467, 0, 934597
1670726616468, 0, 934597
1670726617468, 0, 934597
1670726618468, 0, 934597
1670726619468, 0, 934597
1670726620469, 0, 934597
1670726621469, 0, 934597
1670726622469, 0, 934597
1670726623469, 0, 934597
1670726624470, 0, 934597
1670726625470, 0, 934597
1670726626470, 0, 934597
1670726627470, 0, 934597
1670726628471, 0, 934597
1670726629471, 0, 934597
1670726630471, 0, 934597
1670726631471, 0, 934597
1670726632472, 0, 934597
1670726633472, 0, 934597
1670726634472, 0, 934597
1670726635472, 0, 934597
1670726636473, 0, 934597
1670726637473, 0, 934597
1670726638473, 0, 934597
1670726639473, 0, 934597
1670726640474, 0, 934597
1670726641474, 0, 934597
1670726642474, 0, 934597
1670726643474, 0, 934597
1670726644475, 0, 934597
1670726645475, 0, 934597
1670726646475, 0, 934597
1670726647475, 0, 934597
1670726648476, 0, 934597
1670726649476, 0, 934597
1670726650476, 0, 934597
1670726651476, 0, 934597
1670726652477, 0, 934597
1670726653477, 0, 934597
1670726654477, 0, 934597
1670726655478, 0, 934597
1670726656478, 0, 934597
1670726657478, 0, 934597
1670726658478, 0, 934597
1670726659479, 0, 934597
1670726660479, 0, 934597
1670726661479, 0, 934597
1670726662480, 0, 934597
1670726663480, 0, 934597
1670726664480, 0, 934597
1670726665480, 0, 934597
1670726666481, 0, 934597
1670726667481, 0, 934597
1670726668481, 0, 934597
1670726669481, 0, 934597
1670726670482, 0, 934597
1670726671482, 0, 934597
1670726672482, 0, 934597
1670726673482, 0, 934597
1670726674483, 0, 934597
1670726675483, 0, 934597
1670726676483, 0, 934597
1670726677483, 0, 934597
1670726678484, 0, 934597
1670726679484, 0, 934597
1670726680484, 0, 934597
1670726681484, 0, 934597
1670726682485, 0, 934597
1670726683485, 0, 934597
1670726684485, 0, 934597
1670726685485, 0, 934597
1670726686486, 0, 934597
1670726687486, 0, 934597
1670726688486, 0, 934597
1670726689486, 0, 934597
1670726690487, 0, 934597
1670726691487, 0, 934597
1670726692487, 0, 934597
1670726693487, 0, 934597
1670726694488, 0, 934597
1670726695488, 0, 934597
1670726696488, 0, 934597
1670726697488, 0, 934597
1670726698488, 0, 934597
1670726699489, 0, 934597
1670726700489, 0, 934597
1670726701489, 0, 934597
1670726702489, 0, 934597
1670726703490, 0, 934597
1670726704490, 0, 934597
1670726705490, 0, 934597
1670726706490, 0, 934597
1670726707490, 0, 934597
1670726708491, 0, 934597
1670726709491, 0, 934597
1670726710491, 0, 934597
1670726711491, 0, 934597
1670726712492, 0, 934597
1670726713492, 0, 934597
1670726714492, 0, 934597
1670726715492, 0, 934597
1670726716492, 0, 934597
1670726717493, 0, 934597
1670726718493, 0, 934597
1670726719493, 0, 934597
1670726720493, 0, 934597
1670726721494, 0, 934597
1670726722494, 0, 934597
1670726723494, 0, 934597
1670726724494, 0, 934597
1670726725494, 0, 934597
1670726726495, 0, 934597
1670726727495, 0, 934597
1670726728495, 0, 934597
1670726729495, 0, 934597
1670726730496, 0, 934597
1670726731496, 0, 934597
1670726732496, 0, 934597
1670726733496, 0, 934597
1670726734497, 0, 934597
1670726735497, 0, 934597
1670726736497, 0, 934597
1670726737497, 0, 934597
1670726738497, 0, 934597
1670726739498, 0, 934597
1670726740498, 0, 934597
1670726741498, 0, 934597
1670726742498, 0, 934597
1670726743499, 0, 934597
1670726744499, 0, 934597
1670726745499, 0, 934597
1670726746499, 0, 934597
1670726747500, 0, 934597
1670726748500, 0, 934597
1670726749500, 0, 934597
1670726750500, 0, 934597
1670726751500, 0, 934597
1670726752501, 0, 934597
1670726753501, 0, 934597
1670726754501, 0, 934597
1670726755501, 0, 934597
1670726756502, 0, 934597
1670726757502, 0, 934597
1670726758502, 0, 934597
1670726759502, 0, 934597
1670726760502, 0, 934597
1670726761503, 0, 934597
1670726762503, 0, 934597
1670726763503, 0, 934597
1670726764503, 0, 934597
1670726765504, 0, 934597
1670726766504, 0, 934597
1670726767504, 0, 934597
1670726768504, 0, 934597
1670726769504, 0, 934597
1670726770505, 0, 934597
1670726771505, 0, 934597
1670726772505, 0, 934597
1670726773505, 0, 934597
1670726774506, 0, 934597
1670726775506, 0, 934597
1670726776506, 0, 934597
1670726777506, 0, 934597
1670726778507, 0, 934597
1670726779507, 0, 934597
1670726780507, 0, 934597
1670726781507, 0, 934597
1670726782507, 0, 934597
1670726783508, 0, 934597
1670726784508, 0, 934597
1670726785508, 0, 934597
1670726786508, 0, 934597
1670726787509, 0, 934597
1670726788509, 0, 934597
1670726789509, 0, 934597
1670726790509, 0, 934597
1670726791509, 0, 934597
1670726792510, 0, 934597
1670726793510, 0, 934597
1670726794510, 0, 934597
1670726795510, 0, 934597
1670726796511, 0, 934597
1670726797511, 0, 934597
1670726798511, 0, 934597
1670726799511, 0, 934597
1670726800512, 0, 934597
1670726801512, 0, 934597
1670726802512, 0, 934597
1670726803512, 0, 934597
1670726804512, 0, 934597
1670726805513, 0, 934597
1670726806513, 0, 934597
1670726807513, 0, 934597
1670726808513, 0, 934597
1670726809514, 0, 934597
1670726810514, 0, 934597
1670726811514, 0, 934597
1670726812514, 0, 934597
1670726813515, 0, 934597
1670726814515, 0, 934597
1670726815515, 0, 934597
1670726816515, 0, 934597
1670726817515, 0, 934597
1670726818516, 0, 934597
1670726819516, 0, 934597
19:47:00,299 ERROR [main-EventThread] TopologyManager:465 - org.apache.zookeeper.KeeperException$SessionExpiredException: KeeperErrorCode = Session expired for /ringpaxos/topology1/nodes
19:47:00,398 ERROR [main-EventThread] RingManager:232 - org.apache.zookeeper.KeeperException$SessionExpiredException: KeeperErrorCode = Session expired for /ringpaxos/topology1/nodes
19:47:00,399 ERROR [main-EventThread] TopologyManager:465 - org.apache.zookeeper.KeeperException$SessionExpiredException: KeeperErrorCode = Session expired for /ringpaxos/topology1/learners
