11:38:03,546 INFO  [main] RawABListener:48 - Initing a RawABListener...
11:38:03,555 INFO  [main] Node:101 - PID: 4814
11:38:03,762 INFO  [main] NetworkManager:117 - NetworkManager tcp_nodelay: true
11:38:03,767 INFO  [main] NetworkManager:123 - NetworkManager tcp_crc: false
11:38:03,767 INFO  [main] NetworkManager:127 - NetworkManager buf_size: 2097152
11:38:03,792 INFO  [main] ElasticLearnerRole:93 - ElasticLearnerRole replication group 1
11:38:03,792 INFO  [main] ElasticLearnerRole:97 - ElasticLearnerRole initial ring 1
11:38:03,793 INFO  [main] ElasticLearnerRole:102 - ElasticLearnerRole deliver_skip_messages: enabled
11:38:03,798 INFO  [ElasticLearner] LearnerRole:102 - Learner recovery: disabled
11:38:03,801 INFO  [ElasticLearner] LearnerRole:108 - Learner auto_trim: disabled
11:38:03,803 INFO  [main-EventThread] RingManager:133 - RingManager ring 1 changed: [1, 2, 14] (succsessor: 1 at /10.10.1.3:2480)
11:38:03,829 INFO  [main] Replica:172 - Token [0], ringId [null], nodeId [14], snapshot_modulo [0], zoo_host [null], path [null], embebedLog [false], useDiskDb [false] with simple constructor
1681666683830, 0, 0
Reading from stdin
11:38:03,981 INFO  [main-EventThread] RingManager:133 - RingManager ring 1 changed: [1, 2, 13, 14] (succsessor: 1 at /10.10.1.3:2480)
1681666684830, 0, 0
1681666685831, 0, 0
1681666686831, 0, 0
11:38:07,279 INFO  [main-EventThread] RingManager:133 - RingManager ring 1 changed: [1, 2, 4, 13, 14] (succsessor: 1 at /10.10.1.3:2480)
1681666687832, 0, 0
11:38:08,425 INFO  [main-EventThread] RingManager:133 - RingManager ring 1 changed: [1, 2, 4, 5, 13, 14] (succsessor: 1 at /10.10.1.3:2480)
1681666688832, 0, 0
1681666689833, 16696, 16696
1681666690833, 21126, 37822
1681666691834, 20289, 58111
1681666692834, 19626, 77737
1681666693835, 18340, 96077
1681666694836, 17889, 113966
1681666695836, 15442, 129408
1681666696836, 13046, 142454
1681666697837, 16358, 158812
1681666698837, 16978, 175790
1681666699838, 16518, 192308
1681666700838, 23957, 216265
1681666701838, 20778, 237043
1681666702838, 27249, 264292
1681666703839, 4509, 268801
1681666704839, 5682, 274483
1681666705840, 1480, 275963
1681666706840, 18138, 294101
1681666707840, 17472, 311573
1681666708879, 21973, 333546
1681666709880, 20294, 353840
1681666710881, 17588, 371428
1681666711882, 17959, 389387
1681666712882, 22607, 411994
1681666713883, 17225, 429219
1681666714883, 27175, 456394
1681666715884, 28502, 484896
1681666716885, 29493, 514389
1681666717885, 32638, 547027
1681666718886, 16226, 563253
1681666719886, 2003, 565256
1681666720887, 0, 565256
1681666721887, 14, 565270
1681666722887, 0, 565270
1681666723888, 0, 565270
1681666724888, 0, 565270
1681666725889, 0, 565270
1681666726889, 0, 565270
1681666727890, 0, 565270
1681666728890, 0, 565270
1681666729890, 0, 565270
1681666730891, 0, 565270
1681666731891, 0, 565270
1681666732892, 0, 565270
1681666733892, 0, 565270
1681666734893, 0, 565270
1681666735893, 0, 565270
11:38:56,678 ERROR [main-EventThread] TopologyManager:465 - org.apache.zookeeper.KeeperException$ConnectionLossException: KeeperErrorCode = ConnectionLoss for /ringpaxos/topology1/nodes
11:38:56,781 ERROR [main-EventThread] RingManager:232 - org.apache.zookeeper.KeeperException$SessionExpiredException: KeeperErrorCode = Session expired for /ringpaxos/topology1/nodes
11:38:56,782 ERROR [main-EventThread] TopologyManager:465 - org.apache.zookeeper.KeeperException$SessionExpiredException: KeeperErrorCode = Session expired for /ringpaxos/topology1/learners
