17:49:50,344 INFO  [main] RawABListener:48 - Initing a RawABListener...
17:49:50,355 INFO  [main] Node:101 - PID: 16173
17:49:50,569 INFO  [main] NetworkManager:117 - NetworkManager tcp_nodelay: true
17:49:50,573 INFO  [main] NetworkManager:123 - NetworkManager tcp_crc: false
17:49:50,573 INFO  [main] NetworkManager:127 - NetworkManager buf_size: 2097152
17:49:50,596 INFO  [main] ElasticLearnerRole:93 - ElasticLearnerRole replication group 3
17:49:50,597 INFO  [main] ElasticLearnerRole:97 - ElasticLearnerRole initial ring 3
17:49:50,598 INFO  [main] ElasticLearnerRole:102 - ElasticLearnerRole deliver_skip_messages: enabled
17:49:50,602 INFO  [ElasticLearner] LearnerRole:102 - Learner recovery: disabled
17:49:50,604 INFO  [ElasticLearner] LearnerRole:108 - Learner auto_trim: disabled
17:49:50,609 INFO  [main-EventThread] RingManager:133 - RingManager ring 3 changed: [31, 32, 33, 34] (succsessor: 34 at /10.10.1.7:2582)
17:49:59,198 INFO  [main] Replica:172 - Token [0], ringId [null], nodeId [33], snapshot_modulo [0], zoo_host [null], path [null], embebedLog [false], useDiskDb [true] with simple constructor
1681602599223, 0, 0
Reading from stdin
1681602600224, 6366, 6366
1681602601224, 5653, 12019
1681602602225, 8396, 20415
1681602603226, 9613, 30028
1681602604227, 11591, 41619
1681602605227, 9801, 51420
1681602606228, 6196, 57616
1681602607228, 7901, 65517
1681602608229, 9574, 75091
1681602609229, 11013, 86104
1681602610230, 11157, 97261
1681602611230, 8591, 105852
1681602612231, 10476, 116328
1681602613232, 11014, 127342
1681602614232, 8566, 135908
1681602615233, 10614, 146522
1681602616233, 7805, 154327
1681602617234, 8923, 163250
1681602618234, 12460, 175710
1681602619235, 7787, 183497
1681602620235, 8612, 192109
1681602621236, 10063, 202172
1681602622236, 11086, 213258
1681602623236, 11943, 225201
1681602624237, 6834, 232035
1681602625237, 9066, 241101
1681602626238, 1269, 242370
1681602627238, 0, 242370
1681602628238, 0, 242370
1681602629239, 0, 242370
1681602630239, 0, 242370
1681602631239, 0, 242370
17:50:31,396 ERROR [TCPListener] SessionHandler:120 - Error in SessionHandler during reading!
java.nio.channels.ClosedSelectorException
	at java.base/sun.nio.ch.EPollSelectorImpl.ensureOpen(EPollSelectorImpl.java:98)
	at java.base/sun.nio.ch.EPollSelectorImpl.setEventOps(EPollSelectorImpl.java:243)
	at java.base/sun.nio.ch.SelectionKeyImpl.interestOps(SelectionKeyImpl.java:101)
	at ch.usi.da.paxos.ring.SessionHandler.handleReadable(SessionHandler.java:68)
	at ch.usi.da.paxos.ring.TCPListener.run(TCPListener.java:89)
	at java.base/java.lang.Thread.run(Thread.java:830)
17:50:31,407 ERROR [main-EventThread] TopologyManager:387 - org.apache.zookeeper.KeeperException$SessionExpiredException: KeeperErrorCode = Session expired for /ringpaxos/topology3/nodes/31
17:50:31,408 INFO  [main-EventThread] RingManager:133 - RingManager ring 3 changed: [31, 33] (succsessor: 31 at null)
17:50:31,410 ERROR [main-EventThread] ClientCnxn:537 - Error while calling watcher 
java.lang.NullPointerException
	at java.base/sun.nio.ch.Net.checkAddress(Net.java:126)
	at java.base/sun.nio.ch.SocketChannelImpl.checkRemote(SocketChannelImpl.java:706)
	at java.base/sun.nio.ch.SocketChannelImpl.connect(SocketChannelImpl.java:720)
	at ch.usi.da.paxos.ring.NetworkManager.connectClient(NetworkManager.java:291)
	at ch.usi.da.paxos.ring.RingManager.notifyRingChanged(RingManager.java:136)
	at ch.usi.da.paxos.ring.RingManager.process(RingManager.java:210)
	at org.apache.zookeeper.ClientCnxn$EventThread.processEvent(ClientCnxn.java:535)
	at org.apache.zookeeper.ClientCnxn$EventThread.run(ClientCnxn.java:510)
17:50:31,509 ERROR [main-EventThread] TopologyManager:465 - org.apache.zookeeper.KeeperException$SessionExpiredException: KeeperErrorCode = Session expired for /ringpaxos/topology3/learners
17:50:31,510 ERROR [main-EventThread] TopologyManager:465 - org.apache.zookeeper.KeeperException$SessionExpiredException: KeeperErrorCode = Session expired for /ringpaxos/topology3/nodes
17:50:31,510 ERROR [main-EventThread] RingManager:232 - org.apache.zookeeper.KeeperException$SessionExpiredException: KeeperErrorCode = Session expired for /ringpaxos/topology3/nodes
