20:00:37,785 INFO  [main] RawABListener:48 - Initing a RawABListener...
20:00:37,793 INFO  [main] Node:101 - PID: 8244
20:00:37,981 INFO  [main] NetworkManager:117 - NetworkManager tcp_nodelay: true
20:00:37,985 INFO  [main] NetworkManager:123 - NetworkManager tcp_crc: false
20:00:37,985 INFO  [main] NetworkManager:127 - NetworkManager buf_size: 2097152
20:00:38,006 INFO  [main] ElasticLearnerRole:93 - ElasticLearnerRole replication group 1
20:00:38,009 INFO  [main] ElasticLearnerRole:97 - ElasticLearnerRole initial ring 1
20:00:38,009 INFO  [main] ElasticLearnerRole:102 - ElasticLearnerRole deliver_skip_messages: enabled
20:00:38,014 INFO  [ElasticLearner] LearnerRole:102 - Learner recovery: disabled
20:00:38,016 INFO  [ElasticLearner] LearnerRole:108 - Learner auto_trim: disabled
20:00:38,025 INFO  [main-EventThread] RingManager:133 - RingManager ring 1 changed: [1, 2, 13, 14, 15] (succsessor: 15 at /10.10.1.14:2134)
20:00:38,030 INFO  [main-EventThread] RingManager:133 - RingManager ring 1 changed: [1, 2, 13, 14, 15] (succsessor: 15 at /10.10.1.14:2134)
20:00:38,035 INFO  [main] Replica:169 - Token [0], ringId [null], nodeId [14], snapshot_modulo [0], zoo_host [null], path [null], embebedLog [false], useDiskDb [true] with simple constructor
1671505238036, 0, 0
Reading from stdin
1671505239036, 0, 0
1671505240037, 0, 0
1671505241037, 0, 0
1671505242038, 0, 0
1671505243038, 0, 0
1671505244039, 125, 125
1671505245039, 128, 253
1671505246040, 124, 377
1671505247040, 131, 508
1671505248040, 123, 631
1671505249041, 122, 753
1671505250041, 129, 882
1671505251041, 122, 1004
1671505252042, 137, 1141
1671505253042, 129, 1270
1671505254042, 130, 1400
1671505255043, 130, 1530
1671505256043, 124, 1654
1671505257043, 127, 1781
1671505258043, 126, 1907
1671505259044, 124, 2031
1671505260044, 123, 2154
1671505261044, 123, 2277
1671505262045, 133, 2410
1671505263045, 119, 2529
1671505264045, 127, 2656
1671505265046, 119, 2775
1671505266046, 124, 2899
1671505267046, 124, 3023
1671505268047, 119, 3142
1671505269047, 124, 3266
1671505270047, 124, 3390
1671505271047, 129, 3519
1671505272048, 119, 3638
1671505273048, 0, 3638
20:01:13,480 ERROR [main-EventThread] TopologyManager:465 - org.apache.zookeeper.KeeperException$ConnectionLossException: KeeperErrorCode = ConnectionLoss for /ringpaxos/topology1/learners
20:01:13,581 ERROR [main-EventThread] TopologyManager:465 - org.apache.zookeeper.KeeperException$SessionExpiredException: KeeperErrorCode = Session expired for /ringpaxos/topology1/nodes
20:01:13,581 ERROR [main-EventThread] RingManager:232 - org.apache.zookeeper.KeeperException$SessionExpiredException: KeeperErrorCode = Session expired for /ringpaxos/topology1/nodes
