00:55:40,914 INFO  [main] RawABListener:48 - Initing a RawABListener...
00:55:40,924 INFO  [main] Node:101 - PID: 73763
00:55:41,155 INFO  [main] NetworkManager:117 - NetworkManager tcp_nodelay: true
00:55:41,159 INFO  [main] NetworkManager:123 - NetworkManager tcp_crc: false
00:55:41,160 INFO  [main] NetworkManager:127 - NetworkManager buf_size: 2097152
00:55:41,185 INFO  [main] ElasticLearnerRole:93 - ElasticLearnerRole replication group 1
00:55:41,186 INFO  [main] ElasticLearnerRole:97 - ElasticLearnerRole initial ring 1
00:55:41,187 INFO  [main] ElasticLearnerRole:102 - ElasticLearnerRole deliver_skip_messages: enabled
00:55:41,193 INFO  [ElasticLearner] LearnerRole:102 - Learner recovery: disabled
00:55:41,196 INFO  [ElasticLearner] LearnerRole:108 - Learner auto_trim: disabled
00:55:41,202 INFO  [main-EventThread] RingManager:133 - RingManager ring 1 changed: [1, 2, 13] (succsessor: 1 at /10.10.1.3:2384)
00:55:41,437 INFO  [main-EventThread] RingManager:133 - RingManager ring 1 changed: [1, 2, 13, 14] (succsessor: 14 at /10.10.1.6:2014)
00:55:41,457 INFO  [main] Replica:188 - Token [0], ringId [null], nodeId [13], snapshot_modulo [0], zoo_host [10.10.1.1], pathPrefix[/media/disk1/], path [/media/disk1/813fc18d-4209-4690-aa1f-5e37c6e0d5c0], embebedLog [false], useDiskDb [true] with complex constructor
1710917741458, 0, 0
Reading from stdin
1710917742459, 0, 0
1710917743459, 0, 0
1710917744460, 0, 0
1710917745460, 0, 0
1710917746461, 6776, 6776
1710917747462, 47798, 54574
1710917748463, 52549, 107123
1710917749464, 6085, 113208
1710917750465, 6933, 120141
1710917751466, 7437, 127578
1710917752467, 6997, 134575
1710917753468, 7434, 142009
1710917754469, 7212, 149221
1710917755469, 6671, 155892
1710917756470, 10716, 166608
1710917757471, 26191, 192799
1710917758471, 30600, 223399
1710917759472, 53934, 277333
1710917760472, 57597, 334930
1710917761473, 54206, 389136
1710917762474, 51008, 440144
1710917763474, 52632, 492776
1710917764475, 33399, 526175
1710917765476, 45740, 571915
1710917766476, 55029, 626944
1710917767477, 57030, 683974
1710917768477, 61239, 745213
1710917769478, 40363, 785576
1710917770478, 48592, 834168
1710917771479, 52153, 886321
1710917772479, 39785, 926106
1710917773480, 40439, 966545
1710917774480, 59526, 1026071
1710917775481, 37344, 1063415
1710917776482, 27637, 1091052
1710917777482, 352, 1091404
1710917778483, 0, 1091404
1710917779483, 0, 1091404
1710917780483, 9, 1091413
1710917781484, 0, 1091413
1710917782484, 0, 1091413
1710917783485, 0, 1091413
1710917784485, 0, 1091413
1710917785485, 148, 1091561
1710917786485, 81, 1091642
1710917787486, 0, 1091642
1710917788486, 0, 1091642
1710917789486, 0, 1091642
1710917790487, 0, 1091642
1710917791487, 0, 1091642
1710917792487, 0, 1091642
1710917793488, 0, 1091642
1710917794488, 0, 1091642
1710917795488, 0, 1091642
1710917796489, 0, 1091642
00:56:36,889 ERROR [main-EventThread] RingManager:232 - org.apache.zookeeper.KeeperException$SessionExpiredException: KeeperErrorCode = Session expired for /ringpaxos/topology1/nodes
00:56:36,987 ERROR [main-EventThread] TopologyManager:465 - org.apache.zookeeper.KeeperException$SessionExpiredException: KeeperErrorCode = Session expired for /ringpaxos/topology1/learners
00:56:36,988 ERROR [main-EventThread] TopologyManager:465 - org.apache.zookeeper.KeeperException$SessionExpiredException: KeeperErrorCode = Session expired for /ringpaxos/topology1/nodes
00:56:36,993 ERROR [main-EventThread] RingManager:232 - org.apache.zookeeper.KeeperException$SessionExpiredException: KeeperErrorCode = Session expired for /ringpaxos/topology1/nodes
1710917797489, 0, 1091642
