11:01:37,478 INFO  [main] RawABListener:48 - Initing a RawABListener...
11:01:37,486 INFO  [main] Node:101 - PID: 27433
11:01:37,675 INFO  [main] NetworkManager:117 - NetworkManager tcp_nodelay: true
11:01:37,679 INFO  [main] NetworkManager:123 - NetworkManager tcp_crc: false
11:01:37,679 INFO  [main] NetworkManager:127 - NetworkManager buf_size: 2097152
11:01:37,696 INFO  [main] ElasticLearnerRole:93 - ElasticLearnerRole replication group 1
11:01:37,697 INFO  [main] ElasticLearnerRole:97 - ElasticLearnerRole initial ring 1
11:01:37,698 INFO  [main] ElasticLearnerRole:102 - ElasticLearnerRole deliver_skip_messages: enabled
11:01:37,704 INFO  [ElasticLearner] LearnerRole:102 - Learner recovery: disabled
11:01:37,706 INFO  [ElasticLearner] LearnerRole:108 - Learner auto_trim: disabled
11:01:37,712 INFO  [main-EventThread] RingManager:133 - RingManager ring 1 changed: [1, 13, 15] (succsessor: 15 at /10.10.1.7:2201)
11:01:37,726 INFO  [main] Replica:165 - Token [0], ringId [null], nodeId [13], snapshot_modulo [0], zoo_host [null], path [null], embebedLog [false], useDiskDb [false] with simple constructor
Reading from stdin
1670176897726, 0, 0
11:01:37,740 INFO  [main-EventThread] RingManager:133 - RingManager ring 1 changed: [1, 2, 13, 15] (succsessor: 15 at /10.10.1.7:2201)
11:01:37,984 INFO  [main-EventThread] RingManager:133 - RingManager ring 1 changed: [1, 2, 13, 14, 15] (succsessor: 14 at /10.10.1.6:2832)
1670176898727, 0, 0
1670176899727, 0, 0
1670176900728, 0, 0
1670176901728, 0, 0
1670176902728, 0, 0
1670176903729, 109, 109
1670176904729, 113, 222
1670176905730, 127, 349
1670176906730, 118, 467
1670176907731, 130, 597
1670176908731, 125, 722
1670176909731, 121, 843
1670176910732, 129, 972
1670176911732, 129, 1101
1670176912733, 134, 1235
1670176913733, 133, 1368
1670176914733, 126, 1494
1670176915734, 121, 1615
1670176916734, 131, 1746
1670176917734, 121, 1867
1670176918735, 124, 1991
1670176919735, 123, 2114
1670176920735, 121, 2235
1670176921736, 123, 2358
1670176922736, 128, 2486
1670176923736, 127, 2613
1670176924737, 123, 2736
1670176925737, 129, 2865
1670176926737, 131, 2996
1670176927738, 121, 3117
1670176928738, 126, 3243
1670176929738, 126, 3369
1670176930738, 123, 3492
1670176931739, 124, 3616
1670176932739, 128, 3744
1670176933739, 134, 3878
1670176934740, 127, 4005
1670176935740, 118, 4123
1670176936740, 126, 4249
1670176937741, 131, 4380
1670176938741, 125, 4505
1670176939741, 121, 4626
1670176940742, 122, 4748
1670176941742, 119, 4867
1670176942742, 133, 5000
1670176943742, 130, 5130
1670176944743, 129, 5259
1670176945743, 126, 5385
1670176946743, 124, 5509
1670176947744, 122, 5631
1670176948744, 128, 5759
1670176949744, 119, 5878
1670176950744, 126, 6004
1670176951745, 123, 6127
1670176952745, 116, 6243
1670176953745, 123, 6366
1670176954745, 129, 6495
1670176955746, 133, 6628
1670176956746, 117, 6745
1670176957746, 125, 6870
1670176958747, 136, 7006
1670176959747, 130, 7136
1670176960747, 127, 7263
1670176961748, 130, 7393
1670176962748, 132, 7525
1670176963748, 124, 7649
1670176964749, 126, 7775
1670176965750, 126, 7901
1670176966750, 123, 8024
1670176967750, 131, 8155
1670176968750, 117, 8272
1670176969751, 131, 8403
1670176970751, 126, 8529
1670176971751, 125, 8654
1670176972752, 122, 8776
1670176973752, 128, 8904
1670176974752, 124, 9028
1670176975752, 132, 9160
1670176976753, 132, 9292
1670176977753, 124, 9416
1670176978753, 127, 9543
1670176979754, 125, 9668
1670176980754, 129, 9797
1670176981754, 131, 9928
1670176982754, 125, 10053
1670176983755, 125, 10178
1670176984755, 127, 10305
1670176985755, 131, 10436
1670176986755, 130, 10566
1670176987756, 131, 10697
1670176988756, 128, 10825
1670176989756, 133, 10958
1670176990757, 122, 11080
1670176991757, 134, 11214
1670176992757, 36, 11250
1670176993757, 0, 11250
1670176994758, 0, 11250
1670176995758, 0, 11250
