20:03:24,064 INFO  [main] RawABListener:48 - Initing a RawABListener...
20:03:24,072 INFO  [main] Node:101 - PID: 6184
20:03:24,265 INFO  [main] NetworkManager:117 - NetworkManager tcp_nodelay: true
20:03:24,269 INFO  [main] NetworkManager:123 - NetworkManager tcp_crc: false
20:03:24,269 INFO  [main] NetworkManager:127 - NetworkManager buf_size: 2097152
20:03:24,287 INFO  [main] ElasticLearnerRole:93 - ElasticLearnerRole replication group 1
20:03:24,287 INFO  [main] ElasticLearnerRole:97 - ElasticLearnerRole initial ring 1
20:03:24,289 INFO  [main] ElasticLearnerRole:102 - ElasticLearnerRole deliver_skip_messages: enabled
20:03:24,297 INFO  [ElasticLearner] LearnerRole:102 - Learner recovery: disabled
20:03:24,299 INFO  [ElasticLearner] LearnerRole:108 - Learner auto_trim: disabled
20:03:24,309 INFO  [main-EventThread] RingManager:133 - RingManager ring 1 changed: [1, 2, 13, 14, 15] (succsessor: 15 at /10.10.1.7:2693)
20:03:24,320 INFO  [main] Replica:165 - Token [0], ringId [null], nodeId [14], snapshot_modulo [0], zoo_host [null], path [null], embebedLog [false], useDiskDb [false] with simple constructor
1670123004320, 0, 0
Reading from stdin
20:03:24,424 INFO  [TCPListener] LearnerRole:167 - Learner start from instance 1 without recovery
1670123005321, 103, 103
1670123006321, 136, 239
1670123007322, 124, 363
1670123008322, 126, 489
1670123009323, 135, 624
1670123010323, 128, 752
1670123011323, 125, 877
1670123012324, 128, 1005
1670123013324, 119, 1124
1670123014325, 129, 1253
1670123015325, 129, 1382
1670123016325, 116, 1498
1670123017326, 125, 1623
1670123018326, 132, 1755
1670123019326, 126, 1881
1670123020327, 129, 2010
1670123021327, 121, 2131
1670123022327, 125, 2256
1670123023328, 131, 2387
1670123024328, 126, 2513
1670123025328, 126, 2639
1670123026329, 125, 2764
1670123027329, 133, 2897
1670123028329, 118, 3015
1670123029330, 121, 3136
1670123030330, 130, 3266
1670123031330, 128, 3394
1670123032331, 124, 3518
1670123033331, 121, 3639
1670123034331, 122, 3761
1670123035332, 131, 3892
1670123036332, 127, 4019
1670123037332, 127, 4146
1670123038333, 125, 4271
1670123039333, 131, 4402
1670123040333, 123, 4525
1670123041333, 123, 4648
1670123042334, 122, 4770
1670123043334, 120, 4890
1670123044334, 138, 5028
1670123045335, 122, 5150
1670123046335, 130, 5280
1670123047335, 131, 5411
1670123048336, 126, 5537
1670123049336, 124, 5661
1670123050336, 126, 5787
1670123051336, 127, 5914
1670123052337, 127, 6041
1670123053337, 126, 6167
1670123054337, 126, 6293
1670123055338, 126, 6419
1670123056338, 128, 6547
1670123057338, 125, 6672
1670123058341, 128, 6800
1670123059341, 128, 6928
1670123060342, 136, 7064
1670123061342, 122, 7186
1670123062342, 131, 7317
1670123063343, 130, 7447
1670123064343, 132, 7579
1670123065343, 127, 7706
1670123066343, 127, 7833
1670123067344, 124, 7957
1670123068344, 122, 8079
1670123069344, 127, 8206
1670123070345, 123, 8329
1670123071345, 125, 8454
1670123072345, 123, 8577
1670123073345, 124, 8701
1670123074346, 128, 8829
1670123075346, 124, 8953
1670123076346, 126, 9079
1670123077346, 119, 9198
1670123078347, 125, 9323
1670123079347, 132, 9455
1670123080347, 135, 9590
1670123081347, 125, 9715
1670123082348, 123, 9838
1670123083348, 135, 9973
1670123084348, 127, 10100
1670123085349, 123, 10223
1670123086349, 122, 10345
1670123087349, 121, 10466
1670123088350, 136, 10602
1670123089350, 125, 10727
1670123090350, 124, 10851
1670123091350, 122, 10973
1670123092351, 133, 11106
1670123093351, 139, 11245
1670123094351, 89, 11334
1670123095351, 0, 11334
1670123096352, 0, 11334
1670123097352, 0, 11334
1670123098352, 0, 11334
1670123099352, 0, 11334
1670123100353, 0, 11334
1670123101353, 0, 11334
20:05:02,007 INFO  [main-EventThread] RingManager:133 - RingManager ring 1 changed: [1, 2, 14, 15] (succsessor: 15 at /10.10.1.7:2693)
1670123102353, 0, 11334
1670123103353, 0, 11334
1670123104354, 0, 11334
1670123105354, 0, 11334
1670123106354, 0, 11334
1670123107354, 0, 11334
20:05:08,007 INFO  [main-EventThread] RingManager:133 - RingManager ring 1 changed: [2, 14, 15] (succsessor: 15 at /10.10.1.7:2693)
1670123108355, 0, 11334
1670123109355, 0, 11334
1670123110355, 0, 11334
1670123111355, 0, 11334
20:05:12,005 INFO  [main-EventThread] RingManager:133 - RingManager ring 1 changed: [14, 15] (succsessor: 15 at /10.10.1.7:2693)
1670123112356, 0, 11334
1670123113356, 0, 11334
1670123114356, 0, 11334
1670123115357, 0, 11334
1670123116357, 0, 11334
1670123117357, 0, 11334
1670123118357, 0, 11334
1670123119358, 0, 11334
1670123120358, 0, 11334
