14:14:55,120 INFO  [main] RawABListener:48 - Initing a RawABListener...
14:14:55,131 INFO  [main] Node:101 - PID: 25779
14:14:55,359 INFO  [main] NetworkManager:117 - NetworkManager tcp_nodelay: true
14:14:55,365 INFO  [main] NetworkManager:123 - NetworkManager tcp_crc: false
14:14:55,366 INFO  [main] NetworkManager:127 - NetworkManager buf_size: 2097152
14:14:55,392 INFO  [main] ElasticLearnerRole:93 - ElasticLearnerRole replication group 1
14:14:55,392 INFO  [main] ElasticLearnerRole:97 - ElasticLearnerRole initial ring 1
14:14:55,393 INFO  [main] ElasticLearnerRole:102 - ElasticLearnerRole deliver_skip_messages: enabled
14:14:55,398 INFO  [ElasticLearner] LearnerRole:102 - Learner recovery: disabled
14:14:55,400 INFO  [ElasticLearner] LearnerRole:108 - Learner auto_trim: disabled
14:14:55,407 INFO  [main-EventThread] RingManager:133 - RingManager ring 1 changed: [1, 2, 13] (succsessor: 1 at /10.10.1.3:2105)
14:14:55,415 INFO  [main-EventThread] RingManager:133 - RingManager ring 1 changed: [1, 2, 13, 14] (succsessor: 14 at /10.10.1.6:2706)
14:14:55,433 INFO  [main] Replica:172 - Token [0], ringId [null], nodeId [13], snapshot_modulo [0], zoo_host [null], path [null], embebedLog [false], useDiskDb [false] with simple constructor
1682712895434, 0, 0
Reading from stdin
1682712896435, 0, 0
1682712897435, 0, 0
1682712898436, 0, 0
14:14:58,954 INFO  [main-EventThread] RingManager:133 - RingManager ring 1 changed: [1, 2, 4, 13, 14] (succsessor: 14 at /10.10.1.6:2706)
1682712899436, 0, 0
1682712900437, 63, 63
1682712901437, 32500, 32563
1682712902438, 33960, 66523
1682712903438, 33458, 99981
1682712904439, 32367, 132348
1682712905439, 27735, 160083
1682712906440, 27402, 187485
1682712907441, 26746, 214231
1682712908442, 27266, 241497
1682712909442, 14368, 255865
1682712910443, 27868, 283733
1682712911443, 37849, 321582
1682712912444, 36529, 358111
1682712913444, 55192, 413303
1682712914444, 41148, 454451
1682712915445, 51343, 505794
1682712916446, 39777, 545571
1682712917446, 47705, 593276
1682712918447, 35588, 628864
1682712919447, 18119, 646983
1682712920448, 16132, 663115
1682712921448, 14368, 677483
1682712922449, 17555, 695038
1682712923450, 17963, 713001
1682712924450, 22895, 735896
1682712925451, 19537, 755433
1682712926451, 27314, 782747
1682712927452, 24832, 807579
1682712928452, 25351, 832930
1682712929453, 39616, 872546
1682712930453, 30271, 902817
1682712931454, 102, 902919
1682712932454, 0, 902919
1682712933454, 0, 902919
1682712934455, 0, 902919
1682712935455, 65, 902984
1682712936455, 0, 902984
1682712937456, 0, 902984
1682712938456, 0, 902984
1682712939457, 0, 902984
1682712940457, 0, 902984
1682712941457, 0, 902984
14:15:41,667 ERROR [main-EventThread] TopologyManager:465 - org.apache.zookeeper.KeeperException$SessionExpiredException: KeeperErrorCode = Session expired for /ringpaxos/topology1/nodes
14:15:41,671 ERROR [main-EventThread] RingManager:232 - org.apache.zookeeper.KeeperException$SessionExpiredException: KeeperErrorCode = Session expired for /ringpaxos/topology1/nodes
14:15:41,678 ERROR [main-EventThread] TopologyManager:465 - org.apache.zookeeper.KeeperException$SessionExpiredException: KeeperErrorCode = Session expired for /ringpaxos/topology1/learners
