18:45:57,890 INFO  [main] RawABListener:48 - Initing a RawABListener...
18:45:57,903 INFO  [main] Node:101 - PID: 25845
18:45:58,124 INFO  [main] NetworkManager:117 - NetworkManager tcp_nodelay: true
18:45:58,131 INFO  [main] NetworkManager:123 - NetworkManager tcp_crc: false
18:45:58,132 INFO  [main] NetworkManager:127 - NetworkManager buf_size: 2097152
18:45:58,155 INFO  [main] ElasticLearnerRole:93 - ElasticLearnerRole replication group 4
18:45:58,156 INFO  [main] ElasticLearnerRole:97 - ElasticLearnerRole initial ring 4
18:45:58,157 INFO  [main] ElasticLearnerRole:102 - ElasticLearnerRole deliver_skip_messages: enabled
18:45:58,163 INFO  [ElasticLearner] LearnerRole:102 - Learner recovery: disabled
18:45:58,169 INFO  [ElasticLearner] LearnerRole:108 - Learner auto_trim: disabled
18:45:58,174 INFO  [main-EventThread] RingManager:133 - RingManager ring 4 changed: [41, 42, 44] (succsessor: 41 at /10.10.1.3:2781)
18:45:58,203 INFO  [main] Replica:172 - Token [0], ringId [null], nodeId [44], snapshot_modulo [0], zoo_host [null], path [null], embebedLog [false], useDiskDb [true] with simple constructor
1681605958203, 0, 0
Reading from stdin
18:45:58,345 INFO  [main-EventThread] RingManager:133 - RingManager ring 4 changed: [41, 42, 43, 44] (succsessor: 41 at /10.10.1.3:2781)
1681605959204, 0, 0
1681605960204, 0, 0
1681605961205, 0, 0
1681605962205, 0, 0
18:46:03,169 INFO  [main-EventThread] RingManager:133 - RingManager ring 4 changed: [7, 41, 42, 43, 44] (succsessor: 7 at /10.10.1.7:2322)
1681605963206, 21, 21
18:46:03,258 INFO  [main-EventThread] RingManager:133 - RingManager ring 4 changed: [7, 8, 41, 42, 43, 44] (succsessor: 7 at /10.10.1.7:2322)
1681605964206, 496, 517
1681605965207, 497, 1014
1681605966208, 487, 1501
1681605967208, 488, 1989
1681605968209, 495, 2484
1681605969209, 500, 2984
1681605970210, 522, 3506
1681605971210, 505, 4011
1681605972211, 495, 4506
1681605973211, 498, 5004
1681605974212, 508, 5512
1681605975212, 495, 6007
1681605976213, 517, 6524
1681605977213, 491, 7015
1681605978214, 526, 7541
1681605979214, 504, 8045
1681605980214, 513, 8558
1681605981215, 503, 9061
1681605982215, 522, 9583
1681605983216, 508, 10091
1681605984217, 512, 10603
1681605985217, 502, 11105
1681605986218, 527, 11632
1681605987218, 493, 12125
1681605988219, 520, 12645
1681605989219, 492, 13137
1681605990220, 506, 13643
1681605991221, 504, 14147
1681605992222, 484, 14631
1681605993222, 407, 15038
1681605994223, 0, 15038
18:46:34,526 ERROR [main-EventThread] RingManager:232 - org.apache.zookeeper.KeeperException$SessionExpiredException: KeeperErrorCode = Session expired for /ringpaxos/topology4/nodes
18:46:34,625 ERROR [main-EventThread] TopologyManager:465 - org.apache.zookeeper.KeeperException$SessionExpiredException: KeeperErrorCode = Session expired for /ringpaxos/topology4/learners
18:46:34,626 ERROR [main-EventThread] TopologyManager:465 - org.apache.zookeeper.KeeperException$SessionExpiredException: KeeperErrorCode = Session expired for /ringpaxos/topology4/nodes
18:46:34,626 ERROR [main-EventThread] RingManager:232 - org.apache.zookeeper.KeeperException$SessionExpiredException: KeeperErrorCode = Session expired for /ringpaxos/topology4/nodes
