11:42:35,076 INFO  [main] RawABListener:48 - Initing a RawABListener...
11:42:35,095 INFO  [main] Node:101 - PID: 6859
11:42:35,319 INFO  [main] NetworkManager:117 - NetworkManager tcp_nodelay: true
11:42:35,323 INFO  [main] NetworkManager:123 - NetworkManager tcp_crc: false
11:42:35,323 INFO  [main] NetworkManager:127 - NetworkManager buf_size: 2097152
11:42:35,343 INFO  [main] ElasticLearnerRole:93 - ElasticLearnerRole replication group 3
11:42:35,343 INFO  [main] ElasticLearnerRole:97 - ElasticLearnerRole initial ring 3
11:42:35,344 INFO  [main] ElasticLearnerRole:102 - ElasticLearnerRole deliver_skip_messages: enabled
11:42:35,347 INFO  [ElasticLearner] LearnerRole:102 - Learner recovery: disabled
11:42:35,349 INFO  [ElasticLearner] LearnerRole:108 - Learner auto_trim: disabled
11:42:35,354 INFO  [main-EventThread] RingManager:133 - RingManager ring 3 changed: [31, 32, 34] (succsessor: 31 at /10.10.1.3:2879)
11:42:35,614 INFO  [main-EventThread] RingManager:133 - RingManager ring 3 changed: [31, 32, 33, 34] (succsessor: 31 at /10.10.1.3:2879)
11:42:40,572 INFO  [main-EventThread] RingManager:133 - RingManager ring 3 changed: [6, 31, 32, 33, 34] (succsessor: 6 at /10.10.1.6:2651)
11:42:40,650 INFO  [main-EventThread] RingManager:133 - RingManager ring 3 changed: [6, 7, 31, 32, 33, 34] (succsessor: 6 at /10.10.1.6:2651)
11:42:42,845 INFO  [main] Replica:172 - Token [0], ringId [null], nodeId [34], snapshot_modulo [0], zoo_host [null], path [null], embebedLog [false], useDiskDb [true] with simple constructor
1681666962870, 0, 0
Reading from stdin
1681666963873, 8363, 8363
1681666964874, 8910, 17273
1681666965875, 8073, 25346
1681666966875, 8598, 33944
1681666967876, 11451, 45395
1681666968877, 10510, 55905
1681666969878, 9867, 65772
1681666970879, 8557, 74329
1681666971880, 10285, 84614
1681666972880, 11475, 96089
1681666973881, 11549, 107638
1681666974881, 9217, 116855
1681666975882, 9521, 126376
1681666976882, 4647, 131023
1681666977883, 10164, 141187
1681666978884, 10942, 152129
1681666979885, 11630, 163759
1681666980886, 9810, 173569
1681666981887, 9287, 182856
1681666982887, 12372, 195228
1681666983888, 9759, 204987
1681666984888, 8899, 213886
1681666985889, 6107, 219993
1681666986889, 9140, 229133
1681666987890, 10386, 239519
1681666988890, 7921, 247440
1681666989890, 8945, 256385
1681666990891, 8354, 264739
1681666991891, 0, 264739
1681666992892, 0, 264739
1681666993892, 0, 264739
11:43:14,465 ERROR [TCPListener] SessionHandler:120 - Error in SessionHandler during reading!
java.nio.channels.ClosedSelectorException
	at java.base/sun.nio.ch.EPollSelectorImpl.ensureOpen(EPollSelectorImpl.java:98)
	at java.base/sun.nio.ch.EPollSelectorImpl.setEventOps(EPollSelectorImpl.java:243)
	at java.base/sun.nio.ch.SelectionKeyImpl.interestOps(SelectionKeyImpl.java:101)
	at ch.usi.da.paxos.ring.SessionHandler.handleReadable(SessionHandler.java:68)
	at ch.usi.da.paxos.ring.TCPListener.run(TCPListener.java:89)
	at java.base/java.lang.Thread.run(Thread.java:830)
11:43:14,473 INFO  [main-EventThread] RingManager:133 - RingManager ring 3 changed: [6, 7, 31, 34] (succsessor: 6 at /10.10.1.6:2651)
11:43:14,479 ERROR [main-EventThread] RingManager:232 - org.apache.zookeeper.KeeperException$ConnectionLossException: KeeperErrorCode = ConnectionLoss for /ringpaxos/topology3/nodes
11:43:14,580 ERROR [main-EventThread] TopologyManager:465 - org.apache.zookeeper.KeeperException$SessionExpiredException: KeeperErrorCode = Session expired for /ringpaxos/topology3/learners
11:43:14,581 ERROR [main-EventThread] TopologyManager:465 - org.apache.zookeeper.KeeperException$SessionExpiredException: KeeperErrorCode = Session expired for /ringpaxos/topology3/nodes
11:43:14,581 ERROR [main-EventThread] RingManager:232 - org.apache.zookeeper.KeeperException$SessionExpiredException: KeeperErrorCode = Session expired for /ringpaxos/topology3/nodes
