11:42:35,266 INFO  [main] RawABListener:48 - Initing a RawABListener...
11:42:35,277 INFO  [main] Node:101 - PID: 6224
11:42:35,494 INFO  [main] NetworkManager:117 - NetworkManager tcp_nodelay: true
11:42:35,498 INFO  [main] NetworkManager:123 - NetworkManager tcp_crc: false
11:42:35,499 INFO  [main] NetworkManager:127 - NetworkManager buf_size: 2097152
11:42:35,524 INFO  [main] ElasticLearnerRole:93 - ElasticLearnerRole replication group 1
11:42:35,525 INFO  [main] ElasticLearnerRole:97 - ElasticLearnerRole initial ring 1
11:42:35,525 INFO  [main] ElasticLearnerRole:102 - ElasticLearnerRole deliver_skip_messages: enabled
11:42:35,530 INFO  [ElasticLearner] LearnerRole:102 - Learner recovery: disabled
11:42:35,532 INFO  [ElasticLearner] LearnerRole:108 - Learner auto_trim: disabled
11:42:35,539 INFO  [main-EventThread] RingManager:133 - RingManager ring 1 changed: [1, 2, 13, 14] (succsessor: 14 at /10.10.1.6:2600)
11:42:38,887 INFO  [main-EventThread] RingManager:133 - RingManager ring 1 changed: [1, 2, 4, 13, 14] (succsessor: 14 at /10.10.1.6:2600)
11:42:40,093 INFO  [main-EventThread] RingManager:133 - RingManager ring 1 changed: [1, 2, 4, 5, 13, 14] (succsessor: 14 at /10.10.1.6:2600)
11:42:42,294 INFO  [main] Replica:172 - Token [0], ringId [null], nodeId [13], snapshot_modulo [0], zoo_host [null], path [null], embebedLog [false], useDiskDb [true] with simple constructor
1681666962295, 0, 0
Reading from stdin
1681666963295, 7099, 7099
1681666964296, 11627, 18726
1681666965297, 9585, 28311
1681666966297, 6799, 35110
1681666967298, 8167, 43277
1681666968299, 9823, 53100
1681666969299, 9137, 62237
1681666970300, 10023, 72260
1681666971301, 10192, 82452
1681666972302, 12581, 95033
1681666973302, 9736, 104769
1681666974303, 10485, 115254
1681666975305, 9334, 124588
1681666976305, 8738, 133326
1681666977306, 10551, 143877
1681666978306, 11189, 155066
1681666979307, 7814, 162880
1681666980308, 10578, 173458
1681666981309, 6015, 179473
1681666982309, 8844, 188317
1681666983310, 10402, 198719
1681666984311, 10234, 208953
1681666985311, 9464, 218417
1681666986312, 6934, 225351
1681666987320, 7975, 233326
1681666988321, 6829, 240155
1681666989322, 7895, 248050
1681666990322, 8879, 256929
1681666991323, 601, 257530
1681666992323, 0, 257530
1681666993324, 0, 257530
1681666994324, 0, 257530
11:43:14,470 ERROR [main-EventThread] TopologyManager:465 - org.apache.zookeeper.KeeperException$SessionExpiredException: KeeperErrorCode = Session expired for /ringpaxos/topology1/nodes
11:43:14,571 ERROR [main-EventThread] RingManager:232 - org.apache.zookeeper.KeeperException$SessionExpiredException: KeeperErrorCode = Session expired for /ringpaxos/topology1/nodes
11:43:14,578 ERROR [main-EventThread] TopologyManager:465 - org.apache.zookeeper.KeeperException$SessionExpiredException: KeeperErrorCode = Session expired for /ringpaxos/topology1/learners
