13:11:25,293 INFO  [main] RawABListener:48 - Initing a RawABListener...
13:11:25,312 INFO  [main] Node:101 - PID: 22514
13:11:25,544 INFO  [main] NetworkManager:117 - NetworkManager tcp_nodelay: true
13:11:25,548 INFO  [main] NetworkManager:123 - NetworkManager tcp_crc: false
13:11:25,548 INFO  [main] NetworkManager:127 - NetworkManager buf_size: 2097152
13:11:25,572 INFO  [main] ElasticLearnerRole:93 - ElasticLearnerRole replication group 2
13:11:25,573 INFO  [main] ElasticLearnerRole:97 - ElasticLearnerRole initial ring 2
13:11:25,573 INFO  [main] ElasticLearnerRole:102 - ElasticLearnerRole deliver_skip_messages: enabled
13:11:25,578 INFO  [ElasticLearner] LearnerRole:102 - Learner recovery: disabled
13:11:25,580 INFO  [ElasticLearner] LearnerRole:108 - Learner auto_trim: disabled
13:11:25,581 INFO  [main-EventThread] RingManager:133 - RingManager ring 2 changed: [21, 22, 23, 24] (succsessor: 24 at /10.10.1.6:2935)
13:11:29,163 INFO  [main-EventThread] RingManager:133 - RingManager ring 2 changed: [5, 21, 22, 23, 24] (succsessor: 24 at /10.10.1.6:2935)
13:11:35,308 INFO  [main] Replica:172 - Token [0], ringId [null], nodeId [23], snapshot_modulo [0], zoo_host [null], path [null], embebedLog [false], useDiskDb [true] with simple constructor
1682709095309, 0, 0
Reading from stdin
1682709096310, 3225, 3225
1682709097310, 9993, 13218
1682709098311, 10488, 23706
1682709099311, 8700, 32406
1682709100312, 10664, 43070
1682709101313, 8849, 51919
1682709102314, 6990, 58909
1682709103315, 8523, 67432
1682709104316, 9782, 77214
1682709105317, 9014, 86228
1682709106317, 6689, 92917
1682709107318, 8154, 101071
1682709108319, 7614, 108685
1682709109319, 8005, 116690
1682709110320, 8426, 125116
1682709111320, 9608, 134724
1682709112321, 9829, 144553
1682709113321, 8853, 153406
1682709114322, 8706, 162112
1682709115322, 9919, 172031
1682709116323, 8675, 180706
1682709117323, 11517, 192223
1682709118323, 8714, 200937
1682709119324, 12395, 213332
1682709120324, 12339, 225671
1682709121324, 9887, 235558
1682709122325, 510, 236068
1682709123325, 0, 236068
13:12:04,057 ERROR [TCPListener] SessionHandler:120 - Error in SessionHandler during reading!
java.nio.channels.ClosedSelectorException
	at java.base/sun.nio.ch.EPollSelectorImpl.ensureOpen(EPollSelectorImpl.java:98)
	at java.base/sun.nio.ch.EPollSelectorImpl.setEventOps(EPollSelectorImpl.java:243)
	at java.base/sun.nio.ch.SelectionKeyImpl.interestOps(SelectionKeyImpl.java:101)
	at ch.usi.da.paxos.ring.SessionHandler.handleReadable(SessionHandler.java:68)
	at ch.usi.da.paxos.ring.TCPListener.run(TCPListener.java:89)
	at java.base/java.lang.Thread.run(Thread.java:830)
13:12:04,067 ERROR [main-EventThread] TopologyManager:387 - org.apache.zookeeper.KeeperException$SessionExpiredException: KeeperErrorCode = Session expired for /ringpaxos/topology2/nodes/5
13:12:04,067 INFO  [main-EventThread] RingManager:133 - RingManager ring 2 changed: [5, 21, 23] (succsessor: 5 at null)
13:12:04,071 ERROR [main-EventThread] ClientCnxn:537 - Error while calling watcher 
java.lang.NullPointerException
	at java.base/sun.nio.ch.Net.checkAddress(Net.java:126)
	at java.base/sun.nio.ch.SocketChannelImpl.checkRemote(SocketChannelImpl.java:706)
	at java.base/sun.nio.ch.SocketChannelImpl.connect(SocketChannelImpl.java:720)
	at ch.usi.da.paxos.ring.NetworkManager.connectClient(NetworkManager.java:291)
	at ch.usi.da.paxos.ring.RingManager.notifyRingChanged(RingManager.java:136)
	at ch.usi.da.paxos.ring.RingManager.process(RingManager.java:210)
	at org.apache.zookeeper.ClientCnxn$EventThread.processEvent(ClientCnxn.java:535)
	at org.apache.zookeeper.ClientCnxn$EventThread.run(ClientCnxn.java:510)
13:12:04,168 ERROR [main-EventThread] TopologyManager:465 - org.apache.zookeeper.KeeperException$SessionExpiredException: KeeperErrorCode = Session expired for /ringpaxos/topology2/learners
13:12:04,168 ERROR [main-EventThread] TopologyManager:465 - org.apache.zookeeper.KeeperException$SessionExpiredException: KeeperErrorCode = Session expired for /ringpaxos/topology2/nodes
13:12:04,169 ERROR [main-EventThread] RingManager:232 - org.apache.zookeeper.KeeperException$SessionExpiredException: KeeperErrorCode = Session expired for /ringpaxos/topology2/nodes
13:12:04,169 ERROR [main-EventThread] TopologyManager:465 - org.apache.zookeeper.KeeperException$SessionExpiredException: KeeperErrorCode = Session expired for /ringpaxos/topology2/nodes
13:12:04,169 ERROR [main-EventThread] RingManager:232 - org.apache.zookeeper.KeeperException$SessionExpiredException: KeeperErrorCode = Session expired for /ringpaxos/topology2/nodes
