15:26:15,922 INFO  [main] RawABListener:48 - Initing a RawABListener...
15:26:15,938 INFO  [main] Node:101 - PID: 32574
15:26:16,182 INFO  [main] NetworkManager:117 - NetworkManager tcp_nodelay: true
15:26:16,186 INFO  [main] NetworkManager:123 - NetworkManager tcp_crc: false
15:26:16,187 INFO  [main] NetworkManager:127 - NetworkManager buf_size: 2097152
15:26:16,209 INFO  [main] ElasticLearnerRole:93 - ElasticLearnerRole replication group 1
15:26:16,209 INFO  [main] ElasticLearnerRole:97 - ElasticLearnerRole initial ring 1
15:26:16,210 INFO  [main] ElasticLearnerRole:102 - ElasticLearnerRole deliver_skip_messages: enabled
15:26:16,216 INFO  [ElasticLearner] LearnerRole:102 - Learner recovery: disabled
15:26:16,218 INFO  [ElasticLearner] LearnerRole:108 - Learner auto_trim: disabled
15:26:16,223 INFO  [main-EventThread] RingManager:133 - RingManager ring 1 changed: [1, 14, 15] (succsessor: 15 at /10.10.1.7:2256)
15:26:16,229 INFO  [main-EventThread] RingManager:133 - RingManager ring 1 changed: [1, 13, 14, 15] (succsessor: 15 at /10.10.1.7:2256)
15:26:16,243 INFO  [main] Replica:165 - Token [0], ringId [null], nodeId [14], snapshot_modulo [0], zoo_host [null], path [null], embebedLog [false], useDiskDb [false] with simple constructor
1670192776243, 0, 0
Reading from stdin
15:26:16,246 INFO  [main-EventThread] RingManager:133 - RingManager ring 1 changed: [1, 2, 13, 14, 15] (succsessor: 15 at /10.10.1.7:2256)
1670192777244, 0, 0
1670192778244, 0, 0
1670192779244, 0, 0
1670192780245, 0, 0
1670192781245, 22, 22
1670192782246, 120, 142
1670192783246, 123, 265
1670192784246, 126, 391
1670192785247, 131, 522
1670192786247, 125, 647
15:26:26,515 INFO  [main-EventThread] RingManager:133 - RingManager ring 1 changed: [1, 2, 4, 13, 14, 15] (succsessor: 15 at /10.10.1.7:2256)
15:26:26,552 ERROR [TCPListener] LearnerRole:219 - Learner received decision without value! [Decision from:2 to:Learner instance:630 ballot:11 v_ballot:0 value:<none> (889645184121541)]
1670192787247, 53, 700
15:26:27,529 INFO  [main-EventThread] RingManager:133 - RingManager ring 1 changed: [1, 2, 4, 5, 13, 14, 15] (succsessor: 15 at /10.10.1.7:2256)
15:26:27,535 ERROR [TCPListener] LearnerRole:219 - Learner received decision without value! [Decision from:2 to:Learner instance:684 ballot:11 v_ballot:0 value:<none> (889655280580941)]
15:26:27,553 ERROR [TCPListener] LearnerRole:219 - Learner received decision without value! [Decision from:2 to:Learner instance:685 ballot:11 v_ballot:0 value:<none> (889655492127871)]
1670192788248, 57, 757
1670192789248, 135, 892
1670192790248, 125, 1017
1670192791249, 124, 1141
1670192792249, 125, 1266
1670192793249, 122, 1388
1670192794250, 119, 1507
1670192795250, 125, 1632
1670192796250, 130, 1762
1670192797251, 129, 1891
1670192798251, 128, 2019
1670192799251, 132, 2151
1670192800252, 124, 2275
1670192801252, 123, 2398
1670192802252, 135, 2533
1670192803253, 121, 2654
1670192804253, 129, 2783
1670192805253, 124, 2907
1670192806254, 131, 3038
1670192807254, 124, 3162
1670192808254, 127, 3289
1670192809254, 121, 3410
1670192810255, 125, 3535
1670192811255, 128, 3663
1670192812255, 126, 3789
1670192813256, 122, 3911
1670192814256, 132, 4043
1670192815256, 119, 4162
1670192816257, 123, 4285
1670192817257, 129, 4414
1670192818257, 121, 4535
1670192819258, 117, 4652
1670192820258, 120, 4772
1670192821258, 119, 4891
1670192822258, 131, 5022
1670192823259, 136, 5158
1670192824259, 128, 5286
1670192825259, 120, 5406
1670192826259, 125, 5531
1670192827260, 117, 5648
1670192828260, 126, 5774
1670192829260, 130, 5904
1670192830261, 127, 6031
1670192831261, 120, 6151
1670192832261, 126, 6277
1670192833261, 127, 6404
1670192834262, 119, 6523
1670192835262, 122, 6645
1670192836262, 125, 6770
1670192837263, 117, 6887
1670192838263, 132, 7019
1670192839263, 125, 7144
1670192840263, 128, 7272
1670192841264, 128, 7400
1670192842264, 127, 7527
1670192843264, 128, 7655
1670192844265, 136, 7791
1670192845267, 119, 7910
1670192846267, 132, 8042
1670192847267, 130, 8172
1670192848268, 127, 8299
1670192849268, 127, 8426
1670192850268, 128, 8554
1670192851268, 130, 8684
1670192852269, 121, 8805
1670192853269, 133, 8938
1670192854269, 130, 9068
1670192855270, 129, 9197
1670192856270, 129, 9326
1670192857271, 126, 9452
1670192858271, 125, 9577
1670192859271, 143, 9720
1670192860272, 129, 9849
1670192861272, 134, 9983
1670192862272, 129, 10112
1670192863273, 118, 10230
1670192864273, 137, 10367
1670192865273, 127, 10494
1670192866273, 123, 10617
1670192867274, 125, 10742
1670192868274, 128, 10870
1670192869274, 136, 11006
1670192870274, 101, 11107
1670192871275, 0, 11107
1670192872275, 0, 11107
1670192873275, 0, 11107
1670192874275, 0, 11107
1670192875276, 0, 11107
1670192876276, 0, 11107
1670192877276, 0, 11107
15:27:58,006 INFO  [main-EventThread] RingManager:133 - RingManager ring 1 changed: [1, 2, 4, 5, 14, 15] (succsessor: 15 at /10.10.1.7:2256)
1670192878276, 0, 11107
1670192879277, 0, 11107
15:28:00,005 INFO  [main-EventThread] RingManager:133 - RingManager ring 1 changed: [1, 2, 4, 14, 15] (succsessor: 15 at /10.10.1.7:2256)
1670192880277, 0, 11107
1670192881277, 0, 11107
1670192882277, 0, 11107
1670192883278, 0, 11107
1670192884278, 0, 11107
1670192885278, 0, 11107
15:28:06,004 INFO  [main-EventThread] RingManager:133 - RingManager ring 1 changed: [2, 4, 14, 15] (succsessor: 15 at /10.10.1.7:2256)
1670192886279, 0, 11107
1670192887279, 0, 11107
15:28:08,005 INFO  [main-EventThread] RingManager:133 - RingManager ring 1 changed: [4, 14, 15] (succsessor: 15 at /10.10.1.7:2256)
1670192888279, 0, 11107
