07:51:22,878 INFO  [main] RawABListener:48 - Initing a RawABListener...
07:51:22,888 INFO  [main] Node:101 - PID: 123604
07:51:23,084 INFO  [main] NetworkManager:117 - NetworkManager tcp_nodelay: true
07:51:23,089 INFO  [main] NetworkManager:123 - NetworkManager tcp_crc: false
07:51:23,090 INFO  [main] NetworkManager:127 - NetworkManager buf_size: 2097152
07:51:23,114 INFO  [main] ElasticLearnerRole:93 - ElasticLearnerRole replication group 1
07:51:23,115 INFO  [main] ElasticLearnerRole:97 - ElasticLearnerRole initial ring 1
07:51:23,116 INFO  [main] ElasticLearnerRole:102 - ElasticLearnerRole deliver_skip_messages: enabled
07:51:23,121 INFO  [ElasticLearner] LearnerRole:102 - Learner recovery: disabled
07:51:23,124 INFO  [ElasticLearner] LearnerRole:108 - Learner auto_trim: disabled
07:51:23,130 INFO  [main-EventThread] RingManager:133 - RingManager ring 1 changed: [1, 2, 14] (succsessor: 1 at /155.98.36.29:2229)
07:51:23,255 INFO  [main] Replica:188 - Token [0], ringId [null], nodeId [14], snapshot_modulo [0], zoo_host [10.10.1.1], pathPrefix[/media/disk5/], path [/media/disk5/8eab00d7-c2f2-42e4-9078-485f231d7fb6], embebedLog [true], useDiskDb [false] with complex constructor
1710337883256, 0, 0
Reading from stdin
07:51:23,324 INFO  [main-EventThread] RingManager:133 - RingManager ring 1 changed: [1, 2, 13, 14] (succsessor: 1 at /155.98.36.29:2229)
1710337884256, 0, 0
1710337885257, 0, 0
1710337886257, 0, 0
1710337887258, 0, 0
1710337888258, 7987, 7987
1710337889259, 27191, 35178
1710337890260, 24945, 60123
1710337891260, 22671, 82794
1710337892261, 26455, 109249
1710337893262, 28911, 138160
1710337894262, 25381, 163541
1710337895264, 26023, 189564
1710337896264, 26536, 216100
1710337897265, 27927, 244027
1710337898265, 26046, 270073
1710337899265, 24597, 294670
1710337900266, 24957, 319627
1710337901266, 24552, 344179
1710337902267, 26720, 370899
1710337903267, 22193, 393092
1710337904268, 26941, 420033
1710337905268, 24276, 444309
1710337906269, 25110, 469419
1710337907270, 27634, 497053
1710337908270, 22525, 519578
1710337909271, 25469, 545047
1710337910271, 22287, 567334
1710337911272, 24903, 592237
1710337912272, 24534, 616771
1710337913273, 23356, 640127
1710337914273, 26490, 666617
1710337915274, 24462, 691079
1710337916274, 24676, 715755
1710337917275, 23124, 738879
1710337918275, 18498, 757377
1710337919275, 0, 757377
1710337920276, 0, 757377
1710337921277, 0, 757377
1710337922277, 0, 757377
1710337923277, 0, 757377
1710337924278, 0, 757377
1710337925278, 0, 757377
1710337926278, 0, 757377
1710337927279, 129, 757506
1710337928279, 0, 757506
07:52:08,754 ERROR [main-EventThread] TopologyManager:465 - org.apache.zookeeper.KeeperException$SessionExpiredException: KeeperErrorCode = Session expired for /ringpaxos/topology1/nodes
07:52:08,855 ERROR [main-EventThread] RingManager:232 - org.apache.zookeeper.KeeperException$SessionExpiredException: KeeperErrorCode = Session expired for /ringpaxos/topology1/nodes
07:52:08,856 ERROR [main-EventThread] TopologyManager:465 - org.apache.zookeeper.KeeperException$SessionExpiredException: KeeperErrorCode = Session expired for /ringpaxos/topology1/learners
1710337929280, 0, 757506
