20:47:43,907 INFO  [main] RawABListener:48 - Initing a RawABListener...
20:47:43,915 INFO  [main] Node:101 - PID: 12751
20:47:44,131 INFO  [main] NetworkManager:117 - NetworkManager tcp_nodelay: true
20:47:44,134 INFO  [main] NetworkManager:123 - NetworkManager tcp_crc: false
20:47:44,135 INFO  [main] NetworkManager:127 - NetworkManager buf_size: 2097152
20:47:44,150 INFO  [main] ElasticLearnerRole:93 - ElasticLearnerRole replication group 2
20:47:44,151 INFO  [main] ElasticLearnerRole:97 - ElasticLearnerRole initial ring 2
20:47:44,151 INFO  [main] ElasticLearnerRole:102 - ElasticLearnerRole deliver_skip_messages: enabled
20:47:44,156 INFO  [ElasticLearner] LearnerRole:102 - Learner recovery: disabled
20:47:44,158 INFO  [ElasticLearner] LearnerRole:108 - Learner auto_trim: disabled
20:47:44,168 INFO  [main-EventThread] RingManager:133 - RingManager ring 2 changed: [22, 24, 25] (succsessor: 22 at /10.10.1.7:2720)
20:47:44,174 INFO  [main-EventThread] RingManager:133 - RingManager ring 2 changed: [22, 23, 24, 25] (succsessor: 22 at /10.10.1.7:2720)
20:47:44,177 INFO  [main] Replica:169 - Token [0], ringId [null], nodeId [25], snapshot_modulo [0], zoo_host [null], path [null], embebedLog [true], useDiskDb [false] with simple constructor
1671508064178, 0, 0
Reading from stdin
20:47:44,263 INFO  [main-EventThread] RingManager:133 - RingManager ring 2 changed: [21, 22, 23, 24, 25] (succsessor: 21 at /10.10.1.6:2050)
1671508065178, 0, 0
1671508066179, 0, 0
1671508067179, 0, 0
1671508068180, 0, 0
1671508069180, 6, 6
1671508070180, 64, 70
1671508071181, 62, 132
1671508072181, 58, 190
1671508073182, 67, 257
1671508074182, 57, 314
1671508075182, 61, 375
1671508076183, 62, 437
1671508077183, 63, 500
1671508078183, 57, 557
1671508079184, 56, 613
1671508080184, 63, 676
1671508081184, 59, 735
1671508082185, 70, 805
1671508083185, 68, 873
1671508084185, 54, 927
1671508085186, 67, 994
1671508086186, 57, 1051
1671508087186, 62, 1113
1671508088187, 58, 1171
1671508089187, 62, 1233
1671508090187, 60, 1293
1671508091188, 66, 1359
1671508092188, 68, 1427
1671508093188, 58, 1485
1671508094188, 61, 1546
1671508095189, 60, 1606
1671508096189, 65, 1671
1671508097189, 63, 1734
1671508098189, 61, 1795
1671508099190, 0, 1795
20:48:19,481 ERROR [main-EventThread] TopologyManager:465 - org.apache.zookeeper.KeeperException$ConnectionLossException: KeeperErrorCode = ConnectionLoss for /ringpaxos/topology2/nodes
20:48:19,582 ERROR [main-EventThread] RingManager:232 - org.apache.zookeeper.KeeperException$SessionExpiredException: KeeperErrorCode = Session expired for /ringpaxos/topology2/nodes
20:48:19,586 ERROR [main-EventThread] TopologyManager:465 - org.apache.zookeeper.KeeperException$SessionExpiredException: KeeperErrorCode = Session expired for /ringpaxos/topology2/learners
