19:50:36,509 INFO  [main] RawABListener:48 - Initing a RawABListener...
19:50:36,516 INFO  [main] Node:101 - PID: 5491
19:50:36,737 INFO  [main] NetworkManager:117 - NetworkManager tcp_nodelay: true
19:50:36,741 INFO  [main] NetworkManager:123 - NetworkManager tcp_crc: false
19:50:36,742 INFO  [main] NetworkManager:127 - NetworkManager buf_size: 2097152
19:50:36,760 INFO  [main] ElasticLearnerRole:93 - ElasticLearnerRole replication group 2
19:50:36,761 INFO  [main] ElasticLearnerRole:97 - ElasticLearnerRole initial ring 2
19:50:36,762 INFO  [main] ElasticLearnerRole:102 - ElasticLearnerRole deliver_skip_messages: enabled
19:50:36,768 INFO  [ElasticLearner] LearnerRole:102 - Learner recovery: enabled
19:50:36,770 INFO  [ElasticLearner] LearnerRole:108 - Learner auto_trim: disabled
19:50:36,773 INFO  [main-EventThread] RingManager:133 - RingManager ring 2 changed: [23, 24, 25] (succsessor: 24 at /10.10.1.10:2504)
19:50:36,779 INFO  [main-EventThread] RingManager:133 - RingManager ring 2 changed: [21, 23, 24, 25] (succsessor: 24 at /10.10.1.10:2504)
19:50:36,790 INFO  [main-EventThread] RingManager:133 - RingManager ring 2 changed: [21, 23, 24, 25] (succsessor: 24 at /10.10.1.10:2504)
19:50:36,796 INFO  [main] Replica:169 - Token [0], ringId [null], nodeId [23], snapshot_modulo [0], zoo_host [null], path [null], embebedLog [false], useDiskDb [true] with simple constructor
1671504636797, 0, 0
Reading from stdin
19:50:36,799 INFO  [main-EventThread] RingManager:133 - RingManager ring 2 changed: [21, 22, 23, 24, 25] (succsessor: 24 at /10.10.1.10:2504)
1671504637797, 0, 0
1671504638798, 0, 0
1671504639798, 0, 0
1671504640799, 0, 0
1671504641799, 259, 259
1671504642799, 3908, 4167
1671504643800, 3932, 8099
1671504644800, 3917, 12016
1671504645801, 4019, 16035
1671504646801, 3916, 19951
1671504647802, 3950, 23901
1671504648802, 3909, 27810
1671504649803, 3990, 31800
1671504650804, 3993, 35793
1671504651804, 3906, 39699
1671504652804, 3975, 43674
1671504653805, 3897, 47571
1671504654805, 3983, 51554
1671504655805, 4008, 55562
1671504656806, 3945, 59507
1671504657806, 3942, 63449
1671504658807, 3932, 67381
1671504659807, 3972, 71353
1671504660808, 3899, 75252
1671504661809, 3963, 79215
1671504662809, 3972, 83187
1671504663809, 3986, 87173
1671504664810, 3931, 91104
1671504665810, 3943, 95047
1671504666810, 3946, 98993
1671504667811, 3895, 102888
1671504668811, 3981, 106869
1671504669811, 3984, 110853
1671504670812, 3879, 114732
1671504671812, 845, 115577
19:51:12,419 ERROR [main-EventThread] TopologyManager:465 - org.apache.zookeeper.KeeperException$ConnectionLossException: KeeperErrorCode = ConnectionLoss for /ringpaxos/topology2/nodes
19:51:12,522 ERROR [main-EventThread] RingManager:232 - org.apache.zookeeper.KeeperException$SessionExpiredException: KeeperErrorCode = Session expired for /ringpaxos/topology2/nodes
19:51:12,523 ERROR [main-EventThread] TopologyManager:465 - org.apache.zookeeper.KeeperException$SessionExpiredException: KeeperErrorCode = Session expired for /ringpaxos/topology2/learners
