21:30:13,659 INFO  [main] RawABListener:48 - Initing a RawABListener...
21:30:13,669 INFO  [main] Node:101 - PID: 4636
21:30:13,861 INFO  [main] NetworkManager:117 - NetworkManager tcp_nodelay: true
21:30:13,866 INFO  [main] NetworkManager:123 - NetworkManager tcp_crc: false
21:30:13,866 INFO  [main] NetworkManager:127 - NetworkManager buf_size: 2097152
21:30:13,892 INFO  [main] ElasticLearnerRole:93 - ElasticLearnerRole replication group 2
21:30:13,893 INFO  [main] ElasticLearnerRole:97 - ElasticLearnerRole initial ring 2
21:30:13,893 INFO  [main] ElasticLearnerRole:102 - ElasticLearnerRole deliver_skip_messages: enabled
21:30:13,898 INFO  [ElasticLearner] LearnerRole:102 - Learner recovery: disabled
21:30:13,900 INFO  [ElasticLearner] LearnerRole:108 - Learner auto_trim: disabled
21:30:13,905 INFO  [main-EventThread] RingManager:133 - RingManager ring 2 changed: [21, 22, 24] (succsessor: 21 at /10.10.1.7:2752)
21:30:13,921 INFO  [main] Replica:169 - Token [0], ringId [null], nodeId [24], snapshot_modulo [0], zoo_host [null], path [null], embebedLog [false], useDiskDb [true] with simple constructor
1671597013921, 0, 0
Reading from stdin
21:30:13,955 INFO  [main-EventThread] RingManager:133 - RingManager ring 2 changed: [21, 22, 23, 24] (succsessor: 21 at /10.10.1.7:2752)
21:30:14,050 INFO  [main-EventThread] RingManager:133 - RingManager ring 2 changed: [21, 22, 23, 24, 25] (succsessor: 25 at /10.10.1.11:2157)
1671597014922, 0, 0
1671597015922, 0, 0
1671597016923, 0, 0
1671597017923, 0, 0
1671597018924, 131, 131
1671597019924, 3715, 3846
1671597020924, 3817, 7663
1671597021925, 3716, 11379
1671597022925, 3759, 15138
1671597023926, 3393, 18531
1671597024926, 3802, 22333
1671597025929, 3833, 26166
1671597026929, 3789, 29955
1671597027930, 3818, 33773
1671597028930, 3853, 37626
1671597029931, 4099, 41725
1671597030931, 4062, 45787
1671597031932, 4011, 49798
1671597032932, 4004, 53802
1671597033932, 4121, 57923
1671597034933, 4039, 61962
1671597035933, 4056, 66018
1671597036934, 3723, 69741
1671597037934, 3626, 73367
1671597038935, 3634, 77001
1671597039935, 3606, 80607
1671597040935, 3589, 84196
1671597041936, 3600, 87796
1671597042936, 3562, 91358
1671597043937, 3601, 94959
1671597044937, 3539, 98498
1671597045938, 3582, 102080
1671597046938, 3745, 105825
1671597047938, 4076, 109901
1671597048939, 382, 110283
1671597049940, 0, 110283
1671597050940, 0, 110283
1671597051940, 0, 110283
1671597052940, 0, 110283
1671597053941, 0, 110283
1671597054941, 0, 110283
1671597055941, 0, 110283
21:30:56,176 ERROR [main-EventThread] TopologyManager:465 - org.apache.zookeeper.KeeperException$SessionExpiredException: KeeperErrorCode = Session expired for /ringpaxos/topology2/nodes
21:30:56,276 ERROR [main-EventThread] RingManager:232 - org.apache.zookeeper.KeeperException$SessionExpiredException: KeeperErrorCode = Session expired for /ringpaxos/topology2/nodes
21:30:56,283 ERROR [main-EventThread] TopologyManager:465 - org.apache.zookeeper.KeeperException$SessionExpiredException: KeeperErrorCode = Session expired for /ringpaxos/topology2/learners
