19:46:01,640 INFO  [main] RawABListener:48 - Initing a RawABListener...
19:46:01,651 INFO  [main] Node:101 - PID: 16923
19:46:01,859 INFO  [main] NetworkManager:117 - NetworkManager tcp_nodelay: true
19:46:01,865 INFO  [main] NetworkManager:123 - NetworkManager tcp_crc: false
19:46:01,865 INFO  [main] NetworkManager:127 - NetworkManager buf_size: 2097152
19:46:01,889 INFO  [main] ElasticLearnerRole:93 - ElasticLearnerRole replication group 1
19:46:01,889 INFO  [main] ElasticLearnerRole:97 - ElasticLearnerRole initial ring 1
19:46:01,890 INFO  [main] ElasticLearnerRole:102 - ElasticLearnerRole deliver_skip_messages: enabled
19:46:01,894 INFO  [ElasticLearner] LearnerRole:102 - Learner recovery: disabled
19:46:01,896 INFO  [ElasticLearner] LearnerRole:108 - Learner auto_trim: disabled
19:46:01,899 INFO  [main-EventThread] RingManager:133 - RingManager ring 1 changed: [1, 2, 13, 14] (succsessor: 14 at /10.10.1.6:2948)
19:46:02,190 INFO  [main] Replica:188 - Token [0], ringId [null], nodeId [13], snapshot_modulo [0], zoo_host [10.10.1.1], pathPrefix[/media/disk1/], path [/media/disk1/a00ca55b-a5c7-40d5-babc-8d6e16940643], embebedLog [false], useDiskDb [true] with complex constructor
1710899162191, 0, 0
Reading from stdin
1710899163191, 0, 0
1710899164192, 0, 0
1710899165192, 0, 0
19:46:05,537 INFO  [main-EventThread] RingManager:133 - RingManager ring 1 changed: [1, 2, 4, 13, 14] (succsessor: 14 at /10.10.1.6:2948)
1710899166193, 0, 0
1710899167194, 9756, 9756
1710899168194, 46316, 56072
1710899169195, 46199, 102271
1710899170196, 37855, 140126
1710899171196, 45243, 185369
1710899172209, 49905, 235274
1710899173210, 45168, 280442
1710899174211, 53496, 333938
1710899175211, 45683, 379621
1710899176212, 46468, 426089
1710899177212, 45896, 471985
1710899178213, 56552, 528537
1710899179214, 60785, 589322
1710899180214, 45880, 635202
1710899181215, 39382, 674584
1710899182215, 40231, 714815
1710899183216, 38177, 752992
1710899184217, 40144, 793136
1710899185217, 31660, 824796
1710899186218, 48336, 873132
1710899187219, 52537, 925669
1710899188219, 28872, 954541
1710899189220, 54017, 1008558
1710899190220, 46850, 1055408
1710899191221, 40018, 1095426
1710899192221, 38891, 1134317
1710899193266, 33003, 1167320
1710899194267, 43195, 1210515
1710899195268, 33702, 1244217
1710899196269, 33879, 1278096
1710899197269, 61058, 1339154
1710899198269, 20483, 1359637
1710899199270, 0, 1359637
1710899200271, 0, 1359637
1710899201271, 0, 1359637
1710899202271, 0, 1359637
1710899203272, 0, 1359637
1710899204272, 0, 1359637
1710899205272, 0, 1359637
1710899206272, 14, 1359651
1710899207273, 0, 1359651
19:46:47,481 ERROR [main-EventThread] TopologyManager:465 - org.apache.zookeeper.KeeperException$ConnectionLossException: KeeperErrorCode = ConnectionLoss for /ringpaxos/topology1/nodes
19:46:47,583 ERROR [main-EventThread] RingManager:232 - org.apache.zookeeper.KeeperException$SessionExpiredException: KeeperErrorCode = Session expired for /ringpaxos/topology1/nodes
19:46:47,583 ERROR [main-EventThread] TopologyManager:465 - org.apache.zookeeper.KeeperException$SessionExpiredException: KeeperErrorCode = Session expired for /ringpaxos/topology1/learners
1710899208273, 0, 1359651
1710899209273, 0, 1359651
1710899210273, 0, 1359651
1710899211274, 0, 1359651
1710899212274, 0, 1359651
1710899213274, 0, 1359651
1710899214275, 0, 1359651
1710899215275, 0, 1359651
1710899216275, 0, 1359651
1710899217275, 0, 1359651
1710899218276, 0, 1359651
