20:42:01,843 INFO  [main] RawABListener:48 - Initing a RawABListener...
20:42:01,850 INFO  [main] Node:101 - PID: 11867
20:42:02,052 INFO  [main] NetworkManager:117 - NetworkManager tcp_nodelay: true
20:42:02,056 INFO  [main] NetworkManager:123 - NetworkManager tcp_crc: false
20:42:02,056 INFO  [main] NetworkManager:127 - NetworkManager buf_size: 2097152
20:42:02,071 INFO  [main] ElasticLearnerRole:93 - ElasticLearnerRole replication group 2
20:42:02,071 INFO  [main] ElasticLearnerRole:97 - ElasticLearnerRole initial ring 2
20:42:02,072 INFO  [main] ElasticLearnerRole:102 - ElasticLearnerRole deliver_skip_messages: enabled
20:42:02,080 INFO  [ElasticLearner] LearnerRole:102 - Learner recovery: disabled
20:42:02,084 INFO  [ElasticLearner] LearnerRole:108 - Learner auto_trim: disabled
20:42:02,090 INFO  [main-EventThread] RingManager:133 - RingManager ring 2 changed: [22, 24, 25] (succsessor: 25 at /10.10.1.11:2438)
20:42:02,094 INFO  [main-EventThread] RingManager:133 - RingManager ring 2 changed: [21, 22, 24, 25] (succsessor: 25 at /10.10.1.11:2438)
20:42:02,102 INFO  [main] Replica:169 - Token [0], ringId [null], nodeId [24], snapshot_modulo [0], zoo_host [null], path [null], embebedLog [true], useDiskDb [false] with simple constructor
1671507722103, 0, 0
Reading from stdin
20:42:02,106 INFO  [main-EventThread] RingManager:133 - RingManager ring 2 changed: [21, 22, 23, 24, 25] (succsessor: 25 at /10.10.1.11:2438)
1671507723103, 0, 0
1671507724104, 0, 0
1671507725104, 0, 0
1671507726104, 0, 0
1671507727105, 0, 0
1671507728105, 1673, 1673
1671507729106, 1983, 3656
1671507730106, 1983, 5639
1671507731107, 2027, 7666
1671507732107, 1981, 9647
1671507733107, 2022, 11669
1671507734108, 1995, 13664
1671507735108, 2015, 15679
1671507736109, 2041, 17720
1671507737109, 2023, 19743
1671507738110, 2002, 21745
1671507739111, 2007, 23752
1671507740111, 2003, 25755
1671507741111, 1977, 27732
1671507742112, 2000, 29732
1671507743112, 2003, 31735
1671507744112, 2013, 33748
1671507745113, 1979, 35727
1671507746114, 2009, 37736
1671507747114, 2021, 39757
1671507748115, 1975, 41732
1671507749115, 2006, 43738
1671507750116, 2014, 45752
1671507751116, 2031, 47783
1671507752117, 1992, 49775
1671507753117, 2014, 51789
1671507754118, 2000, 53789
1671507755118, 2024, 55813
1671507756118, 2038, 57851
1671507757119, 1815, 59666
1671507758120, 0, 59666
20:42:38,539 ERROR [main-EventThread] TopologyManager:465 - org.apache.zookeeper.KeeperException$SessionExpiredException: KeeperErrorCode = Session expired for /ringpaxos/topology2/nodes
20:42:38,637 ERROR [main-EventThread] RingManager:232 - org.apache.zookeeper.KeeperException$SessionExpiredException: KeeperErrorCode = Session expired for /ringpaxos/topology2/nodes
20:42:38,641 ERROR [main-EventThread] TopologyManager:465 - org.apache.zookeeper.KeeperException$SessionExpiredException: KeeperErrorCode = Session expired for /ringpaxos/topology2/learners
