20:20:34,415 INFO  [main] RawABListener:48 - Initing a RawABListener...
20:20:34,424 INFO  [main] Node:101 - PID: 7346
20:20:34,614 INFO  [main] NetworkManager:117 - NetworkManager tcp_nodelay: true
20:20:34,620 INFO  [main] NetworkManager:123 - NetworkManager tcp_crc: false
20:20:34,620 INFO  [main] NetworkManager:127 - NetworkManager buf_size: 2097152
20:20:34,638 INFO  [main] ElasticLearnerRole:93 - ElasticLearnerRole replication group 1
20:20:34,639 INFO  [main] ElasticLearnerRole:97 - ElasticLearnerRole initial ring 1
20:20:34,640 INFO  [main] ElasticLearnerRole:102 - ElasticLearnerRole deliver_skip_messages: enabled
20:20:34,649 INFO  [ElasticLearner] LearnerRole:102 - Learner recovery: disabled
20:20:34,651 INFO  [ElasticLearner] LearnerRole:108 - Learner auto_trim: disabled
20:20:34,663 INFO  [main-EventThread] RingManager:133 - RingManager ring 1 changed: [1, 2, 14, 15] (succsessor: 15 at /10.10.1.7:2545)
20:20:34,675 INFO  [main] Replica:165 - Token [0], ringId [null], nodeId [14], snapshot_modulo [0], zoo_host [null], path [null], embebedLog [false], useDiskDb [false] with simple constructor
1670124034676, 0, 0
Reading from stdin
20:20:34,748 INFO  [main-EventThread] RingManager:133 - RingManager ring 1 changed: [1, 2, 13, 14, 15] (succsessor: 15 at /10.10.1.7:2545)
1670124035676, 0, 0
1670124036676, 0, 0
1670124037677, 0, 0
1670124038677, 0, 0
1670124039678, 918, 918
1670124040678, 7605, 8523
1670124041678, 7489, 16012
1670124042679, 7465, 23477
1670124043679, 7283, 30760
1670124044680, 6504, 37264
1670124045680, 6864, 44128
1670124046681, 7111, 51239
1670124047683, 7072, 58311
1670124048683, 7254, 65565
1670124049684, 8158, 73723
1670124050684, 8105, 81828
1670124051684, 7475, 89303
1670124052685, 7466, 96769
1670124053685, 7199, 103968
1670124054686, 7223, 111191
1670124055686, 7277, 118468
1670124056687, 7791, 126259
1670124057687, 7897, 134156
1670124058688, 8063, 142219
1670124059689, 8110, 150329
1670124060689, 8184, 158513
1670124061690, 8172, 166685
1670124062690, 8106, 174791
1670124063690, 7951, 182742
1670124064691, 7947, 190689
1670124065691, 8000, 198689
1670124066691, 8032, 206721
1670124067692, 7462, 214183
1670124068693, 6888, 221071
1670124069693, 6879, 227950
1670124070693, 6901, 234851
1670124071694, 6912, 241763
1670124072694, 7343, 249106
1670124073695, 8141, 257247
1670124074695, 7924, 265171
1670124075696, 7947, 273118
1670124076696, 8014, 281132
1670124077696, 7939, 289071
1670124078697, 7949, 297020
1670124079697, 8172, 305192
1670124080703, 6858, 312050
1670124081704, 6528, 318578
1670124082705, 6238, 324816
1670124083705, 6207, 331023
1670124084705, 6268, 337291
1670124085706, 7376, 344667
1670124086706, 8222, 352889
1670124087706, 7990, 360879
1670124088706, 7371, 368250
1670124089707, 7370, 375620
1670124090707, 7422, 383042
1670124091708, 7246, 390288
1670124092708, 7498, 397786
1670124093708, 8239, 406025
1670124094709, 7828, 413853
1670124095709, 8020, 421873
1670124096709, 8097, 429970
1670124097710, 8084, 438054
1670124098710, 8106, 446160
1670124099712, 7634, 453794
1670124100712, 5800, 459594
1670124101712, 5818, 465412
1670124102713, 5838, 471250
1670124103713, 5749, 476999
1670124104713, 6261, 483260
1670124105714, 7789, 491049
1670124106714, 7766, 498815
1670124107714, 7500, 506315
1670124108715, 7661, 513976
1670124109715, 7569, 521545
1670124110715, 7064, 528609
1670124111716, 7303, 535912
1670124112716, 7339, 543251
1670124113716, 7141, 550392
1670124114717, 7288, 557680
1670124115717, 7959, 565639
1670124116717, 7979, 573618
1670124117718, 7873, 581491
1670124118718, 7735, 589226
1670124119718, 7833, 597059
1670124120719, 7768, 604827
1670124121719, 7789, 612616
1670124122719, 7777, 620393
1670124123721, 8221, 628614
1670124124721, 8107, 636721
1670124125722, 8077, 644798
1670124126722, 8034, 652832
1670124127722, 8095, 660927
1670124128723, 8158, 669085
1670124129723, 2527, 671612
1670124130723, 0, 671612
1670124131724, 1, 671613
1670124132724, 0, 671613
1670124133724, 0, 671613
1670124134724, 0, 671613
1670124135725, 0, 671613
1670124136725, 0, 671613
1670124137725, 0, 671613
1670124138726, 0, 671613
1670124139726, 0, 671613
20:22:20,007 INFO  [main-EventThread] RingManager:133 - RingManager ring 1 changed: [1, 2, 14, 15] (succsessor: 15 at /10.10.1.7:2545)
1670124140726, 0, 671613
1670124141726, 0, 671613
1670124142727, 0, 671613
1670124143727, 0, 671613
1670124144727, 0, 671613
1670124145727, 0, 671613
20:22:26,004 INFO  [main-EventThread] RingManager:133 - RingManager ring 1 changed: [2, 14, 15] (succsessor: 15 at /10.10.1.7:2545)
1670124146728, 0, 671613
1670124147728, 0, 671613
1670124148728, 0, 671613
1670124149728, 0, 671613
1670124150729, 0, 671613
1670124151729, 0, 671613
1670124152729, 0, 671613
1670124153729, 0, 671613
1670124154730, 0, 671613
1670124155730, 0, 671613
1670124156730, 0, 671613
1670124157730, 0, 671613
1670124158731, 0, 671613
1670124159731, 0, 671613
