09:25:40,033 INFO  [main] RawABListener:48 - Initing a RawABListener...
09:25:40,042 INFO  [main] Node:101 - PID: 132444
09:25:40,270 INFO  [main] NetworkManager:117 - NetworkManager tcp_nodelay: true
09:25:40,274 INFO  [main] NetworkManager:123 - NetworkManager tcp_crc: false
09:25:40,275 INFO  [main] NetworkManager:127 - NetworkManager buf_size: 2097152
09:25:40,302 INFO  [main] ElasticLearnerRole:93 - ElasticLearnerRole replication group 1
09:25:40,303 INFO  [main] ElasticLearnerRole:97 - ElasticLearnerRole initial ring 1
09:25:40,304 INFO  [main] ElasticLearnerRole:102 - ElasticLearnerRole deliver_skip_messages: enabled
09:25:40,309 INFO  [ElasticLearner] LearnerRole:102 - Learner recovery: disabled
09:25:40,311 INFO  [ElasticLearner] LearnerRole:108 - Learner auto_trim: disabled
09:25:40,314 INFO  [main-EventThread] RingManager:133 - RingManager ring 1 changed: [1, 2, 13] (succsessor: 1 at /155.98.36.29:2436)
09:25:40,339 INFO  [main] Replica:188 - Token [0], ringId [null], nodeId [13], snapshot_modulo [0], zoo_host [10.10.1.1], pathPrefix[/media/disk1/], path [/media/disk1/19edb748-357c-42a8-9720-d5559d3285f4], embebedLog [false], useDiskDb [true] with complex constructor
1710343540340, 0, 0
Reading from stdin
09:25:40,407 INFO  [main-EventThread] RingManager:133 - RingManager ring 1 changed: [1, 2, 13, 14] (succsessor: 14 at /10.10.1.6:2312)
1710343541340, 0, 0
1710343542341, 0, 0
1710343543341, 0, 0
1710343544342, 0, 0
1710343545342, 2025, 2025
1710343546342, 15804, 17829
1710343547343, 19179, 37008
1710343548344, 19341, 56349
1710343549344, 18513, 74862
1710343550352, 19720, 94582
1710343551376, 19361, 113943
1710343552378, 22873, 136816
1710343553379, 21683, 158499
1710343554380, 21983, 180482
1710343555381, 20889, 201371
1710343556382, 21587, 222958
1710343557382, 21809, 244767
1710343558383, 21298, 266065
1710343559384, 21790, 287855
1710343560384, 21826, 309681
1710343561385, 21618, 331299
1710343562385, 20816, 352115
1710343563386, 22050, 374165
1710343564387, 23286, 397451
1710343565388, 20515, 417966
1710343566390, 22695, 440661
1710343567390, 22653, 463314
1710343568391, 22642, 485956
1710343569391, 23436, 509392
1710343570392, 22824, 532216
1710343571473, 22851, 555067
1710343572474, 23886, 578953
1710343573474, 22543, 601496
1710343574475, 21664, 623160
1710343575476, 13216, 636376
1710343576476, 0, 636376
1710343577477, 0, 636376
1710343578477, 0, 636376
1710343579478, 0, 636376
1710343580478, 0, 636376
1710343581478, 0, 636376
1710343582479, 0, 636376
1710343583479, 0, 636376
09:26:24,156 ERROR [main-EventThread] TopologyManager:465 - org.apache.zookeeper.KeeperException$SessionExpiredException: KeeperErrorCode = Session expired for /ringpaxos/topology1/nodes
09:26:24,256 ERROR [main-EventThread] RingManager:232 - org.apache.zookeeper.KeeperException$SessionExpiredException: KeeperErrorCode = Session expired for /ringpaxos/topology1/nodes
09:26:24,256 ERROR [main-EventThread] TopologyManager:465 - org.apache.zookeeper.KeeperException$SessionExpiredException: KeeperErrorCode = Session expired for /ringpaxos/topology1/learners
1710343584480, 0, 636376
