09:25:40,128 INFO  [main] RawABListener:48 - Initing a RawABListener...
09:25:40,147 INFO  [main] Node:101 - PID: 143078
09:25:40,385 INFO  [main] NetworkManager:117 - NetworkManager tcp_nodelay: true
09:25:40,389 INFO  [main] NetworkManager:123 - NetworkManager tcp_crc: false
09:25:40,390 INFO  [main] NetworkManager:127 - NetworkManager buf_size: 2097152
09:25:40,418 INFO  [main] ElasticLearnerRole:93 - ElasticLearnerRole replication group 1
09:25:40,419 INFO  [main] ElasticLearnerRole:97 - ElasticLearnerRole initial ring 1
09:25:40,420 INFO  [main] ElasticLearnerRole:102 - ElasticLearnerRole deliver_skip_messages: enabled
09:25:40,425 INFO  [ElasticLearner] LearnerRole:102 - Learner recovery: disabled
09:25:40,427 INFO  [ElasticLearner] LearnerRole:108 - Learner auto_trim: disabled
09:25:40,431 INFO  [main-EventThread] RingManager:133 - RingManager ring 1 changed: [1, 2, 13, 14] (succsessor: 1 at /155.98.36.29:2436)
09:25:40,455 INFO  [main] Replica:188 - Token [0], ringId [null], nodeId [14], snapshot_modulo [0], zoo_host [10.10.1.1], pathPrefix[/media/disk5/], path [/media/disk5/2b1b1cd8-18a1-43f3-8636-7a8bcddbcdc3], embebedLog [false], useDiskDb [true] with complex constructor
1710343540456, 0, 0
Reading from stdin
1710343541456, 0, 0
1710343542457, 0, 0
1710343543457, 0, 0
1710343544458, 0, 0
1710343545458, 3366, 3366
1710343546459, 16875, 20241
1710343547459, 19368, 39609
1710343548459, 19125, 58734
1710343549460, 17820, 76554
1710343550460, 20491, 97045
1710343551461, 19350, 116395
1710343552461, 22041, 138436
1710343553462, 21940, 160376
1710343554462, 21753, 182129
1710343555462, 20976, 203105
1710343556463, 21657, 224762
1710343557463, 21924, 246686
1710343558464, 20805, 267491
1710343559465, 22197, 289688
1710343560465, 21548, 311236
1710343561466, 21674, 332910
1710343562466, 19985, 352895
1710343563467, 23137, 376032
1710343564468, 23141, 399173
1710343565468, 20599, 419772
1710343566469, 22599, 442371
1710343567470, 22797, 465168
1710343568470, 22642, 487810
1710343569472, 23434, 511244
1710343570482, 23069, 534313
1710343571482, 21105, 555418
1710343572483, 23749, 579167
1710343573483, 22531, 601698
1710343574483, 21677, 623375
1710343575484, 13001, 636376
1710343576484, 0, 636376
1710343577485, 0, 636376
1710343578485, 0, 636376
1710343579486, 0, 636376
1710343580486, 0, 636376
1710343581486, 0, 636376
1710343582487, 0, 636376
1710343583487, 0, 636376
09:26:24,161 ERROR [main-EventThread] TopologyManager:465 - org.apache.zookeeper.KeeperException$SessionExpiredException: KeeperErrorCode = Session expired for /ringpaxos/topology1/nodes
09:26:24,260 ERROR [main-EventThread] RingManager:232 - org.apache.zookeeper.KeeperException$SessionExpiredException: KeeperErrorCode = Session expired for /ringpaxos/topology1/nodes
09:26:24,261 ERROR [main-EventThread] TopologyManager:465 - org.apache.zookeeper.KeeperException$SessionExpiredException: KeeperErrorCode = Session expired for /ringpaxos/topology1/learners
1710343584487, 0, 636376
1710343585488, 0, 636376
