16:05:09,039 INFO  [main] RawABListener:48 - Initing a RawABListener...
16:05:09,048 INFO  [main] Node:101 - PID: 35635
16:05:09,250 INFO  [main] NetworkManager:117 - NetworkManager tcp_nodelay: true
16:05:09,254 INFO  [main] NetworkManager:123 - NetworkManager tcp_crc: false
16:05:09,255 INFO  [main] NetworkManager:127 - NetworkManager buf_size: 2097152
16:05:09,274 INFO  [main] ElasticLearnerRole:93 - ElasticLearnerRole replication group 1
16:05:09,275 INFO  [main] ElasticLearnerRole:97 - ElasticLearnerRole initial ring 1
16:05:09,275 INFO  [main] ElasticLearnerRole:102 - ElasticLearnerRole deliver_skip_messages: enabled
16:05:09,285 INFO  [ElasticLearner] LearnerRole:102 - Learner recovery: disabled
16:05:09,287 INFO  [ElasticLearner] LearnerRole:108 - Learner auto_trim: disabled
16:05:09,296 INFO  [main-EventThread] RingManager:133 - RingManager ring 1 changed: [1, 2, 14, 15] (succsessor: 1 at /10.10.1.2:2478)
16:05:09,309 INFO  [main] Replica:165 - Token [0], ringId [null], nodeId [15], snapshot_modulo [0], zoo_host [null], path [null], embebedLog [false], useDiskDb [true] with simple constructor
1670195109310, 0, 0
Reading from stdin
16:05:09,311 INFO  [main-EventThread] RingManager:133 - RingManager ring 1 changed: [1, 2, 13, 14, 15] (succsessor: 1 at /10.10.1.2:2478)
1670195110310, 0, 0
1670195111311, 0, 0
1670195112311, 0, 0
1670195113311, 0, 0
1670195114312, 0, 0
1670195115312, 300, 300
1670195116312, 483, 783
1670195117313, 519, 1302
1670195118313, 523, 1825
1670195119314, 510, 2335
16:05:19,577 INFO  [main-EventThread] RingManager:133 - RingManager ring 1 changed: [1, 2, 4, 13, 14, 15] (succsessor: 1 at /10.10.1.2:2478)
16:05:19,599 ERROR [TCPListener] LearnerRole:219 - Learner received decision without value! [Decision from:2 to:Learner instance:2147 ballot:11 v_ballot:0 value:<none> (912975764173481)]
16:05:19,600 ERROR [TCPListener] LearnerRole:219 - Learner received decision without value! [Decision from:2 to:Learner instance:2149 ballot:11 v_ballot:0 value:<none> (912975788357131)]
1670195120314, 158, 2493
1670195121314, 495, 2988
1670195122315, 488, 3476
1670195123315, 485, 3961
1670195124316, 504, 4465
1670195125316, 494, 4959
1670195126316, 500, 5459
1670195127317, 505, 5964
1670195128317, 513, 6477
1670195129318, 492, 6969
1670195130319, 522, 7491
1670195131319, 520, 8011
1670195132319, 505, 8516
1670195133320, 497, 9013
1670195134320, 497, 9510
1670195135321, 501, 10011
1670195136321, 505, 10516
1670195137321, 514, 11030
1670195138321, 507, 11537
1670195139322, 506, 12043
1670195140322, 502, 12545
1670195141322, 493, 13038
1670195142323, 510, 13548
1670195143323, 496, 14044
1670195144323, 490, 14534
1670195145324, 505, 15039
1670195146324, 511, 15550
1670195147324, 504, 16054
1670195148325, 517, 16571
1670195149325, 517, 17088
1670195150326, 530, 17618
1670195151327, 503, 18121
1670195152327, 495, 18616
1670195153327, 493, 19109
1670195154327, 491, 19600
1670195155328, 507, 20107
1670195156328, 500, 20607
1670195157328, 517, 21124
1670195158329, 505, 21629
1670195159329, 504, 22133
1670195160329, 517, 22650
1670195161329, 509, 23159
1670195162330, 496, 23655
1670195163330, 511, 24166
1670195164331, 503, 24669
1670195165331, 502, 25171
1670195166331, 498, 25669
1670195167332, 502, 26171
1670195168332, 499, 26670
1670195169332, 499, 27169
1670195170333, 502, 27671
1670195171333, 497, 28168
1670195172333, 498, 28666
1670195173334, 502, 29168
1670195174334, 509, 29677
1670195175334, 520, 30197
1670195176334, 501, 30698
1670195177335, 507, 31205
1670195178335, 511, 31716
1670195179335, 502, 32218
1670195180336, 504, 32722
1670195181336, 500, 33222
1670195182336, 520, 33742
1670195183336, 498, 34240
1670195184337, 524, 34764
1670195185337, 517, 35281
1670195186337, 505, 35786
1670195187338, 522, 36308
1670195188338, 501, 36809
1670195189338, 492, 37301
1670195190338, 511, 37812
1670195191339, 500, 38312
1670195192339, 494, 38806
1670195193339, 516, 39322
1670195194340, 496, 39818
1670195195340, 516, 40334
1670195196340, 502, 40836
1670195197340, 481, 41317
1670195198341, 499, 41816
1670195199342, 499, 42315
1670195200342, 504, 42819
1670195201342, 493, 43312
1670195202343, 498, 43810
1670195203343, 522, 44332
1670195204343, 345, 44677
1670195205344, 0, 44677
1670195206344, 0, 44677
1670195207344, 0, 44677
1670195208344, 0, 44677
1670195209344, 0, 44677
1670195210345, 0, 44677
1670195211345, 0, 44677
16:06:52,006 INFO  [main-EventThread] RingManager:133 - RingManager ring 1 changed: [1, 2, 4, 14, 15] (succsessor: 1 at /10.10.1.2:2478)
1670195212345, 0, 44677
1670195213345, 0, 44677
1670195214346, 0, 44677
1670195215346, 0, 44677
1670195216346, 0, 44677
1670195217347, 0, 44677
16:06:58,004 INFO  [main-EventThread] RingManager:133 - RingManager ring 1 changed: [2, 4, 14, 15] (succsessor: 2 at /10.10.1.4:2529)
16:06:58,011 ERROR [main-EventThread] NetworkManager:298 - NetworkManager client connect error
java.net.ConnectException: Connection refused
	at java.base/sun.nio.ch.Net.connect0(Native Method)
	at java.base/sun.nio.ch.Net.connect(Net.java:493)
	at java.base/sun.nio.ch.Net.connect(Net.java:482)
	at java.base/sun.nio.ch.SocketChannelImpl.connect(SocketChannelImpl.java:730)
	at ch.usi.da.paxos.ring.NetworkManager.connectClient(NetworkManager.java:291)
	at ch.usi.da.paxos.ring.RingManager.notifyRingChanged(RingManager.java:136)
	at ch.usi.da.paxos.ring.RingManager.process(RingManager.java:210)
	at org.apache.zookeeper.ClientCnxn$EventThread.processEvent(ClientCnxn.java:535)
	at org.apache.zookeeper.ClientCnxn$EventThread.run(ClientCnxn.java:510)
1670195218347, 0, 44677
1670195219347, 0, 44677
1670195220347, 0, 44677
1670195221348, 0, 44677
16:07:02,004 INFO  [main-EventThread] RingManager:133 - RingManager ring 1 changed: [4, 14, 15] (succsessor: 4 at /10.10.1.9:2817)
16:07:02,005 ERROR [main-EventThread] NetworkManager:298 - NetworkManager client connect error
java.net.ConnectException: Connection refused
	at java.base/sun.nio.ch.Net.connect0(Native Method)
	at java.base/sun.nio.ch.Net.connect(Net.java:493)
	at java.base/sun.nio.ch.Net.connect(Net.java:482)
	at java.base/sun.nio.ch.SocketChannelImpl.connect(SocketChannelImpl.java:730)
	at ch.usi.da.paxos.ring.NetworkManager.connectClient(NetworkManager.java:291)
	at ch.usi.da.paxos.ring.RingManager.notifyRingChanged(RingManager.java:136)
	at ch.usi.da.paxos.ring.RingManager.process(RingManager.java:210)
	at org.apache.zookeeper.ClientCnxn$EventThread.processEvent(ClientCnxn.java:535)
	at org.apache.zookeeper.ClientCnxn$EventThread.run(ClientCnxn.java:510)
1670195222348, 0, 44677
1670195223348, 0, 44677
16:07:04,004 INFO  [main-EventThread] RingManager:133 - RingManager ring 1 changed: [14, 15] (succsessor: 14 at /10.10.1.6:2654)
16:07:04,005 ERROR [main-EventThread] NetworkManager:298 - NetworkManager client connect error
java.net.ConnectException: Connection refused
	at java.base/sun.nio.ch.Net.connect0(Native Method)
	at java.base/sun.nio.ch.Net.connect(Net.java:493)
	at java.base/sun.nio.ch.Net.connect(Net.java:482)
	at java.base/sun.nio.ch.SocketChannelImpl.connect(SocketChannelImpl.java:730)
	at ch.usi.da.paxos.ring.NetworkManager.connectClient(NetworkManager.java:291)
	at ch.usi.da.paxos.ring.RingManager.notifyRingChanged(RingManager.java:136)
	at ch.usi.da.paxos.ring.RingManager.process(RingManager.java:210)
	at org.apache.zookeeper.ClientCnxn$EventThread.processEvent(ClientCnxn.java:535)
	at org.apache.zookeeper.ClientCnxn$EventThread.run(ClientCnxn.java:510)
1670195224348, 0, 44677
