18:38:41,572 INFO  [main] RawABListener:48 - Initing a RawABListener...
18:38:41,583 INFO  [main] Node:101 - PID: 60958
18:38:41,769 INFO  [main] NetworkManager:117 - NetworkManager tcp_nodelay: true
18:38:41,773 INFO  [main] NetworkManager:123 - NetworkManager tcp_crc: false
18:38:41,774 INFO  [main] NetworkManager:127 - NetworkManager buf_size: 2097152
18:38:41,794 INFO  [main] ElasticLearnerRole:93 - ElasticLearnerRole replication group 1
18:38:41,797 INFO  [main] ElasticLearnerRole:97 - ElasticLearnerRole initial ring 1
18:38:41,798 INFO  [main] ElasticLearnerRole:102 - ElasticLearnerRole deliver_skip_messages: enabled
18:38:41,803 INFO  [ElasticLearner] LearnerRole:102 - Learner recovery: disabled
18:38:41,806 INFO  [ElasticLearner] LearnerRole:108 - Learner auto_trim: disabled
18:38:41,810 INFO  [main-EventThread] RingManager:133 - RingManager ring 1 changed: [1, 2, 4, 13, 14, 15] (succsessor: 14 at /10.10.1.5:2880)
18:39:07,957 INFO  [main] Replica:169 - Token [0], ringId [null], nodeId [13], snapshot_modulo [0], zoo_host [null], path [null], embebedLog [false], useDiskDb [true] with simple constructor
1670722747958, 0, 0
Reading from stdin
1670722748958, 5710, 5710
1670722749959, 8385, 14095
1670722750959, 11403, 25498
1670722751960, 8014, 33512
1670722752960, 11801, 45313
1670722753960, 11942, 57255
1670722754961, 13927, 71182
1670722755962, 16291, 87473
1670722756962, 12526, 99999
1670722757962, 3260, 103259
1670722759567, 11176, 114435
1670722760567, 15427, 129862
1670722761568, 16858, 146720
1670722762568, 9997, 156717
1670722764323, 17109, 173826
1670722765324, 8462, 182288
1670722766324, 13321, 195609
1670722767324, 9833, 205442
1670722769267, 13705, 219147
1670722770267, 15969, 235116
1670722771268, 11455, 246571
1670722772268, 11442, 258013
1670722774309, 10399, 268412
1670722775309, 13794, 282206
1670722776309, 15424, 297630
1670722777310, 8279, 305909
1670722779355, 13069, 318978
1670722780356, 13027, 332005
1670722781357, 10483, 342488
1670722782357, 11443, 353931
1670722784172, 11350, 365281
1670722785173, 14190, 379471
1670722786173, 14622, 394093
1670722787173, 3211, 397304
1670722788265, 16081, 413385
1670722789265, 11899, 425284
1670722790266, 8417, 433701
1670722791868, 15696, 449397
1670722792869, 13535, 462932
1670722793869, 2970, 465902
1670722794869, 14067, 479969
1670722795870, 11320, 491289
1670722797420, 13397, 504686
1670722798421, 9759, 514445
1670722799604, 13175, 527620
1670722800604, 8075, 535695
1670722801717, 14876, 550571
1670722802718, 8009, 558580
1670722803718, 11493, 570073
1670722804718, 7642, 577715
1670722805719, 11184, 588899
1670722807052, 8214, 597113
1670722808053, 8331, 605444
1670722809321, 12003, 617447
1670722810321, 6456, 623903
1670722811322, 10173, 634076
1670722812322, 7480, 641556
1670722813322, 10462, 652018
1670722814578, 13729, 665747
1670722815578, 7576, 673323
1670722816578, 7972, 681295
1670722817899, 13136, 694431
1670722818899, 7953, 702384
1670722819900, 5616, 708000
1670722820900, 0, 708000
1670722821900, 0, 708000
1670722822901, 0, 708000
1670722823901, 0, 708000
1670722824901, 0, 708000
1670722825902, 0, 708000
1670722826902, 0, 708000
1670722827902, 0, 708000
1670722828902, 0, 708000
1670722829903, 0, 708000
1670722830903, 0, 708000
1670722831903, 0, 708000
1670722832903, 0, 708000
1670722833904, 0, 708000
1670722834904, 0, 708000
1670722835904, 0, 708000
1670722836904, 0, 708000
1670722837904, 0, 708000
1670722838905, 0, 708000
1670722839905, 0, 708000
1670722840905, 0, 708000
1670722841905, 0, 708000
1670722842906, 0, 708000
1670722843906, 0, 708000
1670722844906, 0, 708000
1670722845906, 0, 708000
1670722846907, 0, 708000
1670722847907, 0, 708000
1670722848907, 0, 708000
1670722849907, 0, 708000
1670722850908, 0, 708000
1670722851908, 0, 708000
1670722852908, 0, 708000
1670722853908, 0, 708000
1670722854909, 0, 708000
1670722855909, 0, 708000
1670722856909, 0, 708000
1670722857909, 0, 708000
1670722858910, 0, 708000
1670722859910, 0, 708000
1670722860910, 0, 708000
1670722861910, 0, 708000
1670722862911, 0, 708000
1670722863911, 0, 708000
1670722864911, 0, 708000
1670722865911, 0, 708000
1670722866912, 0, 708000
1670722867912, 0, 708000
1670722868912, 0, 708000
1670722869912, 0, 708000
1670722870913, 0, 708000
1670722871913, 0, 708000
1670722872913, 0, 708000
1670722873913, 0, 708000
1670722874914, 0, 708000
1670722875914, 0, 708000
1670722876914, 0, 708000
1670722877914, 0, 708000
1670722878914, 0, 708000
1670722879915, 0, 708000
1670722880915, 0, 708000
1670722881915, 0, 708000
1670722882915, 0, 708000
1670722883916, 0, 708000
1670722884916, 0, 708000
1670722885916, 0, 708000
1670722886916, 0, 708000
1670722887916, 0, 708000
1670722888917, 0, 708000
1670722889917, 0, 708000
1670722890917, 0, 708000
1670722891917, 0, 708000
1670722892918, 0, 708000
1670722893918, 0, 708000
1670722894918, 0, 708000
1670722895918, 0, 708000
1670722896918, 0, 708000
1670722897919, 0, 708000
1670722898919, 0, 708000
1670722899919, 0, 708000
1670722900919, 0, 708000
1670722901919, 0, 708000
1670722902920, 0, 708000
1670722903920, 0, 708000
1670722904920, 0, 708000
1670722905920, 0, 708000
1670722906921, 0, 708000
1670722907921, 0, 708000
1670722908921, 0, 708000
1670722909921, 0, 708000
1670722910921, 0, 708000
1670722911922, 0, 708000
1670722912922, 0, 708000
1670722913922, 0, 708000
1670722914922, 0, 708000
1670722915922, 0, 708000
1670722916923, 0, 708000
1670722917923, 0, 708000
1670722918923, 0, 708000
1670722919923, 0, 708000
1670722920923, 0, 708000
1670722921924, 0, 708000
1670722922924, 0, 708000
1670722923924, 0, 708000
1670722924924, 0, 708000
1670722925924, 0, 708000
1670722926925, 0, 708000
1670722927925, 0, 708000
1670722928925, 0, 708000
1670722929925, 0, 708000
1670722930925, 0, 708000
1670722931926, 0, 708000
1670722932926, 0, 708000
1670722933926, 0, 708000
1670722934926, 0, 708000
1670722935927, 0, 708000
1670722936927, 0, 708000
1670722937927, 0, 708000
1670722938927, 0, 708000
1670722939927, 0, 708000
1670722940928, 0, 708000
1670722941928, 0, 708000
1670722942928, 0, 708000
1670722943928, 0, 708000
1670722944928, 0, 708000
1670722945929, 0, 708000
1670722946929, 0, 708000
1670722947929, 0, 708000
1670722948929, 0, 708000
1670722949929, 0, 708000
1670722950930, 0, 708000
1670722951930, 0, 708000
1670722952930, 0, 708000
1670722953930, 0, 708000
1670722954931, 0, 708000
1670722955931, 0, 708000
1670722956931, 0, 708000
1670722957931, 0, 708000
1670722958931, 0, 708000
1670722959932, 0, 708000
1670722960932, 0, 708000
1670722961932, 0, 708000
1670722962932, 0, 708000
1670722963932, 0, 708000
1670722964933, 0, 708000
1670722965933, 0, 708000
1670722966933, 0, 708000
1670722967933, 0, 708000
1670722968933, 0, 708000
1670722969934, 0, 708000
1670722970934, 0, 708000
1670722971934, 0, 708000
1670722972934, 0, 708000
1670722973934, 0, 708000
1670722974935, 0, 708000
1670722975935, 0, 708000
1670722976935, 0, 708000
1670722977935, 0, 708000
1670722978935, 0, 708000
1670722979936, 0, 708000
1670722980936, 0, 708000
1670722981936, 0, 708000
1670722982936, 0, 708000
1670722983936, 0, 708000
1670722984937, 0, 708000
1670722985937, 0, 708000
1670722986937, 0, 708000
1670722987937, 0, 708000
1670722988938, 0, 708000
1670722989938, 0, 708000
1670722990938, 0, 708000
1670722991938, 0, 708000
1670722992939, 0, 708000
1670722993939, 0, 708000
1670722994939, 0, 708000
1670722995939, 0, 708000
1670722996939, 0, 708000
1670722997940, 0, 708000
1670722998940, 0, 708000
1670722999940, 0, 708000
1670723000940, 0, 708000
1670723001940, 0, 708000
1670723002941, 0, 708000
1670723003941, 0, 708000
1670723004941, 0, 708000
1670723005941, 0, 708000
1670723006941, 0, 708000
1670723007942, 0, 708000
1670723008942, 0, 708000
1670723009942, 0, 708000
1670723010942, 0, 708000
1670723011943, 0, 708000
1670723012943, 0, 708000
1670723013943, 0, 708000
1670723014943, 0, 708000
1670723015943, 0, 708000
1670723016944, 0, 708000
1670723017944, 0, 708000
1670723018944, 0, 708000
1670723019944, 0, 708000
1670723020944, 0, 708000
1670723021944, 0, 708000
1670723022945, 0, 708000
1670723023945, 0, 708000
1670723024945, 0, 708000
1670723025945, 0, 708000
1670723026945, 0, 708000
1670723027946, 0, 708000
1670723028946, 0, 708000
1670723029946, 0, 708000
1670723030946, 0, 708000
1670723031946, 0, 708000
1670723032947, 0, 708000
1670723033947, 0, 708000
1670723034947, 0, 708000
1670723035947, 0, 708000
1670723036947, 0, 708000
1670723037948, 0, 708000
1670723038948, 0, 708000
1670723039948, 0, 708000
1670723040948, 0, 708000
1670723041948, 0, 708000
1670723042949, 0, 708000
1670723043949, 0, 708000
1670723044949, 0, 708000
1670723045949, 0, 708000
1670723046949, 0, 708000
1670723047950, 0, 708000
1670723048950, 0, 708000
1670723049950, 0, 708000
1670723050950, 0, 708000
1670723051950, 0, 708000
1670723052950, 0, 708000
1670723053951, 0, 708000
1670723054951, 0, 708000
1670723055951, 0, 708000
1670723056951, 0, 708000
1670723057951, 0, 708000
1670723058952, 0, 708000
1670723059952, 0, 708000
1670723060952, 0, 708000
1670723061952, 0, 708000
1670723062952, 0, 708000
1670723063953, 0, 708000
1670723064953, 0, 708000
1670723065953, 0, 708000
1670723066953, 0, 708000
1670723067953, 0, 708000
1670723068954, 0, 708000
1670723069954, 0, 708000
1670723070954, 0, 708000
1670723071954, 0, 708000
1670723072954, 0, 708000
18:44:33,219 ERROR [main-EventThread] TopologyManager:465 - org.apache.zookeeper.KeeperException$SessionExpiredException: KeeperErrorCode = Session expired for /ringpaxos/topology1/learners
18:44:33,317 ERROR [main-EventThread] TopologyManager:465 - org.apache.zookeeper.KeeperException$SessionExpiredException: KeeperErrorCode = Session expired for /ringpaxos/topology1/nodes
18:44:33,317 ERROR [main-EventThread] RingManager:232 - org.apache.zookeeper.KeeperException$SessionExpiredException: KeeperErrorCode = Session expired for /ringpaxos/topology1/nodes
