23:00:42,090 INFO  [main] RawABListener:48 - Initing a RawABListener...
23:00:42,098 INFO  [main] Node:101 - PID: 6047
23:00:42,262 INFO  [main] NetworkManager:117 - NetworkManager tcp_nodelay: true
23:00:42,266 INFO  [main] NetworkManager:123 - NetworkManager tcp_crc: false
23:00:42,266 INFO  [main] NetworkManager:127 - NetworkManager buf_size: 2097152
23:00:42,283 INFO  [main] ElasticLearnerRole:93 - ElasticLearnerRole replication group 1
23:00:42,284 INFO  [main] ElasticLearnerRole:97 - ElasticLearnerRole initial ring 1
23:00:42,287 INFO  [main] ElasticLearnerRole:102 - ElasticLearnerRole deliver_skip_messages: enabled
23:00:42,292 INFO  [ElasticLearner] LearnerRole:102 - Learner recovery: disabled
23:00:42,294 INFO  [ElasticLearner] LearnerRole:108 - Learner auto_trim: disabled
23:00:42,300 INFO  [main-EventThread] RingManager:133 - RingManager ring 1 changed: [4, 14, 15] (succsessor: 15 at /10.10.1.6:2139)
23:00:42,312 INFO  [main] Replica:169 - Token [0], ringId [null], nodeId [14], snapshot_modulo [0], zoo_host [null], path [null], embebedLog [false], useDiskDb [false] with simple constructor
1671602442312, 0, 0
Reading from stdin
23:00:42,378 INFO  [main-EventThread] RingManager:133 - RingManager ring 1 changed: [4, 13, 14, 15] (succsessor: 15 at /10.10.1.6:2139)
23:00:42,386 INFO  [main-EventThread] RingManager:133 - RingManager ring 1 changed: [2, 4, 13, 14, 15] (succsessor: 15 at /10.10.1.6:2139)
23:00:42,407 INFO  [main-EventThread] RingManager:133 - RingManager ring 1 changed: [1, 2, 4, 13, 14, 15] (succsessor: 15 at /10.10.1.6:2139)
1671602443313, 0, 0
1671602444313, 0, 0
1671602445314, 0, 0
1671602446314, 0, 0
1671602447315, 0, 0
1671602448315, 17919, 17919
1671602449316, 24741, 42660
1671602450316, 21996, 64656
1671602451317, 17505, 82161
1671602452318, 17249, 99410
1671602453318, 16683, 116093
1671602454319, 17836, 133929
1671602455320, 17814, 151743
1671602456320, 16293, 168036
1671602457321, 17001, 185037
1671602458321, 21233, 206270
1671602459322, 23597, 229867
1671602460322, 24307, 254174
1671602461322, 29340, 283514
1671602462323, 29907, 313421
1671602463323, 26642, 340063
1671602464323, 26292, 366355
1671602465324, 26163, 392518
1671602466328, 20976, 413494
1671602467329, 25808, 439302
1671602468329, 24523, 463825
1671602469337, 20191, 484016
1671602470338, 22201, 506217
1671602471338, 21501, 527718
1671602472339, 20037, 547755
1671602473339, 23867, 571622
1671602474339, 25088, 596710
1671602475340, 23562, 620272
1671602476341, 26459, 646731
1671602477341, 19028, 665759
1671602478342, 0, 665759
1671602479342, 170, 665929
1671602480342, 0, 665929
1671602481343, 0, 665929
1671602482343, 0, 665929
1671602483343, 0, 665929
1671602484343, 0, 665929
1671602485344, 0, 665929
1671602486344, 0, 665929
1671602487344, 0, 665929
1671602488345, 0, 665929
23:01:28,632 ERROR [main-EventThread] TopologyManager:465 - org.apache.zookeeper.KeeperException$ConnectionLossException: KeeperErrorCode = ConnectionLoss for /ringpaxos/topology1/acceptors
23:01:28,735 ERROR [main-EventThread] RingManager:232 - org.apache.zookeeper.KeeperException$SessionExpiredException: KeeperErrorCode = Session expired for /ringpaxos/topology1/acceptors
23:01:28,735 ERROR [main-EventThread] TopologyManager:465 - org.apache.zookeeper.KeeperException$SessionExpiredException: KeeperErrorCode = Session expired for /ringpaxos/topology1/nodes
23:01:28,735 ERROR [main-EventThread] RingManager:232 - org.apache.zookeeper.KeeperException$SessionExpiredException: KeeperErrorCode = Session expired for /ringpaxos/topology1/nodes
23:01:28,735 ERROR [main-EventThread] TopologyManager:465 - org.apache.zookeeper.KeeperException$SessionExpiredException: KeeperErrorCode = Session expired for /ringpaxos/topology1/learners
