06:49:17,877 INFO  [main] RawABListener:48 - Initing a RawABListener...
06:49:17,887 INFO  [main] Node:101 - PID: 40022
06:49:18,080 INFO  [main] NetworkManager:117 - NetworkManager tcp_nodelay: true
06:49:18,084 INFO  [main] NetworkManager:123 - NetworkManager tcp_crc: false
06:49:18,085 INFO  [main] NetworkManager:127 - NetworkManager buf_size: 2097152
06:49:18,104 INFO  [main] ElasticLearnerRole:93 - ElasticLearnerRole replication group 1
06:49:18,105 INFO  [main] ElasticLearnerRole:97 - ElasticLearnerRole initial ring 1
06:49:18,105 INFO  [main] ElasticLearnerRole:102 - ElasticLearnerRole deliver_skip_messages: enabled
06:49:18,110 INFO  [ElasticLearner] LearnerRole:102 - Learner recovery: disabled
06:49:18,112 INFO  [ElasticLearner] LearnerRole:108 - Learner auto_trim: disabled
06:49:18,116 INFO  [main-EventThread] RingManager:133 - RingManager ring 1 changed: [1, 2, 13] (succsessor: 1 at /10.10.1.3:2027)
06:49:18,305 INFO  [main] Replica:172 - Token [0], ringId [null], nodeId [13], snapshot_modulo [0], zoo_host [null], path [null], embebedLog [false], useDiskDb [false] with simple constructor
1681994958306, 0, 0
Reading from stdin
06:49:18,312 INFO  [main-EventThread] RingManager:133 - RingManager ring 1 changed: [1, 2, 13, 14] (succsessor: 14 at /10.10.1.6:2205)
1681994959306, 0, 0
1681994960307, 0, 0
1681994961307, 0, 0
1681994962307, 0, 0
1681994963308, 63, 63
1681994964308, 254, 317
1681994965308, 249, 566
1681994966309, 249, 815
1681994967309, 265, 1080
1681994968309, 254, 1334
1681994969310, 245, 1579
1681994970310, 247, 1826
1681994971310, 264, 2090
1681994972311, 255, 2345
1681994973311, 247, 2592
1681994974311, 256, 2848
1681994975311, 257, 3105
1681994976312, 254, 3359
1681994977312, 262, 3621
1681994978312, 249, 3870
1681994979312, 248, 4118
1681994980313, 247, 4365
1681994981313, 259, 4624
1681994982313, 241, 4865
1681994983314, 262, 5127
1681994984314, 256, 5383
1681994985314, 258, 5641
1681994986315, 258, 5899
1681994987315, 252, 6151
1681994988315, 260, 6411
1681994989315, 259, 6670
1681994990316, 243, 6913
1681994991316, 256, 7169
1681994992316, 187, 7356
1681994993316, 0, 7356
06:49:53,469 ERROR [main-EventThread] TopologyManager:465 - org.apache.zookeeper.KeeperException$SessionExpiredException: KeeperErrorCode = Session expired for /ringpaxos/topology1/nodes
06:49:53,569 ERROR [main-EventThread] RingManager:232 - org.apache.zookeeper.KeeperException$SessionExpiredException: KeeperErrorCode = Session expired for /ringpaxos/topology1/nodes
06:49:53,570 ERROR [main-EventThread] TopologyManager:465 - org.apache.zookeeper.KeeperException$SessionExpiredException: KeeperErrorCode = Session expired for /ringpaxos/topology1/learners
