21:15:05,045 INFO  [main] RawABListener:48 - Initing a RawABListener...
21:15:05,053 INFO  [main] Node:101 - PID: 15842
21:15:05,232 INFO  [main] NetworkManager:117 - NetworkManager tcp_nodelay: true
21:15:05,236 INFO  [main] NetworkManager:123 - NetworkManager tcp_crc: false
21:15:05,236 INFO  [main] NetworkManager:127 - NetworkManager buf_size: 2097152
21:15:05,252 INFO  [main] ElasticLearnerRole:93 - ElasticLearnerRole replication group 1
21:15:05,253 INFO  [main] ElasticLearnerRole:97 - ElasticLearnerRole initial ring 1
21:15:05,254 INFO  [main] ElasticLearnerRole:102 - ElasticLearnerRole deliver_skip_messages: enabled
21:15:05,264 INFO  [ElasticLearner] LearnerRole:102 - Learner recovery: disabled
21:15:05,266 INFO  [ElasticLearner] LearnerRole:108 - Learner auto_trim: disabled
21:15:05,278 INFO  [main-EventThread] RingManager:133 - RingManager ring 1 changed: [1, 2, 4, 14, 15] (succsessor: 15 at /10.10.1.14:2076)
21:15:05,287 INFO  [main-EventThread] RingManager:133 - RingManager ring 1 changed: [1, 2, 4, 13, 14, 15] (succsessor: 15 at /10.10.1.14:2076)
21:15:05,288 INFO  [main] Replica:169 - Token [0], ringId [null], nodeId [14], snapshot_modulo [0], zoo_host [null], path [null], embebedLog [false], useDiskDb [false] with simple constructor
1671509705288, 0, 0
Reading from stdin
1671509706289, 0, 0
1671509707289, 0, 0
1671509708289, 0, 0
1671509709290, 0, 0
1671509710290, 151, 151
1671509711291, 1989, 2140
1671509712291, 2003, 4143
1671509713292, 2058, 6201
1671509714293, 2025, 8226
1671509715293, 2012, 10238
1671509716293, 2010, 12248
1671509717294, 2035, 14283
1671509718294, 2033, 16316
1671509719295, 2031, 18347
1671509720295, 1980, 20327
1671509721296, 2046, 22373
1671509722296, 1983, 24356
1671509723296, 2023, 26379
1671509724297, 2039, 28418
1671509725298, 2008, 30426
1671509726298, 2023, 32449
1671509727298, 2015, 34464
1671509728299, 2014, 36478
1671509729299, 2044, 38522
1671509730300, 2035, 40557
1671509731300, 1984, 42541
1671509732300, 2007, 44548
1671509733301, 1998, 46546
1671509734301, 2026, 48572
1671509735301, 2030, 50602
1671509736302, 2023, 52625
1671509737302, 2014, 54639
1671509738302, 2002, 56641
1671509739303, 2035, 58676
1671509740303, 1467, 60143
1671509741303, 0, 60143
21:15:41,541 ERROR [main-EventThread] TopologyManager:465 - org.apache.zookeeper.KeeperException$ConnectionLossException: KeeperErrorCode = ConnectionLoss for /ringpaxos/topology1/nodes
21:15:41,542 ERROR [main-EventThread] RingManager:232 - org.apache.zookeeper.KeeperException$ConnectionLossException: KeeperErrorCode = ConnectionLoss for /ringpaxos/topology1/nodes
21:15:41,542 ERROR [main-EventThread] TopologyManager:465 - org.apache.zookeeper.KeeperException$ConnectionLossException: KeeperErrorCode = ConnectionLoss for /ringpaxos/topology1/learners
