01:37:32,170 INFO  [main] RawABListener:48 - Initing a RawABListener...
01:37:32,177 INFO  [main] Node:101 - PID: 16509
01:37:32,369 INFO  [main] NetworkManager:117 - NetworkManager tcp_nodelay: true
01:37:32,374 INFO  [main] NetworkManager:123 - NetworkManager tcp_crc: false
01:37:32,375 INFO  [main] NetworkManager:127 - NetworkManager buf_size: 2097152
01:37:32,390 INFO  [main] ElasticLearnerRole:93 - ElasticLearnerRole replication group 2
01:37:32,390 INFO  [main] ElasticLearnerRole:97 - ElasticLearnerRole initial ring 2
01:37:32,391 INFO  [main] ElasticLearnerRole:102 - ElasticLearnerRole deliver_skip_messages: enabled
01:37:32,395 INFO  [ElasticLearner] LearnerRole:102 - Learner recovery: disabled
01:37:32,398 INFO  [ElasticLearner] LearnerRole:108 - Learner auto_trim: disabled
01:37:32,404 INFO  [main-EventThread] RingManager:133 - RingManager ring 2 changed: [5, 21, 23] (succsessor: 5 at /10.10.1.9:2168)
01:37:32,416 INFO  [main] Replica:169 - Token [0], ringId [null], nodeId [23], snapshot_modulo [0], zoo_host [null], path [null], embebedLog [false], useDiskDb [false] with simple constructor
1672130252416, 0, 0
Reading from stdin
01:37:32,461 INFO  [main-EventThread] RingManager:133 - RingManager ring 2 changed: [5, 21, 23, 25] (succsessor: 25 at /10.10.1.12:2888)
01:37:32,498 INFO  [main-EventThread] RingManager:133 - RingManager ring 2 changed: [5, 21, 23, 24, 25] (succsessor: 24 at /10.10.1.11:2724)
01:37:32,508 INFO  [main-EventThread] RingManager:133 - RingManager ring 2 changed: [5, 21, 22, 23, 24, 25] (succsessor: 24 at /10.10.1.11:2724)
1672130253416, 0, 0
1672130254417, 0, 0
1672130255417, 0, 0
1672130256418, 0, 0
1672130257418, 66, 66
1672130258419, 1941, 2007
1672130259419, 1998, 4005
1672130260419, 1978, 5983
1672130261420, 2032, 8015
1672130262420, 2012, 10027
1672130263421, 2034, 12061
1672130264421, 2005, 14066
1672130265422, 2007, 16073
1672130266422, 1998, 18071
1672130267422, 2032, 20103
1672130268424, 2028, 22131
1672130269424, 2026, 24157
1672130270424, 2038, 26195
1672130271425, 2013, 28208
1672130272425, 2012, 30220
1672130273425, 2021, 32241
1672130274426, 2043, 34284
1672130275426, 2012, 36296
1672130276427, 2028, 38324
1672130277427, 2005, 40329
1672130278428, 2038, 42367
1672130279428, 2039, 44406
1672130280428, 2058, 46464
1672130281429, 2014, 48478
1672130282429, 2019, 50497
1672130283429, 2019, 52516
1672130284430, 2055, 54571
1672130285431, 2022, 56593
1672130286431, 2034, 58627
1672130287431, 1247, 59874
1672130288431, 0, 59874
01:38:08,520 ERROR [TCPListener] SessionHandler:120 - Error in SessionHandler during reading!
java.nio.channels.ClosedSelectorException
	at java.base/sun.nio.ch.EPollSelectorImpl.ensureOpen(EPollSelectorImpl.java:98)
	at java.base/sun.nio.ch.EPollSelectorImpl.setEventOps(EPollSelectorImpl.java:243)
	at java.base/sun.nio.ch.SelectionKeyImpl.interestOps(SelectionKeyImpl.java:101)
	at ch.usi.da.paxos.ring.SessionHandler.handleReadable(SessionHandler.java:68)
	at ch.usi.da.paxos.ring.TCPListener.run(TCPListener.java:89)
	at java.base/java.lang.Thread.run(Thread.java:830)
01:38:08,530 ERROR [main-EventThread] TopologyManager:387 - org.apache.zookeeper.KeeperException$ConnectionLossException: KeeperErrorCode = ConnectionLoss for /ringpaxos/topology2/nodes/5
01:38:08,531 INFO  [main-EventThread] RingManager:133 - RingManager ring 2 changed: [5, 21, 23] (succsessor: 5 at null)
01:38:08,532 ERROR [main-EventThread] ClientCnxn:537 - Error while calling watcher 
java.lang.NullPointerException
	at java.base/sun.nio.ch.Net.checkAddress(Net.java:126)
	at java.base/sun.nio.ch.SocketChannelImpl.checkRemote(SocketChannelImpl.java:706)
	at java.base/sun.nio.ch.SocketChannelImpl.connect(SocketChannelImpl.java:720)
	at ch.usi.da.paxos.ring.NetworkManager.connectClient(NetworkManager.java:291)
	at ch.usi.da.paxos.ring.RingManager.notifyRingChanged(RingManager.java:136)
	at ch.usi.da.paxos.ring.RingManager.process(RingManager.java:210)
	at org.apache.zookeeper.ClientCnxn$EventThread.processEvent(ClientCnxn.java:535)
	at org.apache.zookeeper.ClientCnxn$EventThread.run(ClientCnxn.java:510)
01:38:08,632 ERROR [main-EventThread] TopologyManager:465 - org.apache.zookeeper.KeeperException$SessionExpiredException: KeeperErrorCode = Session expired for /ringpaxos/topology2/learners
01:38:08,632 ERROR [main-EventThread] TopologyManager:465 - org.apache.zookeeper.KeeperException$SessionExpiredException: KeeperErrorCode = Session expired for /ringpaxos/topology2/nodes
01:38:08,632 ERROR [main-EventThread] RingManager:232 - org.apache.zookeeper.KeeperException$SessionExpiredException: KeeperErrorCode = Session expired for /ringpaxos/topology2/nodes
