05:02:09,556 INFO  [main] RawABListener:48 - Initing a RawABListener...
05:02:09,570 INFO  [main] Node:101 - PID: 76438
05:02:09,789 INFO  [main] NetworkManager:117 - NetworkManager tcp_nodelay: true
05:02:09,792 INFO  [main] NetworkManager:123 - NetworkManager tcp_crc: false
05:02:09,793 INFO  [main] NetworkManager:127 - NetworkManager buf_size: 2097152
05:02:09,813 INFO  [main] ElasticLearnerRole:93 - ElasticLearnerRole replication group 4
05:02:09,814 INFO  [main] ElasticLearnerRole:97 - ElasticLearnerRole initial ring 4
05:02:09,815 INFO  [main] ElasticLearnerRole:102 - ElasticLearnerRole deliver_skip_messages: enabled
05:02:09,819 INFO  [ElasticLearner] LearnerRole:102 - Learner recovery: disabled
05:02:09,820 INFO  [ElasticLearner] LearnerRole:108 - Learner auto_trim: disabled
05:02:09,823 INFO  [main-EventThread] RingManager:133 - RingManager ring 4 changed: [41, 42, 43, 44] (succsessor: 44 at /10.10.1.7:2511)
05:02:09,972 INFO  [main] Replica:188 - Token [0], ringId [null], nodeId [43], snapshot_modulo [0], zoo_host [10.10.1.1], pathPrefix[/media/disk4/], path [/media/disk4/c7dc5c92-9bc1-455f-9bba-1ceae778daad], embebedLog [false], useDiskDb [true] with complex constructor
1710327729974, 0, 0
Reading from stdin
1710327730974, 0, 0
1710327731975, 0, 0
1710327732975, 0, 0
05:02:13,765 INFO  [main-EventThread] RingManager:133 - RingManager ring 4 changed: [7, 41, 42, 43, 44] (succsessor: 44 at /10.10.1.7:2511)
1710327733976, 0, 0
1710327734976, 4891, 4891
1710327735977, 8407, 13298
1710327736978, 9560, 22858
1710327737979, 12089, 34947
1710327738980, 11944, 46891
1710327739981, 11591, 58482
1710327740982, 12198, 70680
1710327741984, 12789, 83469
1710327742985, 12777, 96246
1710327743985, 13689, 109935
1710327744986, 11178, 121113
1710327745987, 7758, 128871
1710327746987, 8058, 136929
1710327747988, 8025, 144954
1710327748989, 7938, 152892
1710327749989, 7443, 160335
1710327750990, 7535, 167870
1710327751991, 7996, 175866
1710327752992, 7810, 183676
1710327753993, 9896, 193572
1710327754993, 8271, 201843
1710327755994, 7542, 209385
1710327756994, 8001, 217386
1710327757995, 7794, 225180
1710327758996, 7650, 232830
1710327759996, 8325, 241155
1710327760997, 7740, 248895
1710327761997, 8082, 256977
1710327762997, 7569, 264546
1710327763998, 8550, 273096
1710327764999, 11471, 284567
1710327766000, 289, 284856
1710327767000, 0, 284856
1710327768001, 0, 284856
1710327769001, 0, 284856
1710327770002, 0, 284856
1710327771002, 0, 284856
1710327772003, 0, 284856
1710327773003, 0, 284856
1710327774003, 0, 284856
1710327775004, 129, 284985
05:02:55,697 ERROR [main-EventThread] RingManager:232 - org.apache.zookeeper.KeeperException$SessionExpiredException: KeeperErrorCode = Session expired for /ringpaxos/topology4/nodes
05:02:55,797 ERROR [main-EventThread] TopologyManager:465 - org.apache.zookeeper.KeeperException$SessionExpiredException: KeeperErrorCode = Session expired for /ringpaxos/topology4/learners
05:02:55,798 ERROR [main-EventThread] TopologyManager:465 - org.apache.zookeeper.KeeperException$SessionExpiredException: KeeperErrorCode = Session expired for /ringpaxos/topology4/nodes
05:02:55,806 ERROR [main-EventThread] RingManager:232 - org.apache.zookeeper.KeeperException$SessionExpiredException: KeeperErrorCode = Session expired for /ringpaxos/topology4/nodes
1710327776004, 0, 284985
1710327777004, 0, 284985
1710327778005, 0, 284985
