16:43:46,072 INFO  [main] RawABListener:48 - Initing a RawABListener...
16:43:46,083 INFO  [main] Node:101 - PID: 19951
16:43:46,304 INFO  [main] NetworkManager:117 - NetworkManager tcp_nodelay: true
16:43:46,310 INFO  [main] NetworkManager:123 - NetworkManager tcp_crc: false
16:43:46,311 INFO  [main] NetworkManager:127 - NetworkManager buf_size: 2097152
16:43:46,336 INFO  [main] ElasticLearnerRole:93 - ElasticLearnerRole replication group 1
16:43:46,337 INFO  [main] ElasticLearnerRole:97 - ElasticLearnerRole initial ring 1
16:43:46,338 INFO  [main] ElasticLearnerRole:102 - ElasticLearnerRole deliver_skip_messages: enabled
16:43:46,342 INFO  [ElasticLearner] LearnerRole:102 - Learner recovery: disabled
16:43:46,344 INFO  [ElasticLearner] LearnerRole:108 - Learner auto_trim: disabled
16:43:46,347 INFO  [main-EventThread] RingManager:133 - RingManager ring 1 changed: [1, 2, 13] (succsessor: 1 at /10.10.1.3:2280)
16:43:46,590 INFO  [main-EventThread] RingManager:133 - RingManager ring 1 changed: [1, 2, 13, 14] (succsessor: 14 at /10.10.1.6:2407)
16:44:01,042 INFO  [main] Replica:169 - Token [0], ringId [null], nodeId [13], snapshot_modulo [0], zoo_host [null], path [null], embebedLog [true], useDiskDb [true] with simple constructor
1681425841043, 0, 0
Reading from stdin
1681425842044, 912, 912
1681425843044, 3220, 4132
1681425844045, 3080, 7212
1681425845045, 4303, 11515
1681425846045, 4282, 15797
1681425847046, 2813, 18610
1681425848046, 3812, 22422
1681425849046, 4713, 27135
1681425850047, 3981, 31116
1681425851047, 4720, 35836
1681425852047, 3260, 39096
1681425853048, 3469, 42565
1681425854048, 3911, 46476
1681425855049, 3967, 50443
1681425856049, 3317, 53760
1681425857049, 2692, 56452
1681425858051, 3639, 60091
1681425859051, 5017, 65108
1681425860051, 3948, 69056
1681425861052, 3471, 72527
1681425862052, 1110, 73637
16:44:22,104 ERROR [main-EventThread] TopologyManager:465 - org.apache.zookeeper.KeeperException$ConnectionLossException: KeeperErrorCode = ConnectionLoss for /ringpaxos/topology1/nodes
16:44:22,207 ERROR [main-EventThread] RingManager:232 - org.apache.zookeeper.KeeperException$SessionExpiredException: KeeperErrorCode = Session expired for /ringpaxos/topology1/nodes
16:44:22,208 ERROR [main-EventThread] TopologyManager:465 - org.apache.zookeeper.KeeperException$SessionExpiredException: KeeperErrorCode = Session expired for /ringpaxos/topology1/learners
