16:43:46,041 INFO  [main] RawABListener:48 - Initing a RawABListener...
16:43:46,060 INFO  [main] Node:101 - PID: 19954
16:43:46,284 INFO  [main] NetworkManager:117 - NetworkManager tcp_nodelay: true
16:43:46,290 INFO  [main] NetworkManager:123 - NetworkManager tcp_crc: false
16:43:46,291 INFO  [main] NetworkManager:127 - NetworkManager buf_size: 2097152
16:43:46,321 INFO  [main] ElasticLearnerRole:93 - ElasticLearnerRole replication group 4
16:43:46,322 INFO  [main] ElasticLearnerRole:97 - ElasticLearnerRole initial ring 4
16:43:46,323 INFO  [main] ElasticLearnerRole:102 - ElasticLearnerRole deliver_skip_messages: enabled
16:43:46,329 INFO  [ElasticLearner] LearnerRole:102 - Learner recovery: disabled
16:43:46,331 INFO  [ElasticLearner] LearnerRole:108 - Learner auto_trim: disabled
16:43:46,335 INFO  [main-EventThread] RingManager:133 - RingManager ring 4 changed: [41, 42, 43] (succsessor: 41 at /10.10.1.3:2431)
16:43:46,444 INFO  [main-EventThread] RingManager:133 - RingManager ring 4 changed: [41, 42, 43, 44] (succsessor: 44 at /10.10.1.7:2460)
16:44:01,044 INFO  [main] Replica:169 - Token [0], ringId [null], nodeId [43], snapshot_modulo [0], zoo_host [null], path [null], embebedLog [true], useDiskDb [true] with simple constructor
1681425841047, 0, 0
Reading from stdin
1681425842047, 830, 830
1681425843048, 3465, 4295
1681425844048, 3606, 7901
1681425845050, 3922, 11823
1681425846050, 4341, 16164
1681425847051, 2047, 18211
1681425848051, 5061, 23272
1681425849051, 4124, 27396
1681425850052, 4232, 31628
1681425851052, 4734, 36362
1681425852053, 3127, 39489
1681425853053, 4021, 43510
1681425854054, 5219, 48729
1681425855054, 4625, 53354
1681425856055, 5062, 58416
1681425857055, 2534, 60950
1681425858055, 4160, 65110
1681425859056, 4736, 69846
1681425860056, 4254, 74100
1681425861057, 2842, 76942
1681425862058, 0, 76942
16:44:22,105 ERROR [TCPListener] SessionHandler:120 - Error in SessionHandler during reading!
java.nio.channels.ClosedSelectorException
	at java.base/sun.nio.ch.EPollSelectorImpl.ensureOpen(EPollSelectorImpl.java:98)
	at java.base/sun.nio.ch.EPollSelectorImpl.setEventOps(EPollSelectorImpl.java:243)
	at java.base/sun.nio.ch.SelectionKeyImpl.interestOps(SelectionKeyImpl.java:101)
	at ch.usi.da.paxos.ring.SessionHandler.handleReadable(SessionHandler.java:68)
	at ch.usi.da.paxos.ring.TCPListener.run(TCPListener.java:89)
	at java.base/java.lang.Thread.run(Thread.java:830)
16:44:22,116 ERROR [main-EventThread] TopologyManager:387 - org.apache.zookeeper.KeeperException$SessionExpiredException: KeeperErrorCode = Session expired for /ringpaxos/topology4/nodes/41
16:44:22,117 INFO  [main-EventThread] RingManager:133 - RingManager ring 4 changed: [41, 43] (succsessor: 41 at null)
16:44:22,121 ERROR [main-EventThread] ClientCnxn:537 - Error while calling watcher 
java.lang.NullPointerException
	at java.base/sun.nio.ch.Net.checkAddress(Net.java:126)
	at java.base/sun.nio.ch.SocketChannelImpl.checkRemote(SocketChannelImpl.java:706)
	at java.base/sun.nio.ch.SocketChannelImpl.connect(SocketChannelImpl.java:720)
	at ch.usi.da.paxos.ring.NetworkManager.connectClient(NetworkManager.java:291)
	at ch.usi.da.paxos.ring.RingManager.notifyRingChanged(RingManager.java:136)
	at ch.usi.da.paxos.ring.RingManager.process(RingManager.java:210)
	at org.apache.zookeeper.ClientCnxn$EventThread.processEvent(ClientCnxn.java:535)
	at org.apache.zookeeper.ClientCnxn$EventThread.run(ClientCnxn.java:510)
16:44:22,218 ERROR [main-EventThread] TopologyManager:465 - org.apache.zookeeper.KeeperException$SessionExpiredException: KeeperErrorCode = Session expired for /ringpaxos/topology4/learners
16:44:22,219 ERROR [main-EventThread] TopologyManager:465 - org.apache.zookeeper.KeeperException$SessionExpiredException: KeeperErrorCode = Session expired for /ringpaxos/topology4/nodes
16:44:22,219 ERROR [main-EventThread] RingManager:232 - org.apache.zookeeper.KeeperException$SessionExpiredException: KeeperErrorCode = Session expired for /ringpaxos/topology4/nodes
