19:05:58,172 INFO  [main] RawABListener:48 - Initing a RawABListener...
19:05:58,183 INFO  [main] Node:101 - PID: 12209
19:05:58,408 INFO  [main] NetworkManager:117 - NetworkManager tcp_nodelay: true
19:05:58,413 INFO  [main] NetworkManager:123 - NetworkManager tcp_crc: false
19:05:58,414 INFO  [main] NetworkManager:127 - NetworkManager buf_size: 2097152
19:05:58,433 INFO  [main] ElasticLearnerRole:93 - ElasticLearnerRole replication group 1
19:05:58,434 INFO  [main] ElasticLearnerRole:97 - ElasticLearnerRole initial ring 1
19:05:58,434 INFO  [main] ElasticLearnerRole:102 - ElasticLearnerRole deliver_skip_messages: enabled
19:05:58,441 INFO  [ElasticLearner] LearnerRole:102 - Learner recovery: disabled
19:05:58,447 INFO  [ElasticLearner] LearnerRole:108 - Learner auto_trim: disabled
19:05:58,455 INFO  [main-EventThread] RingManager:133 - RingManager ring 1 changed: [1, 2, 13, 14] (succsessor: 1 at /10.10.1.3:2796)
19:05:58,670 INFO  [main] Replica:188 - Token [0], ringId [null], nodeId [14], snapshot_modulo [0], zoo_host [10.10.1.1], pathPrefix[/media/disk5/], path [/media/disk5/8781128f-7b4c-44d9-9338-0709045533d2], embebedLog [false], useDiskDb [true] with complex constructor
1710896758671, 0, 0
Reading from stdin
1710896759672, 0, 0
1710896760672, 0, 0
1710896761673, 0, 0
1710896762673, 0, 0
1710896763674, 12394, 12394
1710896764674, 50991, 63385
1710896765675, 54621, 118006
1710896766676, 56570, 174576
1710896767677, 60397, 234973
1710896768678, 44090, 279063
1710896769679, 56917, 335980
1710896770679, 46339, 382319
1710896771680, 44013, 426332
1710896772681, 66431, 492763
1710896773681, 61674, 554437
1710896774682, 26500, 580937
1710896775683, 49892, 630829
1710896776684, 63029, 693858
1710896777684, 62823, 756681
1710896778735, 45225, 801906
1710896779735, 52292, 854198
1710896780736, 50744, 904942
1710896781736, 35433, 940375
1710896782737, 47762, 988137
1710896783738, 62988, 1051125
1710896784739, 47635, 1098760
1710896785739, 47463, 1146223
1710896786740, 50707, 1196930
1710896787740, 63869, 1260799
1710896789034, 28203, 1289002
1710896790039, 45230, 1334232
1710896791039, 56617, 1390849
1710896792040, 47133, 1437982
1710896793157, 52263, 1490245
1710896794158, 59963, 1550208
1710896795158, 5125, 1555333
1710896796159, 0, 1555333
1710896797172, 0, 1555333
1710896798173, 0, 1555333
1710896799173, 18, 1555351
1710896800174, 0, 1555351
19:06:40,591 ERROR [main-EventThread] TopologyManager:465 - org.apache.zookeeper.KeeperException$SessionExpiredException: KeeperErrorCode = Session expired for /ringpaxos/topology1/nodes
19:06:40,691 ERROR [main-EventThread] RingManager:232 - org.apache.zookeeper.KeeperException$SessionExpiredException: KeeperErrorCode = Session expired for /ringpaxos/topology1/nodes
19:06:40,691 ERROR [main-EventThread] TopologyManager:465 - org.apache.zookeeper.KeeperException$SessionExpiredException: KeeperErrorCode = Session expired for /ringpaxos/topology1/learners
1710896801174, 0, 1555351
1710896802175, 0, 1555351
