00:54:20,204 INFO  [main] RawABListener:48 - Initing a RawABListener...
00:54:20,220 INFO  [main] Node:101 - PID: 80167
00:54:20,467 INFO  [main] NetworkManager:117 - NetworkManager tcp_nodelay: true
00:54:20,472 INFO  [main] NetworkManager:123 - NetworkManager tcp_crc: false
00:54:20,473 INFO  [main] NetworkManager:127 - NetworkManager buf_size: 2097152
00:54:20,495 INFO  [main] ElasticLearnerRole:93 - ElasticLearnerRole replication group 1
00:54:20,496 INFO  [main] ElasticLearnerRole:97 - ElasticLearnerRole initial ring 1
00:54:20,497 INFO  [main] ElasticLearnerRole:102 - ElasticLearnerRole deliver_skip_messages: enabled
00:54:20,502 INFO  [ElasticLearner] LearnerRole:102 - Learner recovery: disabled
00:54:20,504 INFO  [ElasticLearner] LearnerRole:108 - Learner auto_trim: disabled
00:54:20,508 INFO  [main-EventThread] RingManager:133 - RingManager ring 1 changed: [1, 2, 13, 14] (succsessor: 1 at /10.10.1.3:2906)
00:54:20,813 INFO  [main] Replica:188 - Token [0], ringId [null], nodeId [14], snapshot_modulo [0], zoo_host [10.10.1.1], pathPrefix[/media/disk5/], path [/media/disk5/b1d0e9c4-dc6e-4e1a-92de-38e23153422c], embebedLog [false], useDiskDb [true] with complex constructor
1710917660814, 0, 0
Reading from stdin
1710917661814, 0, 0
1710917662815, 0, 0
1710917663815, 0, 0
1710917664816, 0, 0
1710917665822, 28472, 28472
1710917666823, 45401, 73873
1710917667824, 55524, 129397
1710917668825, 49570, 178967
1710917669826, 45925, 224892
1710917670827, 47241, 272133
1710917671828, 32477, 304610
1710917672829, 54300, 358910
1710917673829, 48669, 407579
1710917674830, 49042, 456621
1710917675830, 36493, 493114
1710917676831, 51097, 544211
1710917677831, 53693, 597904
1710917678832, 66851, 664755
1710917679832, 62661, 727416
1710917680833, 59968, 787384
1710917681833, 58242, 845626
1710917682834, 50982, 896608
1710917683835, 49013, 945621
1710917684835, 50273, 995894
1710917685836, 51933, 1047827
1710917686837, 53042, 1100869
1710917687837, 64693, 1165562
1710917688838, 51392, 1216954
1710917689838, 49586, 1266540
1710917690839, 59277, 1325817
1710917691839, 58671, 1384488
1710917692840, 36615, 1421103
1710917693840, 53924, 1475027
1710917694841, 55455, 1530482
1710917695841, 10554, 1541036
1710917696842, 0, 1541036
1710917697842, 0, 1541036
1710917698843, 18, 1541054
1710917699843, 40, 1541094
1710917700843, 0, 1541094
1710917701844, 18, 1541112
1710917702844, 0, 1541112
00:55:03,186 ERROR [main-EventThread] TopologyManager:465 - org.apache.zookeeper.KeeperException$SessionExpiredException: KeeperErrorCode = Session expired for /ringpaxos/topology1/nodes
00:55:03,283 ERROR [main-EventThread] RingManager:232 - org.apache.zookeeper.KeeperException$SessionExpiredException: KeeperErrorCode = Session expired for /ringpaxos/topology1/nodes
00:55:03,283 ERROR [main-EventThread] TopologyManager:465 - org.apache.zookeeper.KeeperException$SessionExpiredException: KeeperErrorCode = Session expired for /ringpaxos/topology1/learners
1710917703844, 0, 1541112
1710917704845, 0, 1541112
