21:32:22,856 INFO  [main] RawABListener:48 - Initing a RawABListener...
21:32:22,867 INFO  [main] Node:101 - PID: 9483
21:32:23,050 INFO  [main] NetworkManager:117 - NetworkManager tcp_nodelay: true
21:32:23,054 INFO  [main] NetworkManager:123 - NetworkManager tcp_crc: false
21:32:23,055 INFO  [main] NetworkManager:127 - NetworkManager buf_size: 2097152
21:32:23,074 INFO  [main] ElasticLearnerRole:93 - ElasticLearnerRole replication group 3
21:32:23,076 INFO  [main] ElasticLearnerRole:97 - ElasticLearnerRole initial ring 3
21:32:23,077 INFO  [main] ElasticLearnerRole:102 - ElasticLearnerRole deliver_skip_messages: enabled
21:32:23,083 INFO  [ElasticLearner] LearnerRole:102 - Learner recovery: disabled
21:32:23,085 INFO  [ElasticLearner] LearnerRole:108 - Learner auto_trim: disabled
21:32:23,090 INFO  [main-EventThread] RingManager:133 - RingManager ring 3 changed: [31, 32, 33] (succsessor: 31 at /10.10.1.3:2569)
21:32:23,111 INFO  [main] Replica:172 - Token [0], ringId [null], nodeId [33], snapshot_modulo [0], zoo_host [null], path [null], embebedLog [false], useDiskDb [false] with simple constructor
1681961543111, 0, 0
Reading from stdin
21:32:23,133 INFO  [main-EventThread] RingManager:133 - RingManager ring 3 changed: [31, 32, 33, 34] (succsessor: 34 at /10.10.1.7:2261)
1681961544112, 0, 0
1681961545112, 0, 0
1681961546112, 0, 0
1681961547113, 0, 0
1681961548113, 9, 9
21:32:28,132 INFO  [main-EventThread] RingManager:133 - RingManager ring 3 changed: [6, 31, 32, 33, 34] (succsessor: 34 at /10.10.1.7:2261)
21:32:28,243 INFO  [main-EventThread] RingManager:133 - RingManager ring 3 changed: [6, 7, 31, 32, 33, 34] (succsessor: 34 at /10.10.1.7:2261)
1681961549113, 124, 133
1681961550113, 132, 265
1681961551114, 119, 384
1681961552114, 119, 503
1681961553114, 128, 631
1681961554115, 124, 755
1681961555115, 128, 883
1681961556115, 128, 1011
1681961557116, 128, 1139
1681961558116, 131, 1270
1681961559116, 127, 1397
1681961560116, 133, 1530
1681961561117, 124, 1654
1681961562117, 127, 1781
1681961563117, 129, 1910
1681961564118, 121, 2031
1681961565118, 124, 2155
1681961566118, 139, 2294
1681961567119, 119, 2413
1681961568119, 123, 2536
1681961569119, 129, 2665
1681961570120, 124, 2789
1681961571120, 127, 2916
1681961572120, 124, 3040
1681961573120, 124, 3164
1681961574121, 123, 3287
1681961575121, 126, 3413
1681961576121, 129, 3542
1681961577121, 113, 3655
1681961578122, 0, 3655
1681961579122, 0, 3655
1681961580122, 112, 3767
1681961581122, 125, 3892
1681961582123, 131, 4023
1681961583123, 127, 4150
1681961584123, 136, 4286
1681961585123, 127, 4413
1681961586124, 123, 4536
1681961587124, 129, 4665
1681961588124, 141, 4806
1681961589124, 128, 4934
1681961590125, 124, 5058
1681961591125, 132, 5190
1681961592125, 126, 5316
1681961593125, 130, 5446
1681961594125, 124, 5570
1681961595126, 124, 5694
1681961596126, 131, 5825
1681961597126, 132, 5957
1681961598127, 125, 6082
1681961599127, 138, 6220
1681961600127, 126, 6346
1681961601128, 123, 6469
1681961602128, 128, 6597
1681961603128, 118, 6715
1681961604128, 128, 6843
1681961605129, 138, 6981
1681961606129, 134, 7115
1681961607129, 127, 7242
1681961608129, 125, 7367
1681961609130, 109, 7476
1681961610130, 0, 7476
21:33:30,492 ERROR [main-EventThread] TopologyManager:465 - org.apache.zookeeper.KeeperException$SessionExpiredException: KeeperErrorCode = Session expired for /ringpaxos/topology3/learners
21:33:30,591 ERROR [main-EventThread] TopologyManager:465 - org.apache.zookeeper.KeeperException$SessionExpiredException: KeeperErrorCode = Session expired for /ringpaxos/topology3/nodes
21:33:30,591 ERROR [main-EventThread] RingManager:232 - org.apache.zookeeper.KeeperException$SessionExpiredException: KeeperErrorCode = Session expired for /ringpaxos/topology3/nodes
