21:32:22,943 INFO  [main] RawABListener:48 - Initing a RawABListener...
21:32:22,955 INFO  [main] Node:101 - PID: 9356
21:32:23,168 INFO  [main] NetworkManager:117 - NetworkManager tcp_nodelay: true
21:32:23,173 INFO  [main] NetworkManager:123 - NetworkManager tcp_crc: false
21:32:23,174 INFO  [main] NetworkManager:127 - NetworkManager buf_size: 2097152
21:32:23,205 INFO  [main] ElasticLearnerRole:93 - ElasticLearnerRole replication group 2
21:32:23,206 INFO  [main] ElasticLearnerRole:97 - ElasticLearnerRole initial ring 2
21:32:23,209 INFO  [main] ElasticLearnerRole:102 - ElasticLearnerRole deliver_skip_messages: enabled
21:32:23,213 INFO  [ElasticLearner] LearnerRole:102 - Learner recovery: disabled
21:32:23,216 INFO  [ElasticLearner] LearnerRole:108 - Learner auto_trim: disabled
21:32:23,218 INFO  [main-EventThread] RingManager:133 - RingManager ring 2 changed: [21, 22, 23, 24] (succsessor: 21 at /10.10.1.3:2199)
21:32:23,240 INFO  [main] Replica:172 - Token [0], ringId [null], nodeId [24], snapshot_modulo [0], zoo_host [null], path [null], embebedLog [false], useDiskDb [false] with simple constructor
1681961543241, 0, 0
Reading from stdin
1681961544241, 0, 0
1681961545242, 0, 0
1681961546242, 0, 0
1681961547243, 0, 0
21:32:27,934 INFO  [main-EventThread] RingManager:133 - RingManager ring 2 changed: [5, 21, 22, 23, 24] (succsessor: 5 at /10.10.1.7:2271)
21:32:28,017 INFO  [main-EventThread] RingManager:133 - RingManager ring 2 changed: [5, 6, 21, 22, 23, 24] (succsessor: 5 at /10.10.1.7:2271)
1681961548244, 25, 25
1681961549244, 129, 154
1681961550244, 116, 270
1681961551245, 125, 395
1681961552245, 132, 527
1681961553246, 132, 659
1681961554246, 117, 776
1681961555247, 124, 900
1681961556247, 124, 1024
1681961557248, 121, 1145
1681961558248, 128, 1273
1681961559249, 131, 1404
1681961560249, 125, 1529
1681961561250, 124, 1653
1681961562250, 129, 1782
1681961563251, 121, 1903
1681961564251, 126, 2029
1681961565252, 133, 2162
1681961566252, 121, 2283
1681961567253, 130, 2413
1681961568253, 124, 2537
1681961569254, 129, 2666
1681961570254, 125, 2791
1681961571255, 135, 2926
1681961572255, 127, 3053
1681961573255, 132, 3185
1681961574256, 121, 3306
1681961575256, 120, 3426
1681961576256, 140, 3566
1681961577257, 101, 3667
1681961578257, 0, 3667
1681961579257, 7, 3674
1681961580258, 131, 3805
1681961581258, 131, 3936
1681961582259, 120, 4056
1681961583259, 129, 4185
1681961584260, 125, 4310
1681961585260, 136, 4446
1681961586261, 135, 4581
1681961587262, 120, 4701
1681961588262, 135, 4836
1681961589263, 131, 4967
1681961590263, 130, 5097
1681961591263, 128, 5225
1681961592264, 130, 5355
1681961593266, 134, 5489
1681961594266, 127, 5616
1681961595266, 134, 5750
1681961596267, 123, 5873
1681961597267, 119, 5992
1681961598267, 128, 6120
1681961599268, 129, 6249
1681961600268, 132, 6381
1681961601268, 124, 6505
1681961602269, 126, 6631
1681961603269, 123, 6754
1681961604270, 127, 6881
1681961605270, 126, 7007
1681961606270, 123, 7130
1681961607271, 128, 7258
1681961608272, 132, 7390
1681961609272, 97, 7487
1681961610273, 0, 7487
21:33:30,489 ERROR [TCPListener] SessionHandler:120 - Error in SessionHandler during reading!
java.nio.channels.ClosedSelectorException
	at java.base/sun.nio.ch.EPollSelectorImpl.ensureOpen(EPollSelectorImpl.java:98)
	at java.base/sun.nio.ch.EPollSelectorImpl.setEventOps(EPollSelectorImpl.java:243)
	at java.base/sun.nio.ch.SelectionKeyImpl.interestOps(SelectionKeyImpl.java:101)
	at ch.usi.da.paxos.ring.SessionHandler.handleReadable(SessionHandler.java:68)
	at ch.usi.da.paxos.ring.TCPListener.run(TCPListener.java:89)
	at java.base/java.lang.Thread.run(Thread.java:830)
21:33:30,500 ERROR [main-EventThread] RingManager:232 - org.apache.zookeeper.KeeperException$SessionExpiredException: KeeperErrorCode = Session expired for /ringpaxos/topology2/nodes
21:33:30,601 ERROR [main-EventThread] TopologyManager:465 - org.apache.zookeeper.KeeperException$SessionExpiredException: KeeperErrorCode = Session expired for /ringpaxos/topology2/learners
21:33:30,602 ERROR [main-EventThread] TopologyManager:465 - org.apache.zookeeper.KeeperException$SessionExpiredException: KeeperErrorCode = Session expired for /ringpaxos/topology2/nodes
21:33:30,602 ERROR [main-EventThread] RingManager:232 - org.apache.zookeeper.KeeperException$SessionExpiredException: KeeperErrorCode = Session expired for /ringpaxos/topology2/nodes
