21:32:22,852 INFO  [main] RawABListener:48 - Initing a RawABListener...
21:32:22,862 INFO  [main] Node:101 - PID: 9485
21:32:23,045 INFO  [main] NetworkManager:117 - NetworkManager tcp_nodelay: true
21:32:23,049 INFO  [main] NetworkManager:123 - NetworkManager tcp_crc: false
21:32:23,049 INFO  [main] NetworkManager:127 - NetworkManager buf_size: 2097152
21:32:23,066 INFO  [main] ElasticLearnerRole:93 - ElasticLearnerRole replication group 4
21:32:23,067 INFO  [main] ElasticLearnerRole:97 - ElasticLearnerRole initial ring 4
21:32:23,068 INFO  [main] ElasticLearnerRole:102 - ElasticLearnerRole deliver_skip_messages: enabled
21:32:23,077 INFO  [ElasticLearner] LearnerRole:102 - Learner recovery: disabled
21:32:23,079 INFO  [ElasticLearner] LearnerRole:108 - Learner auto_trim: disabled
21:32:23,085 INFO  [main-EventThread] RingManager:133 - RingManager ring 4 changed: [41, 42, 43] (succsessor: 41 at /10.10.1.3:2728)
21:32:23,102 INFO  [main] Replica:172 - Token [0], ringId [null], nodeId [43], snapshot_modulo [0], zoo_host [null], path [null], embebedLog [false], useDiskDb [false] with simple constructor
1681961543102, 0, 0
Reading from stdin
21:32:23,173 INFO  [main-EventThread] RingManager:133 - RingManager ring 4 changed: [41, 42, 43, 44] (succsessor: 44 at /10.10.1.7:2368)
1681961544103, 0, 0
1681961545103, 0, 0
1681961546103, 0, 0
1681961547103, 0, 0
1681961548104, 7, 7
21:32:28,361 ERROR [TCPListener] SessionHandler:104 - Error in SessionHandler during de-serializing!
java.lang.IndexOutOfBoundsException: Index 0 out of bounds for length 0
	at java.base/jdk.internal.util.Preconditions.outOfBounds(Preconditions.java:64)
	at java.base/jdk.internal.util.Preconditions.outOfBoundsCheckIndex(Preconditions.java:70)
	at java.base/jdk.internal.util.Preconditions.checkIndex(Preconditions.java:248)
	at java.base/java.util.Objects.checkIndex(Objects.java:373)
	at java.base/java.util.ArrayList.get(ArrayList.java:426)
	at ch.usi.da.paxos.ring.RingManager.getRingSuccessor(RingManager.java:169)
	at ch.usi.da.paxos.ring.NetworkManager.receive(NetworkManager.java:172)
	at ch.usi.da.paxos.ring.SessionHandler.handleReadable(SessionHandler.java:99)
	at ch.usi.da.paxos.ring.TCPListener.run(TCPListener.java:89)
	at java.base/java.lang.Thread.run(Thread.java:830)
21:32:28,361 INFO  [main-EventThread] RingManager:133 - RingManager ring 4 changed: [7, 41, 42, 43, 44] (succsessor: 44 at /10.10.1.7:2368)
21:32:28,380 ERROR [TCPListener] LearnerRole:219 - Learner received decision without value! [Decision from:42 to:Learner instance:30 ballot:51 v_ballot:0 value:<none> (758660963977841)]
21:32:28,448 INFO  [main-EventThread] RingManager:133 - RingManager ring 4 changed: [7, 8, 41, 42, 43, 44] (succsessor: 44 at /10.10.1.7:2368)
21:32:29,091 WARN  [Learner-4] LearnerRole:133 - Learner re-request missing instance 30
1681961549104, 29, 36
1681961550104, 122, 158
1681961551105, 132, 290
1681961552105, 126, 416
1681961553105, 123, 539
1681961554105, 121, 660
1681961555106, 126, 786
1681961556106, 130, 916
1681961557106, 119, 1035
1681961558106, 125, 1160
1681961559107, 127, 1287
1681961560107, 125, 1412
1681961561107, 127, 1539
1681961562107, 128, 1667
1681961563107, 124, 1791
1681961564108, 125, 1916
1681961565108, 126, 2042
1681961566108, 122, 2164
1681961567109, 134, 2298
1681961568109, 125, 2423
1681961569109, 125, 2548
1681961570109, 130, 2678
1681961571110, 118, 2796
1681961572110, 138, 2934
1681961573110, 123, 3057
1681961574110, 130, 3187
1681961575111, 133, 3320
1681961576111, 118, 3438
1681961577111, 122, 3560
1681961578111, 0, 3560
1681961579112, 0, 3560
1681961580112, 105, 3665
1681961581112, 118, 3783
1681961582112, 129, 3912
1681961583113, 126, 4038
1681961584113, 127, 4165
1681961585113, 131, 4296
1681961586113, 131, 4427
1681961587114, 131, 4558
1681961588114, 121, 4679
1681961589114, 128, 4807
1681961590114, 132, 4939
1681961591115, 119, 5058
1681961592115, 130, 5188
1681961593115, 121, 5309
1681961594115, 133, 5442
1681961595115, 131, 5573
1681961596116, 122, 5695
1681961597116, 125, 5820
1681961598116, 127, 5947
1681961599117, 129, 6076
1681961600117, 133, 6209
1681961601117, 137, 6346
1681961602117, 133, 6479
1681961603118, 135, 6614
1681961604118, 131, 6745
1681961605118, 124, 6869
1681961606118, 130, 6999
1681961607119, 125, 7124
1681961608119, 130, 7254
1681961609119, 114, 7368
1681961610119, 0, 7368
21:33:30,488 ERROR [main-EventThread] TopologyManager:465 - org.apache.zookeeper.KeeperException$SessionExpiredException: KeeperErrorCode = Session expired for /ringpaxos/topology4/learners
21:33:30,585 ERROR [main-EventThread] TopologyManager:465 - org.apache.zookeeper.KeeperException$SessionExpiredException: KeeperErrorCode = Session expired for /ringpaxos/topology4/nodes
21:33:30,585 ERROR [main-EventThread] RingManager:232 - org.apache.zookeeper.KeeperException$SessionExpiredException: KeeperErrorCode = Session expired for /ringpaxos/topology4/nodes
