08:10:37,342 INFO  [main] RawABListener:48 - Initing a RawABListener...
08:10:37,352 INFO  [main] Node:101 - PID: 54412
08:10:37,585 INFO  [main] NetworkManager:117 - NetworkManager tcp_nodelay: true
08:10:37,590 INFO  [main] NetworkManager:123 - NetworkManager tcp_crc: false
08:10:37,590 INFO  [main] NetworkManager:127 - NetworkManager buf_size: 2097152
08:10:37,616 INFO  [main] ElasticLearnerRole:93 - ElasticLearnerRole replication group 2
08:10:37,617 INFO  [main] ElasticLearnerRole:97 - ElasticLearnerRole initial ring 2
08:10:37,617 INFO  [main] ElasticLearnerRole:102 - ElasticLearnerRole deliver_skip_messages: enabled
08:10:37,621 INFO  [ElasticLearner] LearnerRole:102 - Learner recovery: disabled
08:10:37,624 INFO  [ElasticLearner] LearnerRole:108 - Learner auto_trim: disabled
08:10:37,627 INFO  [main-EventThread] RingManager:133 - RingManager ring 2 changed: [22, 23] (succsessor: 22 at /10.10.1.2:2638)
08:10:37,634 INFO  [main-EventThread] RingManager:133 - RingManager ring 2 changed: [21, 22, 23] (succsessor: 21 at /10.10.1.3:2869)
08:10:37,832 INFO  [main-EventThread] RingManager:133 - RingManager ring 2 changed: [21, 22, 23, 24] (succsessor: 24 at /10.10.1.6:2087)
08:10:41,215 INFO  [main-EventThread] RingManager:133 - RingManager ring 2 changed: [5, 21, 22, 23, 24] (succsessor: 24 at /10.10.1.6:2087)
08:10:42,176 INFO  [main] Replica:172 - Token [0], ringId [null], nodeId [23], snapshot_modulo [0], zoo_host [null], path [null], embebedLog [false], useDiskDb [false] with simple constructor
1681999842178, 0, 0
Reading from stdin
1681999843178, 148, 148
1681999844179, 258, 406
1681999845179, 255, 661
1681999846180, 253, 914
1681999847180, 252, 1166
1681999848180, 247, 1413
1681999849181, 261, 1674
1681999850181, 247, 1921
1681999851181, 256, 2177
1681999852182, 280, 2457
1681999853182, 262, 2719
1681999854182, 256, 2975
1681999855182, 266, 3241
1681999856183, 254, 3495
1681999857183, 255, 3750
1681999858183, 261, 4011
1681999859184, 262, 4273
1681999860184, 261, 4534
1681999861184, 258, 4792
1681999862184, 264, 5056
1681999863185, 246, 5302
1681999864185, 240, 5542
1681999865185, 251, 5793
1681999866186, 243, 6036
1681999867186, 269, 6305
1681999868186, 266, 6571
1681999869186, 254, 6825
1681999870186, 242, 7067
1681999871187, 243, 7310
1681999872187, 215, 7525
1681999873187, 0, 7525
08:11:13,289 ERROR [TCPListener] SessionHandler:120 - Error in SessionHandler during reading!
java.nio.channels.ClosedSelectorException
	at java.base/sun.nio.ch.EPollSelectorImpl.ensureOpen(EPollSelectorImpl.java:98)
	at java.base/sun.nio.ch.EPollSelectorImpl.setEventOps(EPollSelectorImpl.java:243)
	at java.base/sun.nio.ch.SelectionKeyImpl.interestOps(SelectionKeyImpl.java:101)
	at ch.usi.da.paxos.ring.SessionHandler.handleReadable(SessionHandler.java:68)
	at ch.usi.da.paxos.ring.TCPListener.run(TCPListener.java:89)
	at java.base/java.lang.Thread.run(Thread.java:830)
08:11:13,300 ERROR [main-EventThread] TopologyManager:387 - org.apache.zookeeper.KeeperException$ConnectionLossException: KeeperErrorCode = ConnectionLoss for /ringpaxos/topology2/nodes/5
08:11:13,301 INFO  [main-EventThread] RingManager:133 - RingManager ring 2 changed: [5, 21, 23] (succsessor: 5 at null)
08:11:13,302 ERROR [main-EventThread] ClientCnxn:537 - Error while calling watcher 
java.lang.NullPointerException
	at java.base/sun.nio.ch.Net.checkAddress(Net.java:126)
	at java.base/sun.nio.ch.SocketChannelImpl.checkRemote(SocketChannelImpl.java:706)
	at java.base/sun.nio.ch.SocketChannelImpl.connect(SocketChannelImpl.java:720)
	at ch.usi.da.paxos.ring.NetworkManager.connectClient(NetworkManager.java:291)
	at ch.usi.da.paxos.ring.RingManager.notifyRingChanged(RingManager.java:136)
	at ch.usi.da.paxos.ring.RingManager.process(RingManager.java:210)
	at org.apache.zookeeper.ClientCnxn$EventThread.processEvent(ClientCnxn.java:535)
	at org.apache.zookeeper.ClientCnxn$EventThread.run(ClientCnxn.java:510)
08:11:13,404 ERROR [main-EventThread] TopologyManager:465 - org.apache.zookeeper.KeeperException$SessionExpiredException: KeeperErrorCode = Session expired for /ringpaxos/topology2/learners
08:11:13,404 ERROR [main-EventThread] TopologyManager:465 - org.apache.zookeeper.KeeperException$SessionExpiredException: KeeperErrorCode = Session expired for /ringpaxos/topology2/nodes
08:11:13,405 ERROR [main-EventThread] RingManager:232 - org.apache.zookeeper.KeeperException$SessionExpiredException: KeeperErrorCode = Session expired for /ringpaxos/topology2/nodes
