21:32:22,922 INFO  [main] RawABListener:48 - Initing a RawABListener...
21:32:22,931 INFO  [main] Node:101 - PID: 8963
21:32:23,150 INFO  [main] NetworkManager:117 - NetworkManager tcp_nodelay: true
21:32:23,156 INFO  [main] NetworkManager:123 - NetworkManager tcp_crc: false
21:32:23,157 INFO  [main] NetworkManager:127 - NetworkManager buf_size: 2097152
21:32:23,183 INFO  [main] ElasticLearnerRole:93 - ElasticLearnerRole replication group 4
21:32:23,184 INFO  [main] ElasticLearnerRole:97 - ElasticLearnerRole initial ring 4
21:32:23,185 INFO  [main] ElasticLearnerRole:102 - ElasticLearnerRole deliver_skip_messages: enabled
21:32:23,189 INFO  [ElasticLearner] LearnerRole:102 - Learner recovery: disabled
21:32:23,192 INFO  [ElasticLearner] LearnerRole:108 - Learner auto_trim: disabled
21:32:23,195 INFO  [main-EventThread] RingManager:133 - RingManager ring 4 changed: [41, 42, 43, 44] (succsessor: 41 at /10.10.1.3:2728)
21:32:23,217 INFO  [main] Replica:172 - Token [0], ringId [null], nodeId [44], snapshot_modulo [0], zoo_host [null], path [null], embebedLog [false], useDiskDb [false] with simple constructor
1681961543217, 0, 0
Reading from stdin
1681961544218, 0, 0
1681961545219, 0, 0
1681961546219, 0, 0
1681961547219, 0, 0
1681961548220, 20, 20
21:32:28,363 INFO  [main-EventThread] RingManager:133 - RingManager ring 4 changed: [7, 41, 42, 43, 44] (succsessor: 7 at /10.10.1.7:2772)
21:32:28,388 ERROR [TCPListener] LearnerRole:219 - Learner received decision without value! [Decision from:42 to:Learner instance:30 ballot:51 v_ballot:0 value:<none> (758660963977841)]
21:32:28,449 INFO  [main-EventThread] RingManager:133 - RingManager ring 4 changed: [7, 8, 41, 42, 43, 44] (succsessor: 7 at /10.10.1.7:2772)
1681961549221, 30, 50
1681961550221, 121, 171
1681961551222, 133, 304
1681961552222, 127, 431
1681961553223, 124, 555
1681961554223, 119, 674
1681961555224, 126, 800
1681961556225, 127, 927
1681961557225, 121, 1048
1681961558225, 127, 1175
1681961559226, 129, 1304
1681961560226, 124, 1428
1681961561227, 128, 1556
1681961562227, 126, 1682
1681961563227, 125, 1807
1681961564228, 126, 1933
1681961565228, 122, 2055
1681961566229, 128, 2183
1681961567230, 129, 2312
1681961568230, 125, 2437
1681961569231, 131, 2568
1681961570231, 124, 2692
1681961571232, 123, 2815
1681961572232, 136, 2951
1681961573233, 120, 3071
1681961574233, 135, 3206
1681961575234, 127, 3333
1681961576235, 125, 3458
1681961577235, 102, 3560
1681961578236, 0, 3560
1681961579236, 0, 3560
1681961580237, 120, 3680
1681961581237, 119, 3799
1681961582238, 129, 3928
1681961583238, 126, 4054
1681961584238, 127, 4181
1681961585239, 128, 4309
1681961586240, 136, 4445
1681961587241, 130, 4575
1681961588243, 123, 4698
1681961589243, 122, 4820
1681961590243, 131, 4951
1681961591244, 125, 5076
1681961592244, 127, 5203
1681961593245, 122, 5325
1681961594245, 133, 5458
1681961595246, 133, 5591
1681961596246, 120, 5711
1681961597246, 125, 5836
1681961598247, 128, 5964
1681961599247, 130, 6094
1681961600247, 133, 6227
1681961601248, 135, 6362
1681961602248, 136, 6498
1681961603249, 132, 6630
1681961604249, 131, 6761
1681961605250, 126, 6887
1681961606250, 128, 7015
1681961607251, 129, 7144
1681961608251, 126, 7270
1681961609251, 98, 7368
1681961610252, 0, 7368
21:33:30,497 ERROR [main-EventThread] TopologyManager:465 - org.apache.zookeeper.KeeperException$SessionExpiredException: KeeperErrorCode = Session expired for /ringpaxos/topology4/nodes
21:33:30,593 ERROR [main-EventThread] RingManager:232 - org.apache.zookeeper.KeeperException$SessionExpiredException: KeeperErrorCode = Session expired for /ringpaxos/topology4/nodes
21:33:30,593 ERROR [main-EventThread] TopologyManager:465 - org.apache.zookeeper.KeeperException$SessionExpiredException: KeeperErrorCode = Session expired for /ringpaxos/topology4/learners
