15:44:21,488 INFO  [main] RawABListener:48 - Initing a RawABListener...
15:44:21,497 INFO  [main] Node:101 - PID: 34301
15:44:21,685 INFO  [main] NetworkManager:117 - NetworkManager tcp_nodelay: true
15:44:21,690 INFO  [main] NetworkManager:123 - NetworkManager tcp_crc: false
15:44:21,690 INFO  [main] NetworkManager:127 - NetworkManager buf_size: 2097152
15:44:21,706 INFO  [main] ElasticLearnerRole:93 - ElasticLearnerRole replication group 1
15:44:21,706 INFO  [main] ElasticLearnerRole:97 - ElasticLearnerRole initial ring 1
15:44:21,707 INFO  [main] ElasticLearnerRole:102 - ElasticLearnerRole deliver_skip_messages: enabled
15:44:21,712 INFO  [ElasticLearner] LearnerRole:102 - Learner recovery: disabled
15:44:21,715 INFO  [ElasticLearner] LearnerRole:108 - Learner auto_trim: disabled
15:44:21,722 INFO  [main-EventThread] RingManager:133 - RingManager ring 1 changed: [2, 14, 15] (succsessor: 2 at /10.10.1.4:2092)
15:44:21,729 INFO  [main-EventThread] RingManager:133 - RingManager ring 1 changed: [1, 2, 14, 15] (succsessor: 1 at /10.10.1.2:2823)
15:44:21,734 INFO  [main-EventThread] RingManager:133 - RingManager ring 1 changed: [1, 2, 13, 14, 15] (succsessor: 1 at /10.10.1.2:2823)
15:44:21,734 INFO  [main] Replica:165 - Token [0], ringId [null], nodeId [15], snapshot_modulo [0], zoo_host [null], path [null], embebedLog [false], useDiskDb [false] with simple constructor
1670193861735, 0, 0
Reading from stdin
1670193862735, 0, 0
1670193863736, 0, 0
1670193864736, 0, 0
1670193865737, 0, 0
1670193866737, 0, 0
1670193867737, 3513, 3513
1670193868738, 4020, 7533
1670193869738, 3979, 11512
1670193870739, 3991, 15503
1670193871739, 4045, 19548
15:44:32,021 INFO  [main-EventThread] RingManager:133 - RingManager ring 1 changed: [1, 2, 4, 13, 14, 15] (succsessor: 1 at /10.10.1.2:2823)
15:44:32,059 ERROR [TCPListener] LearnerRole:219 - Learner received decision without value! [Decision from:2 to:Learner instance:2980 ballot:11 v_ballot:0 value:<none> (900500222554091)]
1670193872740, 1225, 20773
1670193873740, 3952, 24725
1670193874740, 4007, 28732
1670193875741, 3976, 32708
1670193876741, 4044, 36752
1670193877742, 3940, 40692
1670193878742, 3976, 44668
1670193879742, 4005, 48673
1670193880744, 3943, 52616
1670193881744, 3994, 56610
1670193882744, 4035, 60645
1670193883745, 3988, 64633
1670193884745, 3966, 68599
1670193885746, 3985, 72584
1670193886746, 3943, 76527
1670193887746, 3987, 80514
1670193888747, 4019, 84533
1670193889747, 4011, 88544
1670193890748, 4005, 92549
1670193891748, 4024, 96573
1670193892748, 4068, 100641
1670193893749, 4008, 104649
1670193894749, 3993, 108642
1670193895750, 3997, 112639
1670193896750, 4014, 116653
1670193897751, 3999, 120652
1670193898752, 4032, 124684
1670193899752, 4011, 128695
1670193900752, 3937, 132632
1670193901753, 3992, 136624
1670193902753, 3989, 140613
1670193903753, 3992, 144605
1670193904754, 4013, 148618
1670193905754, 4018, 152636
1670193906754, 4036, 156672
1670193907755, 4021, 160693
1670193908755, 3972, 164665
1670193909755, 4042, 168707
1670193910756, 3958, 172665
1670193911756, 4015, 176680
1670193912756, 4076, 180756
1670193913757, 4040, 184796
1670193914757, 3957, 188753
1670193915757, 4091, 192844
1670193916758, 3974, 196818
1670193917758, 3929, 200747
1670193918772, 4030, 204777
1670193919772, 4098, 208875
1670193920772, 3977, 212852
1670193921773, 3961, 216813
1670193922773, 4007, 220820
1670193923774, 3972, 224792
1670193924774, 4009, 228801
1670193925774, 3983, 232784
1670193926775, 3896, 236680
1670193927775, 3945, 240625
1670193928776, 4032, 244657
1670193929776, 3886, 248543
1670193930776, 3964, 252507
1670193931777, 4039, 256546
1670193932777, 4025, 260571
1670193933777, 4030, 264601
1670193934778, 4013, 268614
1670193935779, 3972, 272586
1670193936779, 4041, 276627
1670193937779, 4035, 280662
1670193938780, 3968, 284630
1670193939780, 3986, 288616
1670193940780, 4049, 292665
1670193941781, 4007, 296672
1670193942781, 4015, 300687
1670193943789, 3928, 304615
1670193944789, 4134, 308749
1670193945789, 3985, 312734
1670193946790, 4019, 316753
1670193947790, 4046, 320799
1670193948790, 3997, 324796
1670193949791, 4034, 328830
1670193950791, 3991, 332821
1670193951791, 3995, 336816
1670193952792, 4037, 340853
1670193953792, 4022, 344875
1670193954792, 3980, 348855
1670193955793, 3973, 352828
1670193956794, 943, 353771
1670193957794, 0, 353771
1670193958794, 0, 353771
1670193959794, 0, 353771
1670193960795, 0, 353771
1670193961795, 0, 353771
1670193962795, 0, 353771
1670193963795, 0, 353771
1670193964795, 0, 353771
1670193965796, 0, 353771
15:46:06,007 INFO  [main-EventThread] RingManager:133 - RingManager ring 1 changed: [1, 2, 4, 14, 15] (succsessor: 1 at /10.10.1.2:2823)
1670193966796, 0, 353771
1670193967796, 0, 353771
1670193968796, 0, 353771
1670193969797, 0, 353771
15:46:10,004 INFO  [main-EventThread] RingManager:133 - RingManager ring 1 changed: [2, 4, 14, 15] (succsessor: 2 at /10.10.1.4:2092)
15:46:10,010 ERROR [main-EventThread] NetworkManager:298 - NetworkManager client connect error
java.net.ConnectException: Connection refused
	at java.base/sun.nio.ch.Net.connect0(Native Method)
	at java.base/sun.nio.ch.Net.connect(Net.java:493)
	at java.base/sun.nio.ch.Net.connect(Net.java:482)
	at java.base/sun.nio.ch.SocketChannelImpl.connect(SocketChannelImpl.java:730)
	at ch.usi.da.paxos.ring.NetworkManager.connectClient(NetworkManager.java:291)
	at ch.usi.da.paxos.ring.RingManager.notifyRingChanged(RingManager.java:136)
	at ch.usi.da.paxos.ring.RingManager.process(RingManager.java:210)
	at org.apache.zookeeper.ClientCnxn$EventThread.processEvent(ClientCnxn.java:535)
	at org.apache.zookeeper.ClientCnxn$EventThread.run(ClientCnxn.java:510)
1670193970797, 0, 353771
1670193971797, 0, 353771
15:46:12,004 INFO  [main-EventThread] RingManager:133 - RingManager ring 1 changed: [4, 14, 15] (succsessor: 4 at /10.10.1.9:2395)
15:46:12,004 ERROR [main-EventThread] NetworkManager:298 - NetworkManager client connect error
java.net.ConnectException: Connection refused
	at java.base/sun.nio.ch.Net.connect0(Native Method)
	at java.base/sun.nio.ch.Net.connect(Net.java:493)
	at java.base/sun.nio.ch.Net.connect(Net.java:482)
	at java.base/sun.nio.ch.SocketChannelImpl.connect(SocketChannelImpl.java:730)
	at ch.usi.da.paxos.ring.NetworkManager.connectClient(NetworkManager.java:291)
	at ch.usi.da.paxos.ring.RingManager.notifyRingChanged(RingManager.java:136)
	at ch.usi.da.paxos.ring.RingManager.process(RingManager.java:210)
	at org.apache.zookeeper.ClientCnxn$EventThread.processEvent(ClientCnxn.java:535)
	at org.apache.zookeeper.ClientCnxn$EventThread.run(ClientCnxn.java:510)
1670193972797, 0, 353771
1670193973798, 0, 353771
1670193974798, 0, 353771
1670193975798, 0, 353771
15:46:16,004 INFO  [main-EventThread] RingManager:133 - RingManager ring 1 changed: [14, 15] (succsessor: 14 at /10.10.1.6:2559)
15:46:16,005 ERROR [main-EventThread] NetworkManager:298 - NetworkManager client connect error
java.net.ConnectException: Connection refused
	at java.base/sun.nio.ch.Net.connect0(Native Method)
	at java.base/sun.nio.ch.Net.connect(Net.java:493)
	at java.base/sun.nio.ch.Net.connect(Net.java:482)
	at java.base/sun.nio.ch.SocketChannelImpl.connect(SocketChannelImpl.java:730)
	at ch.usi.da.paxos.ring.NetworkManager.connectClient(NetworkManager.java:291)
	at ch.usi.da.paxos.ring.RingManager.notifyRingChanged(RingManager.java:136)
	at ch.usi.da.paxos.ring.RingManager.process(RingManager.java:210)
	at org.apache.zookeeper.ClientCnxn$EventThread.processEvent(ClientCnxn.java:535)
	at org.apache.zookeeper.ClientCnxn$EventThread.run(ClientCnxn.java:510)
1670193976798, 0, 353771
