03:35:51,161 INFO  [main] RawABListener:48 - Initing a RawABListener...
03:35:51,171 INFO  [main] Node:101 - PID: 128588
03:35:51,408 INFO  [main] NetworkManager:117 - NetworkManager tcp_nodelay: true
03:35:51,413 INFO  [main] NetworkManager:123 - NetworkManager tcp_crc: false
03:35:51,414 INFO  [main] NetworkManager:127 - NetworkManager buf_size: 2097152
03:35:51,440 INFO  [main] ElasticLearnerRole:93 - ElasticLearnerRole replication group 1
03:35:51,441 INFO  [main] ElasticLearnerRole:97 - ElasticLearnerRole initial ring 1
03:35:51,442 INFO  [main] ElasticLearnerRole:102 - ElasticLearnerRole deliver_skip_messages: enabled
03:35:51,447 INFO  [ElasticLearner] LearnerRole:102 - Learner recovery: disabled
03:35:51,449 INFO  [ElasticLearner] LearnerRole:108 - Learner auto_trim: disabled
03:35:51,458 INFO  [main-EventThread] RingManager:133 - RingManager ring 1 changed: [1, 2, 14] (succsessor: 1 at /10.10.1.3:2614)
03:35:51,467 INFO  [main-EventThread] RingManager:133 - RingManager ring 1 changed: [1, 2, 13, 14] (succsessor: 1 at /10.10.1.3:2614)
03:35:51,479 INFO  [main] Replica:188 - Token [0], ringId [null], nodeId [14], snapshot_modulo [0], zoo_host [10.10.1.1], pathPrefix[/media/disk5/], path [/media/disk5/734c8e32-1dcf-413b-ad10-cfb91e230c1d], embebedLog [true], useDiskDb [false] with complex constructor
1710927351479, 0, 0
Reading from stdin
1710927352480, 0, 0
1710927353480, 0, 0
1710927354481, 0, 0
1710927355481, 0, 0
1710927356482, 3744, 3744
1710927357488, 39916, 43660
1710927358489, 38972, 82632
1710927359489, 35460, 118092
1710927360490, 22076, 140168
1710927361491, 15697, 155865
1710927362492, 14987, 170852
1710927363492, 15714, 186566
1710927364493, 14582, 201148
1710927365493, 16217, 217365
1710927366493, 14990, 232355
1710927367494, 43464, 275819
1710927368494, 55910, 331729
1710927369519, 58303, 390032
1710927370519, 48759, 438791
1710927371520, 54426, 493217
1710927372520, 42299, 535516
1710927373521, 34639, 570155
1710927374521, 41140, 611295
1710927375522, 23327, 634622
1710927376523, 24033, 658655
1710927377525, 41533, 700188
1710927378525, 32171, 732359
1710927379526, 49004, 781363
1710927380526, 46159, 827522
1710927381527, 25377, 852899
1710927382527, 41917, 894816
1710927383527, 22154, 916970
1710927384529, 32826, 949796
1710927385529, 34953, 984749
1710927386530, 50056, 1034805
1710927387530, 38553, 1073358
1710927388531, 8116, 1081474
1710927389532, 0, 1081474
1710927390532, 0, 1081474
1710927391533, 0, 1081474
1710927392533, 0, 1081474
1710927393534, 0, 1081474
1710927394534, 0, 1081474
1710927395534, 0, 1081474
1710927396534, 0, 1081474
1710927397535, 16, 1081490
03:36:37,859 ERROR [main-EventThread] RingManager:232 - org.apache.zookeeper.KeeperException$SessionExpiredException: KeeperErrorCode = Session expired for /ringpaxos/topology1/nodes
03:36:37,957 ERROR [main-EventThread] TopologyManager:465 - org.apache.zookeeper.KeeperException$SessionExpiredException: KeeperErrorCode = Session expired for /ringpaxos/topology1/learners
03:36:37,958 ERROR [main-EventThread] TopologyManager:465 - org.apache.zookeeper.KeeperException$SessionExpiredException: KeeperErrorCode = Session expired for /ringpaxos/topology1/nodes
03:36:37,968 ERROR [main-EventThread] RingManager:232 - org.apache.zookeeper.KeeperException$SessionExpiredException: KeeperErrorCode = Session expired for /ringpaxos/topology1/nodes
1710927398535, 0, 1081490
