21:26:47,623 INFO  [main] RawABListener:48 - Initing a RawABListener...
21:26:47,633 INFO  [main] Node:101 - PID: 33168
21:26:47,852 INFO  [main] NetworkManager:117 - NetworkManager tcp_nodelay: true
21:26:47,857 INFO  [main] NetworkManager:123 - NetworkManager tcp_crc: false
21:26:47,858 INFO  [main] NetworkManager:127 - NetworkManager buf_size: 2097152
21:26:47,879 INFO  [main] ElasticLearnerRole:93 - ElasticLearnerRole replication group 4
21:26:47,879 INFO  [main] ElasticLearnerRole:97 - ElasticLearnerRole initial ring 4
21:26:47,881 INFO  [main] ElasticLearnerRole:102 - ElasticLearnerRole deliver_skip_messages: enabled
21:26:47,888 INFO  [ElasticLearner] LearnerRole:102 - Learner recovery: disabled
21:26:47,890 INFO  [ElasticLearner] LearnerRole:108 - Learner auto_trim: disabled
21:26:47,894 INFO  [main-EventThread] RingManager:133 - RingManager ring 4 changed: [41, 42, 43, 44] (succsessor: 41 at /10.10.1.3:2339)
21:26:48,152 INFO  [main] Replica:188 - Token [0], ringId [null], nodeId [44], snapshot_modulo [0], zoo_host [10.10.1.1], pathPrefix[/media/disk6/], path [/media/disk6/336251a6-9ada-4813-b530-4955cd1338f2], embebedLog [true], useDiskDb [false] with complex constructor
1710905208153, 0, 0
Reading from stdin
1710905209153, 0, 0
1710905210154, 0, 0
1710905211155, 0, 0
1710905212155, 0, 0
1710905213156, 18289, 18289
1710905214156, 45839, 64128
1710905215157, 55950, 120078
1710905216160, 35141, 155219
1710905217161, 56058, 211277
1710905218162, 55532, 266809
1710905219162, 38833, 305642
1710905220163, 52891, 358533
1710905221164, 51514, 410047
1710905222164, 43657, 453704
1710905223165, 41934, 495638
1710905224165, 47164, 542802
1710905225166, 40744, 583546
1710905226166, 58312, 641858
1710905227167, 66745, 708603
1710905228167, 33383, 741986
1710905229168, 54732, 796718
1710905230168, 32648, 829366
1710905231169, 12949, 842315
1710905232170, 45544, 887859
1710905233170, 44660, 932519
1710905234171, 50928, 983447
1710905235171, 44194, 1027641
1710905236171, 23034, 1050675
1710905237172, 33106, 1083781
1710905238173, 58239, 1142020
1710905239173, 53215, 1195235
1710905240174, 51750, 1246985
1710905241174, 40048, 1287033
1710905242174, 40628, 1327661
1710905243175, 26763, 1354424
1710905244175, 23532, 1377956
1710905245176, 639, 1378595
1710905246176, 108, 1378703
1710905247177, 81, 1378784
1710905248177, 0, 1378784
1710905249177, 0, 1378784
1710905250178, 0, 1378784
1710905251178, 0, 1378784
1710905252178, 0, 1378784
1710905253179, 0, 1378784
1710905254179, 18, 1378802
1710905255179, 0, 1378802
21:27:35,264 ERROR [main-EventThread] TopologyManager:465 - org.apache.zookeeper.KeeperException$SessionExpiredException: KeeperErrorCode = Session expired for /ringpaxos/topology4/nodes
21:27:35,364 ERROR [main-EventThread] RingManager:232 - org.apache.zookeeper.KeeperException$SessionExpiredException: KeeperErrorCode = Session expired for /ringpaxos/topology4/nodes
21:27:35,365 ERROR [main-EventThread] TopologyManager:465 - org.apache.zookeeper.KeeperException$SessionExpiredException: KeeperErrorCode = Session expired for /ringpaxos/topology4/learners
1710905256179, 0, 1378802
