20:15:22,001 INFO  [main] RawABListener:48 - Initing a RawABListener...
20:15:22,009 INFO  [main] Node:101 - PID: 11145
20:15:22,195 INFO  [main] NetworkManager:117 - NetworkManager tcp_nodelay: true
20:15:22,199 INFO  [main] NetworkManager:123 - NetworkManager tcp_crc: false
20:15:22,199 INFO  [main] NetworkManager:127 - NetworkManager buf_size: 2097152
20:15:22,216 INFO  [main] ElasticLearnerRole:93 - ElasticLearnerRole replication group 1
20:15:22,216 INFO  [main] ElasticLearnerRole:97 - ElasticLearnerRole initial ring 1
20:15:22,217 INFO  [main] ElasticLearnerRole:102 - ElasticLearnerRole deliver_skip_messages: enabled
20:15:22,228 INFO  [ElasticLearner] LearnerRole:102 - Learner recovery: disabled
20:15:22,230 INFO  [ElasticLearner] LearnerRole:108 - Learner auto_trim: disabled
20:15:22,237 INFO  [main-EventThread] RingManager:133 - RingManager ring 1 changed: [2, 13, 15] (succsessor: 2 at /10.10.1.3:2984)
20:15:22,247 INFO  [main] Replica:169 - Token [0], ringId [null], nodeId [15], snapshot_modulo [0], zoo_host [null], path [null], embebedLog [true], useDiskDb [true] with simple constructor
1671419722248, 0, 0
Reading from stdin
20:15:22,259 INFO  [main-EventThread] RingManager:133 - RingManager ring 1 changed: [1, 2, 13, 15] (succsessor: 1 at /10.10.1.2:2941)
20:15:22,334 INFO  [main-EventThread] RingManager:133 - RingManager ring 1 changed: [1, 2, 13, 14, 15] (succsessor: 1 at /10.10.1.2:2941)
1671419723248, 0, 0
1671419724249, 0, 0
1671419725249, 0, 0
1671419726249, 0, 0
1671419727250, 18, 18
1671419728250, 6525, 6543
1671419729251, 6354, 12897
1671419730251, 3941, 16838
1671419731252, 3435, 20273
1671419732253, 6700, 26973
1671419733253, 6407, 33380
1671419734254, 6934, 40314
1671419735254, 6684, 46998
1671419736255, 4749, 51747
1671419737255, 7561, 59308
1671419738256, 7796, 67104
1671419739256, 7299, 74403
1671419740257, 8656, 83059
1671419741257, 6738, 89797
1671419742257, 6477, 96274
1671419743258, 3746, 100020
1671419744260, 4216, 104236
1671419745261, 6403, 110639
1671419746261, 7523, 118162
1671419747262, 9107, 127269
1671419748263, 6848, 134117
1671419749263, 9075, 143192
1671419750263, 9154, 152346
1671419751264, 5707, 158053
1671419752264, 6350, 164403
1671419753264, 6719, 171122
1671419754268, 5577, 176699
1671419755268, 6055, 182754
1671419756269, 7098, 189852
1671419757270, 8146, 197998
1671419758270, 0, 197998
1671419759295, 0, 197998
20:16:00,286 ERROR [TCPListener] SessionHandler:120 - Error in SessionHandler during reading!
java.nio.channels.ClosedSelectorException
	at java.base/sun.nio.ch.EPollSelectorImpl.ensureOpen(EPollSelectorImpl.java:98)
	at java.base/sun.nio.ch.EPollSelectorImpl.setEventOps(EPollSelectorImpl.java:243)
	at java.base/sun.nio.ch.SelectionKeyImpl.interestOps(SelectionKeyImpl.java:101)
	at ch.usi.da.paxos.ring.SessionHandler.handleReadable(SessionHandler.java:68)
	at ch.usi.da.paxos.ring.TCPListener.run(TCPListener.java:89)
	at java.base/java.lang.Thread.run(Thread.java:830)
1671419760296, 0, 197998
20:16:00,296 ERROR [main-EventThread] TopologyManager:387 - org.apache.zookeeper.KeeperException$SessionExpiredException: KeeperErrorCode = Session expired for /ringpaxos/topology1/nodes/1
20:16:00,300 INFO  [main-EventThread] RingManager:133 - RingManager ring 1 changed: [1, 15] (succsessor: 1 at null)
20:16:00,301 ERROR [main-EventThread] ClientCnxn:537 - Error while calling watcher 
java.lang.NullPointerException
	at java.base/sun.nio.ch.Net.checkAddress(Net.java:126)
	at java.base/sun.nio.ch.SocketChannelImpl.checkRemote(SocketChannelImpl.java:706)
	at java.base/sun.nio.ch.SocketChannelImpl.connect(SocketChannelImpl.java:720)
	at ch.usi.da.paxos.ring.NetworkManager.connectClient(NetworkManager.java:291)
	at ch.usi.da.paxos.ring.RingManager.notifyRingChanged(RingManager.java:136)
	at ch.usi.da.paxos.ring.RingManager.process(RingManager.java:210)
	at org.apache.zookeeper.ClientCnxn$EventThread.processEvent(ClientCnxn.java:535)
	at org.apache.zookeeper.ClientCnxn$EventThread.run(ClientCnxn.java:510)
20:16:00,396 ERROR [main-EventThread] TopologyManager:465 - org.apache.zookeeper.KeeperException$SessionExpiredException: KeeperErrorCode = Session expired for /ringpaxos/topology1/learners
20:16:00,397 ERROR [main-EventThread] TopologyManager:465 - org.apache.zookeeper.KeeperException$SessionExpiredException: KeeperErrorCode = Session expired for /ringpaxos/topology1/nodes
20:16:00,397 ERROR [main-EventThread] RingManager:232 - org.apache.zookeeper.KeeperException$SessionExpiredException: KeeperErrorCode = Session expired for /ringpaxos/topology1/nodes
20:16:00,397 ERROR [main-EventThread] TopologyManager:465 - org.apache.zookeeper.KeeperException$SessionExpiredException: KeeperErrorCode = Session expired for /ringpaxos/topology1/nodes
20:16:00,397 ERROR [main-EventThread] RingManager:232 - org.apache.zookeeper.KeeperException$SessionExpiredException: KeeperErrorCode = Session expired for /ringpaxos/topology1/nodes
