01:27:13,465 INFO  [main] RawABListener:48 - Initing a RawABListener...
01:27:13,472 INFO  [main] Node:101 - PID: 14052
01:27:13,671 INFO  [main] NetworkManager:117 - NetworkManager tcp_nodelay: true
01:27:13,674 INFO  [main] NetworkManager:123 - NetworkManager tcp_crc: false
01:27:13,675 INFO  [main] NetworkManager:127 - NetworkManager buf_size: 2097152
01:27:13,691 INFO  [main] ElasticLearnerRole:93 - ElasticLearnerRole replication group 2
01:27:13,692 INFO  [main] ElasticLearnerRole:97 - ElasticLearnerRole initial ring 2
01:27:13,693 INFO  [main] ElasticLearnerRole:102 - ElasticLearnerRole deliver_skip_messages: enabled
01:27:13,701 INFO  [ElasticLearner] LearnerRole:102 - Learner recovery: disabled
01:27:13,703 INFO  [ElasticLearner] LearnerRole:108 - Learner auto_trim: disabled
01:27:13,708 INFO  [main-EventThread] RingManager:133 - RingManager ring 2 changed: [22, 24, 25] (succsessor: 22 at /10.10.1.8:2748)
01:27:13,724 INFO  [main] Replica:169 - Token [0], ringId [null], nodeId [25], snapshot_modulo [0], zoo_host [null], path [null], embebedLog [true], useDiskDb [true] with simple constructor
1671611233724, 0, 0
Reading from stdin
01:27:13,751 INFO  [main-EventThread] RingManager:133 - RingManager ring 2 changed: [21, 22, 24, 25] (succsessor: 21 at /10.10.1.7:2676)
01:27:13,761 INFO  [main-EventThread] RingManager:133 - RingManager ring 2 changed: [21, 22, 23, 24, 25] (succsessor: 21 at /10.10.1.7:2676)
1671611234725, 0, 0
1671611235725, 0, 0
1671611236726, 0, 0
1671611237726, 0, 0
1671611238727, 76, 76
1671611239727, 4514, 4590
1671611240727, 5904, 10494
1671611241728, 6129, 16623
1671611242729, 4689, 21312
1671611243731, 4289, 25601
1671611244731, 6947, 32548
1671611245732, 7938, 40486
1671611246732, 7773, 48259
1671611247732, 8303, 56562
1671611248733, 9097, 65659
1671611249733, 7216, 72875
1671611250734, 5463, 78338
1671611251734, 7203, 85541
1671611252735, 8489, 94030
1671611253735, 6944, 100974
1671611254736, 8559, 109533
1671611255736, 7523, 117056
1671611256736, 6651, 123707
1671611257738, 6358, 130065
1671611258738, 6832, 136897
1671611259738, 6818, 143715
1671611260739, 6122, 149837
1671611261739, 5479, 155316
1671611262740, 6817, 162133
1671611263741, 6452, 168585
1671611264741, 6908, 175493
1671611265741, 8483, 183976
1671611266741, 8908, 192884
1671611267742, 8890, 201774
1671611268742, 3959, 205733
1671611269742, 0, 205733
1671611270743, 0, 205733
1671611271743, 0, 205733
1671611272743, 0, 205733
1671611273744, 0, 205733
1671611274744, 0, 205733
1671611275744, 0, 205733
1671611276780, 0, 205733
1671611277780, 0, 205733
1671611278780, 0, 205733
1671611279780, 0, 205733
1671611280781, 0, 205733
1671611281781, 0, 205733
1671611282781, 0, 205733
1671611283781, 0, 205733
1671611284782, 0, 205733
1671611285782, 0, 205733
1671611286782, 0, 205733
1671611287783, 0, 205733
1671611288783, 0, 205733
1671611289783, 0, 205733
1671611290783, 0, 205733
1671611291784, 0, 205733
1671611292784, 0, 205733
1671611293784, 0, 205733
1671611294784, 0, 205733
1671611295785, 0, 205733
1671611296785, 0, 205733
1671611297785, 0, 205733
1671611298785, 0, 205733
1671611299786, 0, 205733
1671611300786, 0, 205733
1671611301786, 0, 205733
1671611302786, 0, 205733
1671611303787, 0, 205733
1671611304787, 0, 205733
1671611305787, 0, 205733
1671611306787, 0, 205733
1671611307788, 0, 205733
1671611308788, 0, 205733
1671611309788, 0, 205733
1671611310788, 0, 205733
1671611311789, 0, 205733
1671611312789, 0, 205733
1671611313789, 0, 205733
1671611314789, 0, 205733
1671611315790, 0, 205733
1671611316790, 0, 205733
1671611317790, 0, 205733
1671611318791, 0, 205733
1671611319791, 0, 205733
1671611320791, 0, 205733
1671611321791, 0, 205733
1671611322792, 0, 205733
1671611323792, 0, 205733
01:28:44,685 ERROR [main-EventThread] TopologyManager:465 - org.apache.zookeeper.KeeperException$SessionExpiredException: KeeperErrorCode = Session expired for /ringpaxos/topology2/nodes
01:28:44,784 ERROR [main-EventThread] RingManager:232 - org.apache.zookeeper.KeeperException$SessionExpiredException: KeeperErrorCode = Session expired for /ringpaxos/topology2/nodes
01:28:44,789 ERROR [main-EventThread] TopologyManager:465 - org.apache.zookeeper.KeeperException$SessionExpiredException: KeeperErrorCode = Session expired for /ringpaxos/topology2/learners
1671611324792, 0, 205733
