16:40:00,397 INFO  [main] RawABListener:48 - Initing a RawABListener...
16:40:00,407 INFO  [main] Node:101 - PID: 16114
16:40:00,639 INFO  [main] NetworkManager:117 - NetworkManager tcp_nodelay: true
16:40:00,644 INFO  [main] NetworkManager:123 - NetworkManager tcp_crc: false
16:40:00,645 INFO  [main] NetworkManager:127 - NetworkManager buf_size: 2097152
16:40:00,669 INFO  [main] ElasticLearnerRole:93 - ElasticLearnerRole replication group 1
16:40:00,670 INFO  [main] ElasticLearnerRole:97 - ElasticLearnerRole initial ring 1
16:40:00,671 INFO  [main] ElasticLearnerRole:102 - ElasticLearnerRole deliver_skip_messages: enabled
16:40:00,676 INFO  [ElasticLearner] LearnerRole:102 - Learner recovery: disabled
16:40:00,679 INFO  [ElasticLearner] LearnerRole:108 - Learner auto_trim: disabled
16:40:00,681 INFO  [main-EventThread] RingManager:133 - RingManager ring 1 changed: [1, 2, 13, 14] (succsessor: 1 at /10.10.1.3:2528)
16:40:01,547 INFO  [main] Replica:169 - Token [0], ringId [null], nodeId [14], snapshot_modulo [0], zoo_host [null], path [null], embebedLog [true], useDiskDb [true] with simple constructor
1681425601548, 0, 0
Reading from stdin
1681425602549, 0, 0
1681425603549, 0, 0
1681425604550, 0, 0
1681425605550, 465, 465
1681425606551, 938, 1403
1681425607552, 1011, 2414
1681425608552, 1010, 3424
1681425609554, 1008, 4432
1681425610556, 996, 5428
1681425611556, 993, 6421
1681425612557, 1004, 7425
1681425613558, 974, 8399
1681425614558, 1011, 9410
1681425615559, 1018, 10428
1681425616559, 974, 11402
1681425617560, 1011, 12413
1681425618560, 978, 13391
1681425619561, 1004, 14395
1681425620561, 1003, 15398
1681425621562, 998, 16396
1681425622563, 979, 17375
1681425623563, 998, 18373
1681425624564, 960, 19333
1681425625565, 996, 20329
1681425626566, 965, 21294
1681425627566, 1014, 22308
1681425628567, 1000, 23308
1681425629567, 1015, 24323
1681425630568, 1001, 25324
1681425631569, 947, 26271
1681425632569, 1014, 27285
1681425633570, 985, 28270
1681425634570, 461, 28731
16:40:35,557 ERROR [main-EventThread] RingManager:232 - org.apache.zookeeper.KeeperException$SessionExpiredException: KeeperErrorCode = Session expired for /ringpaxos/topology1/nodes
1681425635571, 0, 28731
16:40:35,656 ERROR [main-EventThread] TopologyManager:465 - org.apache.zookeeper.KeeperException$SessionExpiredException: KeeperErrorCode = Session expired for /ringpaxos/topology1/learners
16:40:35,656 ERROR [main-EventThread] TopologyManager:465 - org.apache.zookeeper.KeeperException$SessionExpiredException: KeeperErrorCode = Session expired for /ringpaxos/topology1/nodes
16:40:35,657 ERROR [main-EventThread] RingManager:232 - org.apache.zookeeper.KeeperException$SessionExpiredException: KeeperErrorCode = Session expired for /ringpaxos/topology1/nodes
