16:40:00,163 INFO  [main] RawABListener:48 - Initing a RawABListener...
16:40:00,173 INFO  [main] Node:101 - PID: 17778
16:40:00,388 INFO  [main] NetworkManager:117 - NetworkManager tcp_nodelay: true
16:40:00,394 INFO  [main] NetworkManager:123 - NetworkManager tcp_crc: false
16:40:00,394 INFO  [main] NetworkManager:127 - NetworkManager buf_size: 2097152
16:40:00,425 INFO  [main] ElasticLearnerRole:93 - ElasticLearnerRole replication group 2
16:40:00,426 INFO  [main] ElasticLearnerRole:97 - ElasticLearnerRole initial ring 2
16:40:00,427 INFO  [main] ElasticLearnerRole:102 - ElasticLearnerRole deliver_skip_messages: enabled
16:40:00,432 INFO  [ElasticLearner] LearnerRole:102 - Learner recovery: disabled
16:40:00,434 INFO  [ElasticLearner] LearnerRole:108 - Learner auto_trim: disabled
16:40:00,437 INFO  [main-EventThread] RingManager:133 - RingManager ring 2 changed: [21, 22, 23] (succsessor: 21 at /10.10.1.3:2250)
16:40:00,724 INFO  [main-EventThread] RingManager:133 - RingManager ring 2 changed: [21, 22, 23, 24] (succsessor: 24 at /10.10.1.6:2441)
16:40:01,916 INFO  [main] Replica:169 - Token [0], ringId [null], nodeId [23], snapshot_modulo [0], zoo_host [null], path [null], embebedLog [true], useDiskDb [true] with simple constructor
1681425601919, 0, 0
Reading from stdin
1681425602920, 0, 0
1681425603921, 0, 0
1681425604921, 0, 0
1681425605922, 902, 902
1681425606922, 987, 1889
1681425607923, 1010, 2899
1681425608924, 1010, 3909
1681425609924, 1019, 4928
1681425610925, 979, 5907
1681425611925, 1037, 6944
1681425612926, 1004, 7948
1681425613926, 1013, 8961
1681425614927, 982, 9943
1681425615928, 986, 10929
1681425616928, 970, 11899
1681425617928, 1041, 12940
1681425618929, 992, 13932
1681425619929, 1022, 14954
1681425620930, 992, 15946
1681425621930, 983, 16929
1681425622931, 1012, 17941
1681425623931, 1030, 18971
1681425624932, 988, 19959
1681425625932, 974, 20933
1681425626933, 1028, 21961
1681425627934, 1025, 22986
1681425628934, 1011, 23997
1681425629934, 982, 24979
1681425630935, 1032, 26011
1681425631936, 988, 26999
1681425632936, 1023, 28022
1681425633936, 987, 29009
1681425634937, 95, 29104
16:40:35,549 ERROR [main-EventThread] TopologyManager:465 - org.apache.zookeeper.KeeperException$ConnectionLossException: KeeperErrorCode = ConnectionLoss for /ringpaxos/topology2/nodes
16:40:35,651 ERROR [main-EventThread] RingManager:232 - org.apache.zookeeper.KeeperException$SessionExpiredException: KeeperErrorCode = Session expired for /ringpaxos/topology2/nodes
16:40:35,652 ERROR [main-EventThread] TopologyManager:465 - org.apache.zookeeper.KeeperException$SessionExpiredException: KeeperErrorCode = Session expired for /ringpaxos/topology2/learners
