16:40:00,396 INFO  [main] RawABListener:48 - Initing a RawABListener...
16:40:00,415 INFO  [main] Node:101 - PID: 15331
16:40:00,686 INFO  [main] NetworkManager:117 - NetworkManager tcp_nodelay: true
16:40:00,691 INFO  [main] NetworkManager:123 - NetworkManager tcp_crc: false
16:40:00,692 INFO  [main] NetworkManager:127 - NetworkManager buf_size: 2097152
16:40:00,719 INFO  [main] ElasticLearnerRole:93 - ElasticLearnerRole replication group 3
16:40:00,720 INFO  [main] ElasticLearnerRole:97 - ElasticLearnerRole initial ring 3
16:40:00,720 INFO  [main] ElasticLearnerRole:102 - ElasticLearnerRole deliver_skip_messages: enabled
16:40:00,726 INFO  [ElasticLearner] LearnerRole:102 - Learner recovery: disabled
16:40:00,728 INFO  [ElasticLearner] LearnerRole:108 - Learner auto_trim: disabled
16:40:00,734 INFO  [main-EventThread] RingManager:133 - RingManager ring 3 changed: [31, 32, 33, 34] (succsessor: 31 at /10.10.1.3:2920)
16:40:01,292 INFO  [main] Replica:169 - Token [0], ringId [null], nodeId [34], snapshot_modulo [0], zoo_host [null], path [null], embebedLog [true], useDiskDb [true] with simple constructor
1681425601293, 0, 0
Reading from stdin
1681425602294, 0, 0
1681425603294, 0, 0
1681425604295, 0, 0
1681425605295, 302, 302
1681425606296, 899, 1201
1681425607297, 983, 2184
1681425608297, 1023, 3207
1681425609298, 1024, 4231
1681425610299, 967, 5198
1681425611300, 1015, 6213
1681425612301, 1002, 7215
1681425613301, 1012, 8227
1681425614301, 997, 9224
1681425615302, 990, 10214
1681425616303, 964, 11178
1681425617303, 1042, 12220
1681425618303, 1034, 13254
1681425619304, 1005, 14259
1681425620304, 994, 15253
1681425621306, 945, 16198
1681425622306, 957, 17155
1681425623307, 1017, 18172
1681425624307, 985, 19157
1681425625308, 999, 20156
1681425626309, 928, 21084
1681425627309, 1010, 22094
1681425628310, 1011, 23105
1681425629310, 958, 24063
1681425630311, 994, 25057
1681425631311, 1002, 26059
1681425632311, 1014, 27073
1681425633312, 1003, 28076
1681425634312, 701, 28777
1681425635313, 0, 28777
16:40:35,556 ERROR [main-EventThread] RingManager:232 - org.apache.zookeeper.KeeperException$SessionExpiredException: KeeperErrorCode = Session expired for /ringpaxos/topology3/nodes
16:40:35,655 ERROR [main-EventThread] TopologyManager:465 - org.apache.zookeeper.KeeperException$SessionExpiredException: KeeperErrorCode = Session expired for /ringpaxos/topology3/learners
16:40:35,656 ERROR [main-EventThread] TopologyManager:465 - org.apache.zookeeper.KeeperException$SessionExpiredException: KeeperErrorCode = Session expired for /ringpaxos/topology3/nodes
16:40:35,656 ERROR [main-EventThread] RingManager:232 - org.apache.zookeeper.KeeperException$SessionExpiredException: KeeperErrorCode = Session expired for /ringpaxos/topology3/nodes
