19:27:59,728 INFO  [main] RawABListener:48 - Initing a RawABListener...
19:27:59,737 INFO  [main] Node:101 - PID: 15138
19:27:59,923 INFO  [main] NetworkManager:117 - NetworkManager tcp_nodelay: true
19:27:59,928 INFO  [main] NetworkManager:123 - NetworkManager tcp_crc: false
19:27:59,928 INFO  [main] NetworkManager:127 - NetworkManager buf_size: 2097152
19:27:59,944 INFO  [main] ElasticLearnerRole:93 - ElasticLearnerRole replication group 2
19:27:59,944 INFO  [main] ElasticLearnerRole:97 - ElasticLearnerRole initial ring 2
19:27:59,945 INFO  [main] ElasticLearnerRole:102 - ElasticLearnerRole deliver_skip_messages: enabled
19:27:59,949 INFO  [ElasticLearner] LearnerRole:102 - Learner recovery: disabled
19:27:59,952 INFO  [ElasticLearner] LearnerRole:108 - Learner auto_trim: disabled
19:27:59,957 INFO  [main-EventThread] RingManager:133 - RingManager ring 2 changed: [5, 24, 25] (succsessor: 5 at /10.10.1.9:2887)
19:27:59,962 INFO  [main-EventThread] RingManager:133 - RingManager ring 2 changed: [5, 22, 24, 25] (succsessor: 5 at /10.10.1.9:2887)
19:27:59,965 INFO  [main-EventThread] RingManager:133 - RingManager ring 2 changed: [5, 22, 24, 25] (succsessor: 5 at /10.10.1.9:2887)
19:27:59,970 INFO  [main] Replica:169 - Token [0], ringId [null], nodeId [25], snapshot_modulo [0], zoo_host [null], path [null], embebedLog [false], useDiskDb [true] with simple constructor
Reading from stdin
1671589679970, 0, 0
19:28:00,047 INFO  [main-EventThread] RingManager:133 - RingManager ring 2 changed: [5, 21, 22, 23, 24, 25] (succsessor: 5 at /10.10.1.9:2887)
1671589680971, 0, 0
1671589681971, 0, 0
1671589682972, 0, 0
1671589683972, 0, 0
1671589684973, 39, 39
1671589685973, 253, 292
1671589686973, 261, 553
1671589687974, 244, 797
1671589688974, 249, 1046
1671589689975, 250, 1296
1671589690975, 263, 1559
1671589691976, 247, 1806
1671589692976, 259, 2065
1671589693976, 252, 2317
1671589694977, 256, 2573
1671589695977, 253, 2826
1671589696977, 244, 3070
1671589697978, 246, 3316
1671589698978, 250, 3566
1671589699978, 251, 3817
1671589700979, 259, 4076
1671589701979, 251, 4327
1671589702979, 255, 4582
1671589703980, 251, 4833
1671589704980, 241, 5074
1671589705981, 253, 5327
1671589706981, 252, 5579
1671589707981, 248, 5827
1671589708982, 251, 6078
1671589709983, 253, 6331
1671589710983, 252, 6583
1671589711983, 254, 6837
1671589712984, 257, 7094
1671589713984, 242, 7336
1671589714984, 15, 7351
19:28:35,496 ERROR [main-EventThread] TopologyManager:465 - org.apache.zookeeper.KeeperException$ConnectionLossException: KeeperErrorCode = ConnectionLoss for /ringpaxos/topology2/nodes
19:28:35,598 ERROR [main-EventThread] RingManager:232 - org.apache.zookeeper.KeeperException$SessionExpiredException: KeeperErrorCode = Session expired for /ringpaxos/topology2/nodes
19:28:35,598 ERROR [main-EventThread] TopologyManager:465 - org.apache.zookeeper.KeeperException$SessionExpiredException: KeeperErrorCode = Session expired for /ringpaxos/topology2/learners
