19:27:59,728 INFO  [main] RawABListener:48 - Initing a RawABListener...
19:27:59,736 INFO  [main] Node:101 - PID: 14771
19:27:59,925 INFO  [main] NetworkManager:117 - NetworkManager tcp_nodelay: true
19:27:59,927 INFO  [main] NetworkManager:123 - NetworkManager tcp_crc: false
19:27:59,928 INFO  [main] NetworkManager:127 - NetworkManager buf_size: 2097152
19:27:59,941 INFO  [main] ElasticLearnerRole:93 - ElasticLearnerRole replication group 2
19:27:59,942 INFO  [main] ElasticLearnerRole:97 - ElasticLearnerRole initial ring 2
19:27:59,943 INFO  [main] ElasticLearnerRole:102 - ElasticLearnerRole deliver_skip_messages: enabled
19:27:59,952 INFO  [ElasticLearner] LearnerRole:102 - Learner recovery: disabled
19:27:59,956 INFO  [ElasticLearner] LearnerRole:108 - Learner auto_trim: disabled
19:27:59,965 INFO  [main-EventThread] RingManager:133 - RingManager ring 2 changed: [5, 24, 25] (succsessor: 25 at /10.10.1.11:2956)
19:27:59,969 INFO  [main-EventThread] RingManager:133 - RingManager ring 2 changed: [5, 22, 24, 25] (succsessor: 25 at /10.10.1.11:2956)
19:27:59,973 INFO  [main-EventThread] RingManager:133 - RingManager ring 2 changed: [5, 22, 24, 25] (succsessor: 25 at /10.10.1.11:2956)
19:27:59,973 INFO  [main] Replica:169 - Token [0], ringId [null], nodeId [24], snapshot_modulo [0], zoo_host [null], path [null], embebedLog [false], useDiskDb [true] with simple constructor
1671589679973, 0, 0
Reading from stdin
19:28:00,047 INFO  [main-EventThread] RingManager:133 - RingManager ring 2 changed: [5, 21, 22, 23, 24, 25] (succsessor: 25 at /10.10.1.11:2956)
1671589680974, 0, 0
1671589681974, 0, 0
1671589682975, 0, 0
1671589683975, 0, 0
1671589684976, 40, 40
1671589685976, 257, 297
1671589686977, 258, 555
1671589687977, 243, 798
1671589688978, 251, 1049
1671589689978, 249, 1298
1671589690979, 261, 1559
1671589691979, 249, 1808
1671589692979, 257, 2065
1671589693980, 255, 2320
1671589694980, 253, 2573
1671589695980, 255, 2828
1671589696981, 243, 3071
1671589697981, 249, 3320
1671589698981, 246, 3566
1671589699982, 251, 3817
1671589700982, 260, 4077
1671589701982, 251, 4328
1671589702983, 254, 4582
1671589703983, 251, 4833
1671589704983, 241, 5074
1671589705984, 254, 5328
1671589706984, 251, 5579
1671589707985, 248, 5827
1671589708985, 252, 6079
1671589709986, 252, 6331
1671589710986, 253, 6584
1671589711986, 254, 6838
1671589712987, 256, 7094
1671589713987, 242, 7336
1671589714987, 15, 7351
19:28:35,496 ERROR [main-EventThread] TopologyManager:465 - org.apache.zookeeper.KeeperException$ConnectionLossException: KeeperErrorCode = ConnectionLoss for /ringpaxos/topology2/nodes
19:28:35,598 ERROR [main-EventThread] RingManager:232 - org.apache.zookeeper.KeeperException$SessionExpiredException: KeeperErrorCode = Session expired for /ringpaxos/topology2/nodes
19:28:35,599 ERROR [main-EventThread] TopologyManager:465 - org.apache.zookeeper.KeeperException$SessionExpiredException: KeeperErrorCode = Session expired for /ringpaxos/topology2/learners
