21:04:02,280 INFO  [main] RawABListener:48 - Initing a RawABListener...
21:04:02,291 INFO  [main] Node:101 - PID: 2227
21:04:02,509 INFO  [main] NetworkManager:117 - NetworkManager tcp_nodelay: true
21:04:02,515 INFO  [main] NetworkManager:123 - NetworkManager tcp_crc: false
21:04:02,516 INFO  [main] NetworkManager:127 - NetworkManager buf_size: 2097152
21:04:02,535 INFO  [main] ElasticLearnerRole:93 - ElasticLearnerRole replication group 1
21:04:02,535 INFO  [main] ElasticLearnerRole:97 - ElasticLearnerRole initial ring 1
21:04:02,536 INFO  [main] ElasticLearnerRole:102 - ElasticLearnerRole deliver_skip_messages: enabled
21:04:02,542 INFO  [ElasticLearner] LearnerRole:102 - Learner recovery: disabled
21:04:02,544 INFO  [ElasticLearner] LearnerRole:108 - Learner auto_trim: disabled
21:04:02,547 INFO  [main-EventThread] RingManager:133 - RingManager ring 1 changed: [1, 2, 4, 13, 14, 15] (succsessor: 1 at /10.10.1.2:2536)
21:04:02,554 INFO  [main-EventThread] RingManager:133 - RingManager ring 1 changed: [1, 2, 4, 13, 14, 15] (succsessor: 1 at /10.10.1.2:2536)
21:04:02,574 INFO  [main] Replica:169 - Token [0], ringId [null], nodeId [15], snapshot_modulo [0], zoo_host [null], path [null], embebedLog [false], useDiskDb [false] with simple constructor
1671595442575, 0, 0
Reading from stdin
1671595443575, 0, 0
1671595444576, 0, 0
1671595445576, 0, 0
1671595446576, 0, 0
1671595447577, 128, 128
1671595448577, 3828, 3956
1671595449578, 3990, 7946
1671595450578, 4053, 11999
1671595451578, 3996, 15995
1671595452579, 4037, 20032
1671595453579, 3966, 23998
1671595454580, 4018, 28016
1671595455580, 4017, 32033
1671595456581, 4025, 36058
1671595457581, 4093, 40151
1671595458582, 4089, 44240
1671595459582, 4012, 48252
1671595460582, 3999, 52251
1671595461585, 4063, 56314
1671595462585, 4024, 60338
1671595463585, 4004, 64342
1671595464586, 4088, 68430
1671595465586, 3974, 72404
1671595466587, 4048, 76452
1671595467587, 4004, 80456
1671595468588, 4029, 84485
1671595469588, 3997, 88482
1671595470588, 4022, 92504
1671595471589, 4006, 96510
1671595472589, 4061, 100571
1671595473590, 4030, 104601
1671595474590, 4037, 108638
1671595475590, 4074, 112712
1671595476591, 4024, 116736
1671595477591, 1755, 118491
1671595478592, 0, 118491
1671595479592, 0, 118491
1671595480592, 0, 118491
1671595481593, 0, 118491
1671595482593, 0, 118491
21:04:43,008 ERROR [main-EventThread] TopologyManager:465 - org.apache.zookeeper.KeeperException$SessionExpiredException: KeeperErrorCode = Session expired for /ringpaxos/topology1/nodes
21:04:43,107 ERROR [main-EventThread] RingManager:232 - org.apache.zookeeper.KeeperException$SessionExpiredException: KeeperErrorCode = Session expired for /ringpaxos/topology1/nodes
21:04:43,107 ERROR [main-EventThread] TopologyManager:465 - org.apache.zookeeper.KeeperException$SessionExpiredException: KeeperErrorCode = Session expired for /ringpaxos/topology1/learners
