12:15:42,415 INFO  [main] RawABListener:48 - Initing a RawABListener...
12:15:42,425 INFO  [main] Node:101 - PID: 4804
12:15:42,645 INFO  [main] NetworkManager:117 - NetworkManager tcp_nodelay: true
12:15:42,650 INFO  [main] NetworkManager:123 - NetworkManager tcp_crc: false
12:15:42,650 INFO  [main] NetworkManager:127 - NetworkManager buf_size: 2097152
12:15:42,680 INFO  [main] ElasticLearnerRole:93 - ElasticLearnerRole replication group 1
12:15:42,681 INFO  [main] ElasticLearnerRole:97 - ElasticLearnerRole initial ring 1
12:15:42,682 INFO  [main] ElasticLearnerRole:102 - ElasticLearnerRole deliver_skip_messages: enabled
12:15:42,687 INFO  [ElasticLearner] LearnerRole:102 - Learner recovery: disabled
12:15:42,690 INFO  [ElasticLearner] LearnerRole:108 - Learner auto_trim: disabled
12:15:42,695 INFO  [main-EventThread] RingManager:133 - RingManager ring 1 changed: [1, 2, 13, 14] (succsessor: 14 at /10.10.1.6:2899)
12:15:42,722 INFO  [main] Replica:172 - Token [0], ringId [null], nodeId [13], snapshot_modulo [0], zoo_host [null], path [null], embebedLog [false], useDiskDb [false] with simple constructor
1682705742723, 0, 0
Reading from stdin
1682705743723, 0, 0
1682705744724, 0, 0
1682705745724, 0, 0
12:15:46,242 INFO  [main-EventThread] RingManager:133 - RingManager ring 1 changed: [1, 2, 4, 13, 14] (succsessor: 14 at /10.10.1.6:2899)
1682705746725, 0, 0
1682705747726, 861, 861
1682705748726, 4058, 4919
1682705749727, 4078, 8997
1682705750728, 3998, 12995
1682705751729, 4092, 17087
1682705752729, 4023, 21110
1682705753730, 4037, 25147
1682705754731, 3854, 29001
1682705755732, 4029, 33030
1682705756732, 4071, 37101
1682705757735, 4106, 41207
1682705758736, 4041, 45248
1682705759737, 4070, 49318
1682705760738, 3952, 53270
1682705761739, 4052, 57322
1682705762739, 4032, 61354
1682705763740, 4030, 65384
1682705764741, 4027, 69411
1682705765742, 4084, 73495
1682705766742, 4016, 77511
1682705767743, 4079, 81590
1682705768744, 4119, 85709
1682705769744, 4015, 89724
1682705770745, 4107, 93831
1682705771745, 4078, 97909
1682705772747, 4079, 101988
1682705773747, 4047, 106035
1682705774748, 4068, 110103
1682705775748, 3980, 114083
1682705776749, 4053, 118136
1682705777749, 1103, 119239
12:16:18,541 ERROR [main-EventThread] RingManager:232 - org.apache.zookeeper.KeeperException$SessionExpiredException: KeeperErrorCode = Session expired for /ringpaxos/topology1/nodes
12:16:18,640 ERROR [main-EventThread] TopologyManager:465 - org.apache.zookeeper.KeeperException$SessionExpiredException: KeeperErrorCode = Session expired for /ringpaxos/topology1/learners
12:16:18,640 ERROR [main-EventThread] TopologyManager:465 - org.apache.zookeeper.KeeperException$SessionExpiredException: KeeperErrorCode = Session expired for /ringpaxos/topology1/nodes
12:16:18,647 ERROR [main-EventThread] RingManager:232 - org.apache.zookeeper.KeeperException$SessionExpiredException: KeeperErrorCode = Session expired for /ringpaxos/topology1/nodes
