19:59:28,933 INFO  [main] RawABListener:48 - Initing a RawABListener...
19:59:28,941 INFO  [main] Node:101 - PID: 7848
19:59:29,119 INFO  [main] NetworkManager:117 - NetworkManager tcp_nodelay: true
19:59:29,123 INFO  [main] NetworkManager:123 - NetworkManager tcp_crc: false
19:59:29,123 INFO  [main] NetworkManager:127 - NetworkManager buf_size: 2097152
19:59:29,138 INFO  [main] ElasticLearnerRole:93 - ElasticLearnerRole replication group 2
19:59:29,138 INFO  [main] ElasticLearnerRole:97 - ElasticLearnerRole initial ring 2
19:59:29,139 INFO  [main] ElasticLearnerRole:102 - ElasticLearnerRole deliver_skip_messages: enabled
19:59:29,144 INFO  [ElasticLearner] LearnerRole:102 - Learner recovery: disabled
19:59:29,146 INFO  [ElasticLearner] LearnerRole:108 - Learner auto_trim: disabled
19:59:29,151 INFO  [main-EventThread] RingManager:133 - RingManager ring 2 changed: [22, 24, 25] (succsessor: 22 at /10.10.1.7:2627)
19:59:29,163 INFO  [main] Replica:169 - Token [0], ringId [null], nodeId [25], snapshot_modulo [0], zoo_host [null], path [null], embebedLog [false], useDiskDb [true] with simple constructor
1671505169164, 0, 0
Reading from stdin
19:59:29,195 INFO  [main-EventThread] RingManager:133 - RingManager ring 2 changed: [22, 23, 24, 25] (succsessor: 22 at /10.10.1.7:2627)
19:59:29,254 INFO  [main-EventThread] RingManager:133 - RingManager ring 2 changed: [21, 22, 23, 24, 25] (succsessor: 21 at /10.10.1.6:2543)
1671505170164, 0, 0
1671505171164, 0, 0
1671505172165, 0, 0
1671505173165, 0, 0
1671505174166, 21, 21
1671505175166, 245, 266
1671505176167, 261, 527
1671505177167, 252, 779
1671505178168, 254, 1033
1671505179168, 255, 1288
1671505180168, 253, 1541
1671505181169, 263, 1804
1671505182169, 254, 2058
1671505183169, 258, 2316
1671505184170, 253, 2569
1671505185170, 255, 2824
1671505186170, 267, 3091
1671505187171, 259, 3350
1671505188171, 253, 3603
1671505189172, 249, 3852
1671505190172, 251, 4103
1671505191172, 241, 4344
1671505192172, 241, 4585
1671505193173, 248, 4833
1671505194173, 249, 5082
1671505195174, 270, 5352
1671505196174, 251, 5603
1671505197174, 256, 5859
1671505198175, 249, 6108
1671505199175, 259, 6367
1671505200176, 253, 6620
1671505201176, 250, 6870
1671505202176, 255, 7125
1671505203177, 216, 7341
1671505204177, 0, 7341
1671505205177, 0, 7341
20:00:05,492 ERROR [main-EventThread] TopologyManager:465 - org.apache.zookeeper.KeeperException$SessionExpiredException: KeeperErrorCode = Session expired for /ringpaxos/topology2/nodes
20:00:05,591 ERROR [main-EventThread] RingManager:232 - org.apache.zookeeper.KeeperException$SessionExpiredException: KeeperErrorCode = Session expired for /ringpaxos/topology2/nodes
20:00:05,595 ERROR [main-EventThread] TopologyManager:465 - org.apache.zookeeper.KeeperException$SessionExpiredException: KeeperErrorCode = Session expired for /ringpaxos/topology2/learners
