00:33:25,811 INFO  [main] RawABListener:48 - Initing a RawABListener...
00:33:25,821 INFO  [main] Node:101 - PID: 69128
00:33:26,042 INFO  [main] NetworkManager:117 - NetworkManager tcp_nodelay: true
00:33:26,048 INFO  [main] NetworkManager:123 - NetworkManager tcp_crc: false
00:33:26,048 INFO  [main] NetworkManager:127 - NetworkManager buf_size: 2097152
00:33:26,070 INFO  [main] ElasticLearnerRole:93 - ElasticLearnerRole replication group 1
00:33:26,071 INFO  [main] ElasticLearnerRole:97 - ElasticLearnerRole initial ring 1
00:33:26,072 INFO  [main] ElasticLearnerRole:102 - ElasticLearnerRole deliver_skip_messages: enabled
00:33:26,078 INFO  [ElasticLearner] LearnerRole:102 - Learner recovery: disabled
00:33:26,080 INFO  [ElasticLearner] LearnerRole:108 - Learner auto_trim: disabled
00:33:26,087 INFO  [main-EventThread] RingManager:133 - RingManager ring 1 changed: [1, 2, 13, 14] (succsessor: 14 at /10.10.1.6:2707)
00:33:26,106 INFO  [main] Replica:188 - Token [0], ringId [null], nodeId [13], snapshot_modulo [0], zoo_host [10.10.1.1], pathPrefix[/media/disk1/], path [/media/disk1/4f525077-653b-46ab-8c98-95713071e350], embebedLog [false], useDiskDb [true] with complex constructor
1710916406107, 0, 0
Reading from stdin
1710916407107, 0, 0
1710916408107, 0, 0
1710916409108, 0, 0
00:33:29,554 INFO  [main-EventThread] RingManager:133 - RingManager ring 1 changed: [1, 2, 4, 13, 14] (succsessor: 14 at /10.10.1.6:2707)
1710916410108, 0, 0
1710916411109, 0, 0
1710916412109, 31762, 31762
1710916413110, 38122, 69884
1710916414111, 29437, 99321
1710916415111, 27218, 126539
1710916416113, 16703, 143242
1710916417114, 13680, 156922
1710916418114, 13257, 170179
1710916419115, 14333, 184512
1710916420115, 13687, 198199
1710916421116, 10413, 208612
1710916422116, 37111, 245723
1710916423117, 41431, 287154
1710916424118, 60054, 347208
1710916425119, 54266, 401474
1710916426120, 49938, 451412
1710916427121, 50410, 501822
1710916428121, 49828, 551650
1710916429122, 61573, 613223
1710916430123, 36933, 650156
1710916431123, 19540, 669696
1710916432124, 15144, 684840
1710916433124, 46070, 730910
1710916434125, 51311, 782221
1710916435178, 37253, 819474
1710916436179, 50670, 870144
1710916437180, 41922, 912066
1710916438180, 10511, 922577
1710916439181, 12574, 935151
1710916440181, 16686, 951837
1710916441181, 20056, 971893
1710916442182, 25, 971918
1710916443182, 0, 971918
1710916444183, 0, 971918
1710916445183, 0, 971918
1710916446183, 0, 971918
1710916447184, 237, 972155
1710916448184, 313, 972468
00:34:08,605 ERROR [main-EventThread] TopologyManager:465 - org.apache.zookeeper.KeeperException$SessionExpiredException: KeeperErrorCode = Session expired for /ringpaxos/topology1/learners
00:34:08,706 ERROR [main-EventThread] TopologyManager:465 - org.apache.zookeeper.KeeperException$SessionExpiredException: KeeperErrorCode = Session expired for /ringpaxos/topology1/nodes
00:34:08,707 ERROR [main-EventThread] RingManager:232 - org.apache.zookeeper.KeeperException$SessionExpiredException: KeeperErrorCode = Session expired for /ringpaxos/topology1/nodes
1710916449184, 0, 972468
1710916450185, 0, 972468
