07:32:09,027 INFO  [main] RawABListener:48 - Initing a RawABListener...
07:32:09,042 INFO  [main] Node:101 - PID: 31243
07:32:09,253 INFO  [main] NetworkManager:117 - NetworkManager tcp_nodelay: true
07:32:09,257 INFO  [main] NetworkManager:123 - NetworkManager tcp_crc: false
07:32:09,258 INFO  [main] NetworkManager:127 - NetworkManager buf_size: 2097152
07:32:09,276 INFO  [main] ElasticLearnerRole:93 - ElasticLearnerRole replication group 1
07:32:09,276 INFO  [main] ElasticLearnerRole:97 - ElasticLearnerRole initial ring 1
07:32:09,278 INFO  [main] ElasticLearnerRole:102 - ElasticLearnerRole deliver_skip_messages: enabled
07:32:09,287 INFO  [ElasticLearner] LearnerRole:102 - Learner recovery: disabled
07:32:09,289 INFO  [ElasticLearner] LearnerRole:108 - Learner auto_trim: disabled
07:32:09,300 INFO  [main-EventThread] RingManager:133 - RingManager ring 1 changed: [1, 2, 13, 14, 15] (succsessor: 14 at /10.10.1.5:2460)
07:32:09,316 INFO  [main] Replica:169 - Token [0], ringId [null], nodeId [13], snapshot_modulo [0], zoo_host [null], path [null], embebedLog [true], useDiskDb [true] with simple constructor
1671633129317, 0, 0
Reading from stdin
1671633130318, 0, 0
1671633131318, 0, 0
1671633132318, 0, 0
1671633133319, 0, 0
1671633134319, 495, 495
1671633135320, 4665, 5160
1671633136320, 4848, 10008
1671633137321, 4102, 14110
1671633138321, 5720, 19830
1671633139321, 4956, 24786
1671633140322, 6565, 31351
1671633141322, 6367, 37718
1671633142323, 7298, 45016
1671633143323, 6174, 51190
1671633144323, 6532, 57722
1671633145324, 6796, 64518
1671633146324, 6614, 71132
1671633147324, 6169, 77301
1671633148325, 7624, 84925
1671633149326, 8661, 93586
1671633150326, 7308, 100894
1671633151327, 8020, 108914
1671633152327, 5616, 114530
1671633153327, 6395, 120925
1671633154328, 6507, 127432
1671633155328, 6964, 134396
1671633156328, 7225, 141621
1671633157329, 4877, 146498
1671633158329, 5384, 151882
1671633159332, 7109, 158991
1671633160332, 7539, 166530
1671633161333, 7307, 173837
1671633162333, 5701, 179538
1671633163333, 5032, 184570
1671633164333, 2591, 187161
1671633165334, 0, 187161
07:32:45,532 ERROR [main-EventThread] TopologyManager:465 - org.apache.zookeeper.KeeperException$SessionExpiredException: KeeperErrorCode = Session expired for /ringpaxos/topology1/nodes
07:32:45,631 ERROR [main-EventThread] RingManager:232 - org.apache.zookeeper.KeeperException$SessionExpiredException: KeeperErrorCode = Session expired for /ringpaxos/topology1/nodes
07:32:45,632 ERROR [main-EventThread] TopologyManager:465 - org.apache.zookeeper.KeeperException$SessionExpiredException: KeeperErrorCode = Session expired for /ringpaxos/topology1/learners
