19:26:19,371 INFO  [main] RawABListener:48 - Initing a RawABListener...
19:26:19,389 INFO  [main] Node:101 - PID: 38782
19:26:19,630 INFO  [main] NetworkManager:117 - NetworkManager tcp_nodelay: true
19:26:19,636 INFO  [main] NetworkManager:123 - NetworkManager tcp_crc: false
19:26:19,637 INFO  [main] NetworkManager:127 - NetworkManager buf_size: 2097152
19:26:19,667 INFO  [main] ElasticLearnerRole:93 - ElasticLearnerRole replication group 1
19:26:19,668 INFO  [main] ElasticLearnerRole:97 - ElasticLearnerRole initial ring 1
19:26:19,669 INFO  [main] ElasticLearnerRole:102 - ElasticLearnerRole deliver_skip_messages: enabled
19:26:19,674 INFO  [ElasticLearner] LearnerRole:102 - Learner recovery: disabled
19:26:19,676 INFO  [ElasticLearner] LearnerRole:108 - Learner auto_trim: disabled
19:26:19,682 INFO  [main-EventThread] RingManager:133 - RingManager ring 1 changed: [1, 2, 14] (succsessor: 1 at /10.10.1.3:2462)
19:26:19,694 INFO  [main-EventThread] RingManager:133 - RingManager ring 1 changed: [1, 2, 13, 14] (succsessor: 1 at /10.10.1.3:2462)
19:26:21,399 INFO  [main] Replica:172 - Token [0], ringId [null], nodeId [14], snapshot_modulo [0], zoo_host [null], path [null], embebedLog [false], useDiskDb [true] with simple constructor
1681608381402, 0, 0
Reading from stdin
1681608382403, 0, 0
19:26:23,089 INFO  [main-EventThread] RingManager:133 - RingManager ring 1 changed: [1, 2, 4, 13, 14] (succsessor: 1 at /10.10.1.3:2462)
1681608383404, 0, 0
19:26:24,262 INFO  [main-EventThread] RingManager:133 - RingManager ring 1 changed: [1, 2, 4, 5, 13, 14] (succsessor: 1 at /10.10.1.3:2462)
19:26:24,396 ERROR [TCPListener] LearnerRole:219 - Learner received decision without value! [Decision from:2 to:Learner instance:1 ballot:11 v_ballot:0 value:<none> (107376260783641)]
1681608384405, 0, 0
19:26:24,694 WARN  [Learner-1] LearnerRole:133 - Learner re-request missing instance 1
1681608385405, 1769, 1769
1681608386406, 3709, 5478
1681608387408, 3826, 9304
1681608388419, 3720, 13024
1681608389420, 3985, 17009
1681608390420, 3479, 20488
1681608391421, 3760, 24248
1681608392422, 3831, 28079
1681608393423, 3884, 31963
1681608394423, 3847, 35810
1681608395424, 3030, 38840
1681608396424, 3883, 42723
1681608397425, 3814, 46537
1681608398429, 3864, 50401
1681608399430, 3861, 54262
1681608400432, 3157, 57419
1681608401432, 3928, 61347
1681608402433, 3872, 65219
1681608403434, 3902, 69121
1681608404435, 3835, 72956
1681608405435, 3535, 76491
1681608406436, 3057, 79548
1681608407437, 3876, 83424
1681608408437, 3870, 87294
1681608409438, 3858, 91152
1681608410438, 3509, 94661
1681608411439, 3874, 98535
1681608412439, 2836, 101371
1681608413440, 3936, 105307
1681608414441, 2284, 107591
1681608415441, 0, 107591
19:26:55,574 ERROR [main-EventThread] TopologyManager:465 - org.apache.zookeeper.KeeperException$SessionExpiredException: KeeperErrorCode = Session expired for /ringpaxos/topology1/nodes
19:26:55,673 ERROR [main-EventThread] RingManager:232 - org.apache.zookeeper.KeeperException$SessionExpiredException: KeeperErrorCode = Session expired for /ringpaxos/topology1/nodes
19:26:55,673 ERROR [main-EventThread] TopologyManager:465 - org.apache.zookeeper.KeeperException$SessionExpiredException: KeeperErrorCode = Session expired for /ringpaxos/topology1/learners
