18:38:27,328 INFO  [main] RawABListener:48 - Initing a RawABListener...
18:38:27,339 INFO  [main] Node:101 - PID: 23953
18:38:27,548 INFO  [main] NetworkManager:117 - NetworkManager tcp_nodelay: true
18:38:27,554 INFO  [main] NetworkManager:123 - NetworkManager tcp_crc: false
18:38:27,555 INFO  [main] NetworkManager:127 - NetworkManager buf_size: 2097152
18:38:27,578 INFO  [main] ElasticLearnerRole:93 - ElasticLearnerRole replication group 2
18:38:27,579 INFO  [main] ElasticLearnerRole:97 - ElasticLearnerRole initial ring 2
18:38:27,579 INFO  [main] ElasticLearnerRole:102 - ElasticLearnerRole deliver_skip_messages: enabled
18:38:27,586 INFO  [ElasticLearner] LearnerRole:102 - Learner recovery: disabled
18:38:27,589 INFO  [ElasticLearner] LearnerRole:108 - Learner auto_trim: disabled
18:38:27,594 INFO  [main-EventThread] RingManager:133 - RingManager ring 2 changed: [21, 22, 24] (succsessor: 21 at /10.10.1.3:2304)
18:38:27,670 INFO  [main-EventThread] RingManager:133 - RingManager ring 2 changed: [21, 22, 23, 24] (succsessor: 21 at /10.10.1.3:2304)
18:38:32,656 INFO  [main-EventThread] RingManager:133 - RingManager ring 2 changed: [5, 21, 22, 23, 24] (succsessor: 5 at /10.10.1.7:2818)
18:38:32,754 INFO  [main-EventThread] RingManager:133 - RingManager ring 2 changed: [5, 6, 21, 22, 23, 24] (succsessor: 5 at /10.10.1.7:2818)
18:38:34,614 INFO  [main] Replica:172 - Token [0], ringId [null], nodeId [24], snapshot_modulo [0], zoo_host [null], path [null], embebedLog [false], useDiskDb [true] with simple constructor
1681605514615, 0, 0
Reading from stdin
1681605515616, 5215, 5215
1681605516616, 7558, 12773
1681605517617, 9871, 22644
1681605518617, 3636, 26280
1681605519618, 7289, 33569
1681605520619, 6868, 40437
1681605521619, 8449, 48886
1681605522620, 9064, 57950
1681605523621, 6566, 64516
1681605524622, 8387, 72903
1681605525622, 6347, 79250
1681605526623, 7175, 86425
1681605527623, 8993, 95418
1681605528624, 6311, 101729
1681605529624, 9324, 111053
1681605530624, 8538, 119591
1681605531625, 6775, 126366
1681605532626, 8525, 134891
1681605533626, 7244, 142135
1681605534627, 7950, 150085
1681605535628, 7189, 157274
1681605536628, 7860, 165134
1681605537630, 7835, 172969
1681605538631, 7689, 180658
1681605539631, 9038, 189696
1681605540631, 9342, 199038
1681605541632, 8414, 207452
1681605542632, 8875, 216327
1681605543633, 8196, 224523
1681605544633, 6797, 231320
1681605545634, 0, 231320
1681605546634, 0, 231320
1681605547635, 0, 231320
1681605548636, 0, 231320
1681605549636, 0, 231320
1681605550637, 0, 231320
1681605551637, 0, 231320
1681605552638, 0, 231320
1681605553638, 0, 231320
18:39:13,856 ERROR [main-EventThread] TopologyManager:387 - org.apache.zookeeper.KeeperException$SessionExpiredException: KeeperErrorCode = Session expired for /ringpaxos/topology2/nodes/5
18:39:13,861 INFO  [main-EventThread] RingManager:133 - RingManager ring 2 changed: [5, 6, 21, 24] (succsessor: 5 at null)
18:39:13,863 ERROR [main-EventThread] ClientCnxn:537 - Error while calling watcher 
java.lang.NullPointerException
	at java.base/sun.nio.ch.Net.checkAddress(Net.java:126)
	at java.base/sun.nio.ch.SocketChannelImpl.checkRemote(SocketChannelImpl.java:706)
	at java.base/sun.nio.ch.SocketChannelImpl.connect(SocketChannelImpl.java:720)
	at ch.usi.da.paxos.ring.NetworkManager.connectClient(NetworkManager.java:291)
	at ch.usi.da.paxos.ring.RingManager.notifyRingChanged(RingManager.java:136)
	at ch.usi.da.paxos.ring.RingManager.process(RingManager.java:210)
	at org.apache.zookeeper.ClientCnxn$EventThread.processEvent(ClientCnxn.java:535)
	at org.apache.zookeeper.ClientCnxn$EventThread.run(ClientCnxn.java:510)
18:39:13,955 ERROR [main-EventThread] TopologyManager:465 - org.apache.zookeeper.KeeperException$SessionExpiredException: KeeperErrorCode = Session expired for /ringpaxos/topology2/nodes
18:39:13,955 ERROR [main-EventThread] RingManager:232 - org.apache.zookeeper.KeeperException$SessionExpiredException: KeeperErrorCode = Session expired for /ringpaxos/topology2/nodes
18:39:13,956 ERROR [main-EventThread] TopologyManager:465 - org.apache.zookeeper.KeeperException$SessionExpiredException: KeeperErrorCode = Session expired for /ringpaxos/topology2/learners
18:39:13,956 ERROR [main-EventThread] TopologyManager:465 - org.apache.zookeeper.KeeperException$SessionExpiredException: KeeperErrorCode = Session expired for /ringpaxos/topology2/nodes
18:39:13,956 ERROR [main-EventThread] RingManager:232 - org.apache.zookeeper.KeeperException$SessionExpiredException: KeeperErrorCode = Session expired for /ringpaxos/topology2/nodes
