16:23:58,555 INFO  [main] RawABListener:48 - Initing a RawABListener...
16:23:58,574 INFO  [main] Node:101 - PID: 9988
16:23:58,808 INFO  [main] NetworkManager:117 - NetworkManager tcp_nodelay: true
16:23:58,814 INFO  [main] NetworkManager:123 - NetworkManager tcp_crc: false
16:23:58,814 INFO  [main] NetworkManager:127 - NetworkManager buf_size: 2097152
16:23:58,839 INFO  [main] ElasticLearnerRole:93 - ElasticLearnerRole replication group 1
16:23:58,840 INFO  [main] ElasticLearnerRole:97 - ElasticLearnerRole initial ring 1
16:23:58,841 INFO  [main] ElasticLearnerRole:102 - ElasticLearnerRole deliver_skip_messages: enabled
16:23:58,845 INFO  [ElasticLearner] LearnerRole:102 - Learner recovery: disabled
16:23:58,847 INFO  [ElasticLearner] LearnerRole:108 - Learner auto_trim: disabled
16:23:58,851 INFO  [main-EventThread] RingManager:133 - RingManager ring 1 changed: [1, 2, 4, 13, 14] (succsessor: 1 at /10.10.1.3:2169)
16:24:10,747 INFO  [main] Replica:169 - Token [0], ringId [null], nodeId [14], snapshot_modulo [0], zoo_host [null], path [null], embebedLog [false], useDiskDb [true] with simple constructor
1681424650748, 0, 0
Reading from stdin
1681424651749, 4757, 4757
16:24:11,935 ERROR [TCPListener] SessionHandler:104 - Error in SessionHandler during de-serializing!
java.lang.IndexOutOfBoundsException: Index 0 out of bounds for length 0
	at java.base/jdk.internal.util.Preconditions.outOfBounds(Preconditions.java:64)
	at java.base/jdk.internal.util.Preconditions.outOfBoundsCheckIndex(Preconditions.java:70)
	at java.base/jdk.internal.util.Preconditions.checkIndex(Preconditions.java:248)
	at java.base/java.util.Objects.checkIndex(Objects.java:373)
	at java.base/java.util.ArrayList.get(ArrayList.java:426)
	at ch.usi.da.paxos.ring.RingManager.getRingSuccessor(RingManager.java:169)
	at ch.usi.da.paxos.ring.NetworkManager.receive(NetworkManager.java:172)
	at ch.usi.da.paxos.ring.SessionHandler.handleReadable(SessionHandler.java:99)
	at ch.usi.da.paxos.ring.TCPListener.run(TCPListener.java:89)
	at java.base/java.lang.Thread.run(Thread.java:830)
16:24:11,936 INFO  [main-EventThread] RingManager:133 - RingManager ring 1 changed: [1, 2, 4, 5, 13, 14] (succsessor: 1 at /10.10.1.3:2169)
16:24:11,952 ERROR [TCPListener] LearnerRole:219 - Learner received decision without value! [Decision from:2 to:Learner instance:1504 ballot:11 v_ballot:0 value:<none> (160285246967471)]
16:24:11,964 ERROR [TCPListener] LearnerRole:219 - Learner received decision without value! [Decision from:2 to:Learner instance:1506 ballot:11 v_ballot:0 value:<none> (160285257856551)]
1681424652749, 1797, 6554
16:24:12,859 WARN  [Learner-1] LearnerRole:133 - Learner re-request missing instance 1504
1681424653750, 6944, 13498
1681424654750, 5469, 18967
1681424655751, 7259, 26226
1681424656752, 7323, 33549
1681424657752, 7562, 41111
1681424658753, 7034, 48145
1681424659753, 7220, 55365
1681424660754, 5475, 60840
1681424661755, 6650, 67490
1681424662755, 9231, 76721
1681424663756, 4534, 81255
1681424664756, 7752, 89007
1681424665757, 8092, 97099
1681424666757, 9947, 107046
1681424667758, 8134, 115180
1681424668758, 5968, 121148
1681424669759, 6335, 127483
1681424670759, 6994, 134477
1681424671759, 6516, 140993
1681424672760, 9034, 150027
1681424673760, 3032, 153059
1681424674761, 0, 153059
1681424675761, 0, 153059
1681424676761, 0, 153059
1681424677761, 0, 153059
1681424678762, 0, 153059
1681424679762, 0, 153059
1681424680763, 0, 153059
16:24:41,507 ERROR [main-EventThread] TopologyManager:465 - org.apache.zookeeper.KeeperException$SessionExpiredException: KeeperErrorCode = Session expired for /ringpaxos/topology1/learners
16:24:41,607 ERROR [main-EventThread] TopologyManager:465 - org.apache.zookeeper.KeeperException$SessionExpiredException: KeeperErrorCode = Session expired for /ringpaxos/topology1/nodes
16:24:41,607 ERROR [main-EventThread] RingManager:232 - org.apache.zookeeper.KeeperException$SessionExpiredException: KeeperErrorCode = Session expired for /ringpaxos/topology1/nodes
