07:57:27,093 INFO  [main] RawABListener:48 - Initing a RawABListener...
07:57:27,104 INFO  [main] Node:101 - PID: 51350
07:57:27,324 INFO  [main] NetworkManager:117 - NetworkManager tcp_nodelay: true
07:57:27,328 INFO  [main] NetworkManager:123 - NetworkManager tcp_crc: false
07:57:27,329 INFO  [main] NetworkManager:127 - NetworkManager buf_size: 2097152
07:57:27,358 INFO  [main] ElasticLearnerRole:93 - ElasticLearnerRole replication group 1
07:57:27,358 INFO  [main] ElasticLearnerRole:97 - ElasticLearnerRole initial ring 1
07:57:27,359 INFO  [main] ElasticLearnerRole:102 - ElasticLearnerRole deliver_skip_messages: enabled
07:57:27,364 INFO  [ElasticLearner] LearnerRole:102 - Learner recovery: disabled
07:57:27,366 INFO  [ElasticLearner] LearnerRole:108 - Learner auto_trim: disabled
07:57:27,368 INFO  [main-EventThread] RingManager:133 - RingManager ring 1 changed: [1, 2, 13, 14] (succsessor: 14 at /10.10.1.6:2129)
07:57:27,374 INFO  [main-EventThread] RingManager:133 - RingManager ring 1 changed: [1, 2, 13, 14] (succsessor: 14 at /10.10.1.6:2129)
07:57:27,671 INFO  [main] Replica:172 - Token [0], ringId [null], nodeId [13], snapshot_modulo [0], zoo_host [null], path [null], embebedLog [false], useDiskDb [true] with simple constructor
1681999047672, 0, 0
Reading from stdin
1681999048673, 0, 0
1681999049673, 0, 0
1681999050674, 0, 0
07:57:30,797 INFO  [main-EventThread] RingManager:133 - RingManager ring 1 changed: [1, 2, 4, 13, 14] (succsessor: 14 at /10.10.1.6:2129)
1681999051674, 0, 0
1681999052674, 725, 725
1681999053675, 7654, 8379
1681999054677, 9633, 18012
1681999055678, 8509, 26521
1681999056679, 9447, 35968
1681999057680, 9007, 44975
1681999058680, 9956, 54931
1681999059694, 10484, 65415
1681999060695, 10675, 76090
1681999061695, 9997, 86087
1681999062696, 6551, 92638
1681999063696, 8694, 101332
1681999064697, 9705, 111037
1681999065697, 8958, 119995
1681999066698, 7499, 127494
1681999067698, 4238, 131732
1681999068699, 5343, 137075
1681999069700, 5901, 142976
1681999070700, 9499, 152475
1681999071701, 8340, 160815
1681999072702, 7911, 168726
1681999073703, 6820, 175546
1681999074704, 5951, 181497
1681999075704, 9303, 190800
1681999076708, 9652, 200452
1681999077708, 6760, 207212
1681999078709, 8236, 215448
1681999079709, 8907, 224355
1681999080709, 8659, 233014
1681999081710, 8732, 241746
1681999082710, 3312, 245058
1681999083710, 0, 245058
1681999084710, 0, 245058
1681999085711, 0, 245058
07:58:06,679 ERROR [main-EventThread] RingManager:232 - org.apache.zookeeper.KeeperException$SessionExpiredException: KeeperErrorCode = Session expired for /ringpaxos/topology1/nodes
1681999086711, 0, 245058
07:58:06,778 ERROR [main-EventThread] TopologyManager:465 - org.apache.zookeeper.KeeperException$SessionExpiredException: KeeperErrorCode = Session expired for /ringpaxos/topology1/learners
07:58:06,783 ERROR [main-EventThread] TopologyManager:465 - org.apache.zookeeper.KeeperException$SessionExpiredException: KeeperErrorCode = Session expired for /ringpaxos/topology1/nodes
07:58:06,783 ERROR [main-EventThread] RingManager:232 - org.apache.zookeeper.KeeperException$SessionExpiredException: KeeperErrorCode = Session expired for /ringpaxos/topology1/nodes
