15:38:15,435 INFO  [main] RawABListener:48 - Initing a RawABListener...
15:38:15,446 INFO  [main] Node:101 - PID: 4676
15:38:15,640 INFO  [main] NetworkManager:117 - NetworkManager tcp_nodelay: true
15:38:15,645 INFO  [main] NetworkManager:123 - NetworkManager tcp_crc: false
15:38:15,645 INFO  [main] NetworkManager:127 - NetworkManager buf_size: 2097152
15:38:15,668 INFO  [main] ElasticLearnerRole:93 - ElasticLearnerRole replication group 3
15:38:15,669 INFO  [main] ElasticLearnerRole:97 - ElasticLearnerRole initial ring 3
15:38:15,669 INFO  [main] ElasticLearnerRole:102 - ElasticLearnerRole deliver_skip_messages: enabled
15:38:15,675 INFO  [ElasticLearner] LearnerRole:102 - Learner recovery: disabled
15:38:15,677 INFO  [ElasticLearner] LearnerRole:108 - Learner auto_trim: disabled
15:38:15,682 INFO  [main-EventThread] RingManager:133 - RingManager ring 3 changed: [31, 32, 33, 34] (succsessor: 31 at /10.10.1.3:2124)
15:38:15,707 INFO  [main] Replica:172 - Token [0], ringId [null], nodeId [34], snapshot_modulo [0], zoo_host [null], path [null], embebedLog [false], useDiskDb [false] with simple constructor
1681594695708, 0, 0
Reading from stdin
1681594696708, 0, 0
1681594697709, 0, 0
1681594698709, 0, 0
1681594699709, 0, 0
1681594700710, 41, 41
1681594701711, 316, 357
1681594702711, 512, 869
1681594703712, 506, 1375
1681594704712, 504, 1879
1681594705713, 494, 2373
1681594706713, 511, 2884
1681594707714, 504, 3388
1681594708714, 518, 3906
1681594709715, 531, 4437
1681594710715, 524, 4961
1681594711716, 524, 5485
1681594712716, 490, 5975
1681594713717, 506, 6481
1681594714717, 501, 6982
1681594715718, 545, 7527
1681594716718, 507, 8034
1681594717719, 502, 8536
1681594718719, 504, 9040
1681594719720, 534, 9574
1681594720720, 499, 10073
1681594721721, 509, 10582
1681594722721, 503, 11085
1681594723722, 526, 11611
1681594724722, 491, 12102
1681594725722, 502, 12604
1681594726723, 512, 13116
1681594727723, 163, 13279
15:38:48,248 ERROR [TCPListener] SessionHandler:120 - Error in SessionHandler during reading!
java.nio.channels.ClosedSelectorException
	at java.base/sun.nio.ch.EPollSelectorImpl.ensureOpen(EPollSelectorImpl.java:98)
	at java.base/sun.nio.ch.EPollSelectorImpl.setEventOps(EPollSelectorImpl.java:243)
	at java.base/sun.nio.ch.SelectionKeyImpl.interestOps(SelectionKeyImpl.java:101)
	at ch.usi.da.paxos.ring.SessionHandler.handleReadable(SessionHandler.java:68)
	at ch.usi.da.paxos.ring.TCPListener.run(TCPListener.java:89)
	at java.base/java.lang.Thread.run(Thread.java:830)
15:38:48,260 ERROR [main-EventThread] TopologyManager:387 - org.apache.zookeeper.KeeperException$SessionExpiredException: KeeperErrorCode = Session expired for /ringpaxos/topology3/nodes/31
15:38:48,262 INFO  [main-EventThread] RingManager:133 - RingManager ring 3 changed: [31, 34] (succsessor: 31 at null)
15:38:48,263 ERROR [main-EventThread] ClientCnxn:537 - Error while calling watcher 
java.lang.NullPointerException
	at java.base/sun.nio.ch.Net.checkAddress(Net.java:126)
	at java.base/sun.nio.ch.SocketChannelImpl.checkRemote(SocketChannelImpl.java:706)
	at java.base/sun.nio.ch.SocketChannelImpl.connect(SocketChannelImpl.java:720)
	at ch.usi.da.paxos.ring.NetworkManager.connectClient(NetworkManager.java:291)
	at ch.usi.da.paxos.ring.RingManager.notifyRingChanged(RingManager.java:136)
	at ch.usi.da.paxos.ring.RingManager.process(RingManager.java:210)
	at org.apache.zookeeper.ClientCnxn$EventThread.processEvent(ClientCnxn.java:535)
	at org.apache.zookeeper.ClientCnxn$EventThread.run(ClientCnxn.java:510)
15:38:48,360 ERROR [main-EventThread] TopologyManager:465 - org.apache.zookeeper.KeeperException$SessionExpiredException: KeeperErrorCode = Session expired for /ringpaxos/topology3/learners
15:38:48,361 ERROR [main-EventThread] TopologyManager:465 - org.apache.zookeeper.KeeperException$SessionExpiredException: KeeperErrorCode = Session expired for /ringpaxos/topology3/nodes
15:38:48,361 ERROR [main-EventThread] RingManager:232 - org.apache.zookeeper.KeeperException$SessionExpiredException: KeeperErrorCode = Session expired for /ringpaxos/topology3/nodes
15:38:48,361 ERROR [main-EventThread] TopologyManager:465 - org.apache.zookeeper.KeeperException$SessionExpiredException: KeeperErrorCode = Session expired for /ringpaxos/topology3/nodes
15:38:48,362 ERROR [main-EventThread] RingManager:232 - org.apache.zookeeper.KeeperException$SessionExpiredException: KeeperErrorCode = Session expired for /ringpaxos/topology3/nodes
