07:25:55,557 INFO  [main] RawABListener:48 - Initing a RawABListener...
07:25:55,568 INFO  [main] Node:101 - PID: 117409
07:25:55,803 INFO  [main] NetworkManager:117 - NetworkManager tcp_nodelay: true
07:25:55,809 INFO  [main] NetworkManager:123 - NetworkManager tcp_crc: false
07:25:55,810 INFO  [main] NetworkManager:127 - NetworkManager buf_size: 2097152
07:25:55,837 INFO  [main] ElasticLearnerRole:93 - ElasticLearnerRole replication group 2
07:25:55,838 INFO  [main] ElasticLearnerRole:97 - ElasticLearnerRole initial ring 2
07:25:55,839 INFO  [main] ElasticLearnerRole:102 - ElasticLearnerRole deliver_skip_messages: enabled
07:25:55,844 INFO  [ElasticLearner] LearnerRole:102 - Learner recovery: disabled
07:25:55,848 INFO  [ElasticLearner] LearnerRole:108 - Learner auto_trim: disabled
07:25:55,851 INFO  [main-EventThread] RingManager:133 - RingManager ring 2 changed: [21, 22, 24] (succsessor: 21 at /155.98.36.29:2601)
07:25:55,875 INFO  [main-EventThread] RingManager:133 - RingManager ring 2 changed: [21, 22, 23, 24] (succsessor: 21 at /155.98.36.29:2601)
07:25:56,033 INFO  [main] Replica:188 - Token [0], ringId [null], nodeId [24], snapshot_modulo [0], zoo_host [10.10.1.1], pathPrefix[/media/disk6/], path [/media/disk6/2996c912-3d91-46c1-8f1e-8af2a0fb9d02], embebedLog [true], useDiskDb [false] with complex constructor
1710336356034, 0, 0
Reading from stdin
1710336357035, 0, 0
1710336358036, 0, 0
1710336359036, 0, 0
1710336360037, 0, 0
1710336361037, 11205, 11205
1710336362038, 40823, 52028
1710336363039, 42587, 94615
1710336364041, 41458, 136073
1710336365059, 42032, 178105
1710336366060, 36446, 214551
1710336367060, 40566, 255117
1710336368061, 37336, 292453
1710336369063, 46222, 338675
1710336370064, 38270, 376945
1710336371065, 41961, 418906
1710336372065, 46438, 465344
1710336373066, 31726, 497070
1710336374066, 42057, 539127
1710336375067, 34396, 573523
1710336376067, 40247, 613770
1710336377068, 32622, 646392
1710336378069, 37032, 683424
1710336379069, 42544, 725968
1710336380070, 45584, 771552
1710336381071, 44140, 815692
1710336382071, 36720, 852412
1710336383072, 48753, 901165
1710336384106, 43490, 944655
1710336385106, 44644, 989299
1710336386107, 40259, 1029558
1710336387108, 35569, 1065127
1710336388272, 43195, 1108322
1710336389273, 52031, 1160353
1710336390273, 41894, 1202247
1710336391274, 0, 1202247
1710336392274, 108, 1202355
1710336393274, 0, 1202355
1710336394275, 9, 1202364
1710336395275, 0, 1202364
07:26:35,842 ERROR [main-EventThread] TopologyManager:465 - org.apache.zookeeper.KeeperException$SessionExpiredException: KeeperErrorCode = Session expired for /ringpaxos/topology2/nodes
07:26:35,939 ERROR [main-EventThread] RingManager:232 - org.apache.zookeeper.KeeperException$SessionExpiredException: KeeperErrorCode = Session expired for /ringpaxos/topology2/nodes
07:26:35,939 ERROR [main-EventThread] TopologyManager:465 - org.apache.zookeeper.KeeperException$SessionExpiredException: KeeperErrorCode = Session expired for /ringpaxos/topology2/learners
1710336396276, 0, 1202364
1710336397276, 0, 1202364
