18:35:46,217 INFO  [main] RawABListener:48 - Initing a RawABListener...
18:35:46,227 INFO  [main] Node:101 - PID: 23468
18:35:46,478 INFO  [main] NetworkManager:117 - NetworkManager tcp_nodelay: true
18:35:46,484 INFO  [main] NetworkManager:123 - NetworkManager tcp_crc: false
18:35:46,485 INFO  [main] NetworkManager:127 - NetworkManager buf_size: 2097152
18:35:46,510 INFO  [main] ElasticLearnerRole:93 - ElasticLearnerRole replication group 4
18:35:46,511 INFO  [main] ElasticLearnerRole:97 - ElasticLearnerRole initial ring 4
18:35:46,512 INFO  [main] ElasticLearnerRole:102 - ElasticLearnerRole deliver_skip_messages: enabled
18:35:46,518 INFO  [ElasticLearner] LearnerRole:102 - Learner recovery: disabled
18:35:46,521 INFO  [ElasticLearner] LearnerRole:108 - Learner auto_trim: disabled
18:35:46,527 INFO  [main-EventThread] RingManager:133 - RingManager ring 4 changed: [41, 42, 44] (succsessor: 41 at /10.10.1.3:2130)
18:35:46,702 INFO  [main-EventThread] RingManager:133 - RingManager ring 4 changed: [41, 42, 43, 44] (succsessor: 41 at /10.10.1.3:2130)
18:35:48,320 INFO  [main] Replica:172 - Token [0], ringId [null], nodeId [44], snapshot_modulo [0], zoo_host [null], path [null], embebedLog [false], useDiskDb [true] with simple constructor
1681605348323, 0, 0
Reading from stdin
1681605349324, 0, 0
1681605350324, 0, 0
1681605351325, 0, 0
18:35:52,200 INFO  [main-EventThread] RingManager:133 - RingManager ring 4 changed: [7, 41, 42, 43, 44] (succsessor: 7 at /10.10.1.7:2667)
18:35:52,273 INFO  [main-EventThread] RingManager:133 - RingManager ring 4 changed: [7, 8, 41, 42, 43, 44] (succsessor: 7 at /10.10.1.7:2667)
1681605352326, 1728, 1728
18:35:52,536 WARN  [Learner-4] LearnerRole:133 - Learner re-request missing instance 964
1681605353326, 3101, 4829
1681605354327, 3998, 8827
1681605355328, 4014, 12841
1681605356328, 3988, 16829
1681605357329, 2888, 19717
1681605358330, 3673, 23390
1681605359331, 3930, 27320
1681605360331, 4052, 31372
1681605361332, 3890, 35262
1681605362333, 3891, 39153
1681605363333, 3982, 43135
1681605364334, 3980, 47115
1681605365335, 3853, 50968
1681605366336, 3982, 54950
1681605367337, 3828, 58778
1681605368337, 3932, 62710
1681605369338, 4111, 66821
1681605370339, 3992, 70813
1681605371340, 3901, 74714
1681605372341, 3945, 78659
1681605373341, 3998, 82657
1681605374342, 3958, 86615
1681605375343, 4016, 90631
1681605376344, 4076, 94707
1681605377345, 3922, 98629
1681605378346, 4068, 102697
1681605379346, 4012, 106709
1681605380347, 4005, 110714
1681605381347, 2749, 113463
1681605382348, 0, 113463
18:36:22,554 ERROR [main-EventThread] TopologyManager:465 - org.apache.zookeeper.KeeperException$SessionExpiredException: KeeperErrorCode = Session expired for /ringpaxos/topology4/nodes
18:36:22,652 ERROR [main-EventThread] RingManager:232 - org.apache.zookeeper.KeeperException$SessionExpiredException: KeeperErrorCode = Session expired for /ringpaxos/topology4/nodes
18:36:22,653 ERROR [main-EventThread] TopologyManager:465 - org.apache.zookeeper.KeeperException$SessionExpiredException: KeeperErrorCode = Session expired for /ringpaxos/topology4/learners
