18:35:46,225 INFO  [main] RawABListener:48 - Initing a RawABListener...
18:35:46,236 INFO  [main] Node:101 - PID: 23467
18:35:46,466 INFO  [main] NetworkManager:117 - NetworkManager tcp_nodelay: true
18:35:46,472 INFO  [main] NetworkManager:123 - NetworkManager tcp_crc: false
18:35:46,473 INFO  [main] NetworkManager:127 - NetworkManager buf_size: 2097152
18:35:46,498 INFO  [main] ElasticLearnerRole:93 - ElasticLearnerRole replication group 3
18:35:46,499 INFO  [main] ElasticLearnerRole:97 - ElasticLearnerRole initial ring 3
18:35:46,500 INFO  [main] ElasticLearnerRole:102 - ElasticLearnerRole deliver_skip_messages: enabled
18:35:46,506 INFO  [ElasticLearner] LearnerRole:102 - Learner recovery: disabled
18:35:46,509 INFO  [ElasticLearner] LearnerRole:108 - Learner auto_trim: disabled
18:35:46,514 INFO  [main-EventThread] RingManager:133 - RingManager ring 3 changed: [31, 32, 34] (succsessor: 31 at /10.10.1.3:2598)
18:35:46,637 INFO  [main-EventThread] RingManager:133 - RingManager ring 3 changed: [31, 32, 33, 34] (succsessor: 31 at /10.10.1.3:2598)
18:35:48,222 INFO  [main] Replica:172 - Token [0], ringId [null], nodeId [34], snapshot_modulo [0], zoo_host [null], path [null], embebedLog [false], useDiskDb [true] with simple constructor
1681605348224, 0, 0
Reading from stdin
1681605349225, 0, 0
1681605350225, 0, 0
1681605351226, 0, 0
18:35:51,969 INFO  [main-EventThread] RingManager:133 - RingManager ring 3 changed: [6, 31, 32, 33, 34] (succsessor: 6 at /10.10.1.6:2092)
18:35:52,066 INFO  [main-EventThread] RingManager:133 - RingManager ring 3 changed: [6, 7, 31, 32, 33, 34] (succsessor: 6 at /10.10.1.6:2092)
1681605352227, 1003, 1003
18:35:52,524 WARN  [Learner-3] LearnerRole:133 - Learner re-request missing instance 306
1681605353228, 2645, 3648
1681605354228, 3926, 7574
1681605355230, 3924, 11498
1681605356230, 3888, 15386
1681605357231, 3042, 18428
1681605358232, 4566, 22994
1681605359232, 3942, 26936
1681605360233, 3968, 30904
1681605361233, 3870, 34774
1681605362234, 3506, 38280
1681605363234, 3941, 42221
1681605364235, 4000, 46221
1681605365235, 3974, 50195
1681605366236, 3947, 54142
1681605367237, 3629, 57771
1681605368238, 3820, 61591
1681605369238, 3930, 65521
1681605370239, 3985, 69506
1681605371240, 3984, 73490
1681605372240, 3722, 77212
1681605373241, 3952, 81164
1681605374242, 3782, 84946
1681605375242, 3947, 88893
1681605376242, 3926, 92819
1681605377243, 3780, 96599
1681605378244, 3964, 100563
1681605379245, 3998, 104561
1681605380246, 3975, 108536
1681605381247, 3076, 111612
1681605382247, 0, 111612
18:36:22,553 ERROR [main-EventThread] TopologyManager:465 - org.apache.zookeeper.KeeperException$SessionExpiredException: KeeperErrorCode = Session expired for /ringpaxos/topology3/nodes
18:36:22,653 ERROR [main-EventThread] RingManager:232 - org.apache.zookeeper.KeeperException$SessionExpiredException: KeeperErrorCode = Session expired for /ringpaxos/topology3/nodes
18:36:22,653 ERROR [main-EventThread] TopologyManager:465 - org.apache.zookeeper.KeeperException$SessionExpiredException: KeeperErrorCode = Session expired for /ringpaxos/topology3/learners
