16:21:10,936 INFO  [main] RawABListener:48 - Initing a RawABListener...
16:21:10,946 INFO  [main] Node:101 - PID: 8403
16:21:11,164 INFO  [main] NetworkManager:117 - NetworkManager tcp_nodelay: true
16:21:11,168 INFO  [main] NetworkManager:123 - NetworkManager tcp_crc: false
16:21:11,168 INFO  [main] NetworkManager:127 - NetworkManager buf_size: 2097152
16:21:11,189 INFO  [main] ElasticLearnerRole:93 - ElasticLearnerRole replication group 1
16:21:11,190 INFO  [main] ElasticLearnerRole:97 - ElasticLearnerRole initial ring 1
16:21:11,190 INFO  [main] ElasticLearnerRole:102 - ElasticLearnerRole deliver_skip_messages: enabled
16:21:11,196 INFO  [ElasticLearner] LearnerRole:102 - Learner recovery: disabled
16:21:11,197 INFO  [ElasticLearner] LearnerRole:108 - Learner auto_trim: disabled
16:21:11,200 INFO  [main-EventThread] RingManager:133 - RingManager ring 1 changed: [1, 2, 4, 13, 14] (succsessor: 1 at /10.10.1.3:2127)
16:21:15,177 INFO  [main] Replica:169 - Token [0], ringId [null], nodeId [14], snapshot_modulo [0], zoo_host [null], path [null], embebedLog [false], useDiskDb [true] with simple constructor
1681424475180, 0, 0
Reading from stdin
1681424476181, 297, 297
16:21:16,371 ERROR [TCPListener] SessionHandler:104 - Error in SessionHandler during de-serializing!
java.lang.IndexOutOfBoundsException: Index 0 out of bounds for length 0
	at java.base/jdk.internal.util.Preconditions.outOfBounds(Preconditions.java:64)
	at java.base/jdk.internal.util.Preconditions.outOfBoundsCheckIndex(Preconditions.java:70)
	at java.base/jdk.internal.util.Preconditions.checkIndex(Preconditions.java:248)
	at java.base/java.util.Objects.checkIndex(Objects.java:373)
	at java.base/java.util.ArrayList.get(ArrayList.java:426)
	at ch.usi.da.paxos.ring.RingManager.getRingSuccessor(RingManager.java:169)
	at ch.usi.da.paxos.ring.NetworkManager.receive(NetworkManager.java:172)
	at ch.usi.da.paxos.ring.SessionHandler.handleReadable(SessionHandler.java:99)
	at ch.usi.da.paxos.ring.TCPListener.run(TCPListener.java:89)
	at java.base/java.lang.Thread.run(Thread.java:830)
16:21:16,371 INFO  [main-EventThread] RingManager:133 - RingManager ring 1 changed: [1, 2, 4, 5, 13, 14] (succsessor: 1 at /10.10.1.3:2127)
16:21:16,391 ERROR [TCPListener] LearnerRole:219 - Learner received decision without value! [Decision from:2 to:Learner instance:550 ballot:11 v_ballot:0 value:<none> (158529598250951)]
16:21:16,401 ERROR [TCPListener] LearnerRole:219 - Learner received decision without value! [Decision from:2 to:Learner instance:553 ballot:11 v_ballot:0 value:<none> (158529610900541)]
1681424477181, 573, 870
16:21:17,210 WARN  [Learner-1] LearnerRole:133 - Learner re-request missing instance 550
1681424478182, 3583, 4453
1681424479182, 3856, 8309
1681424480183, 3854, 12163
1681424481184, 3347, 15510
1681424482186, 3427, 18937
1681424483186, 3723, 22660
1681424484187, 3944, 26604
1681424485187, 3516, 30120
1681424486188, 3747, 33867
1681424487188, 3961, 37828
1681424488189, 3598, 41426
1681424489189, 2645, 44071
1681424490190, 4089, 48160
1681424491190, 4007, 52167
1681424492192, 3421, 55588
1681424493204, 3836, 59424
1681424494205, 3838, 63262
1681424495206, 3999, 67261
1681424496206, 3636, 70897
1681424497208, 3511, 74408
1681424498209, 3886, 78294
1681424499209, 3806, 82100
1681424500210, 3941, 86041
1681424501211, 3394, 89435
1681424502211, 4091, 93526
1681424503212, 4037, 97563
1681424504212, 4012, 101575
1681424505213, 3115, 104690
1681424506213, 0, 104690
16:21:46,567 ERROR [main-EventThread] TopologyManager:465 - org.apache.zookeeper.KeeperException$SessionExpiredException: KeeperErrorCode = Session expired for /ringpaxos/topology1/learners
16:21:46,665 ERROR [main-EventThread] TopologyManager:465 - org.apache.zookeeper.KeeperException$SessionExpiredException: KeeperErrorCode = Session expired for /ringpaxos/topology1/nodes
16:21:46,666 ERROR [main-EventThread] RingManager:232 - org.apache.zookeeper.KeeperException$SessionExpiredException: KeeperErrorCode = Session expired for /ringpaxos/topology1/nodes
