17:19:39,114 INFO  [main] RawABListener:48 - Initing a RawABListener...
17:19:39,132 INFO  [main] Node:101 - PID: 29618
17:19:39,398 INFO  [main] NetworkManager:117 - NetworkManager tcp_nodelay: true
17:19:39,403 INFO  [main] NetworkManager:123 - NetworkManager tcp_crc: false
17:19:39,404 INFO  [main] NetworkManager:127 - NetworkManager buf_size: 2097152
17:19:39,428 INFO  [main] ElasticLearnerRole:93 - ElasticLearnerRole replication group 1
17:19:39,431 INFO  [main] ElasticLearnerRole:97 - ElasticLearnerRole initial ring 1
17:19:39,432 INFO  [main] ElasticLearnerRole:102 - ElasticLearnerRole deliver_skip_messages: enabled
17:19:39,436 INFO  [ElasticLearner] LearnerRole:102 - Learner recovery: disabled
17:19:39,438 INFO  [ElasticLearner] LearnerRole:108 - Learner auto_trim: disabled
17:19:39,444 INFO  [main-EventThread] RingManager:133 - RingManager ring 1 changed: [1, 2, 13] (succsessor: 1 at /10.10.1.3:2968)
17:19:39,492 INFO  [main-EventThread] RingManager:133 - RingManager ring 1 changed: [1, 2, 13, 14] (succsessor: 14 at /10.10.1.6:2010)
17:19:41,367 INFO  [main] Replica:169 - Token [0], ringId [null], nodeId [13], snapshot_modulo [0], zoo_host [null], path [null], embebedLog [false], useDiskDb [true] with simple constructor
1681427981370, 0, 0
Reading from stdin
1681427982371, 0, 0
1681427983371, 0, 0
1681427984372, 387, 387
1681427985372, 942, 1329
1681427986373, 889, 2218
1681427987374, 1075, 3293
1681427988377, 1002, 4295
1681427989378, 954, 5249
1681427990378, 982, 6231
1681427991379, 996, 7227
1681427992380, 986, 8213
1681427993381, 1017, 9230
1681427994381, 1012, 10242
1681427995382, 978, 11220
1681427996383, 989, 12209
1681427997384, 968, 13177
1681427998384, 1014, 14191
1681427999385, 999, 15190
1681428000385, 1011, 16201
1681428001386, 991, 17192
1681428002387, 1017, 18209
1681428003387, 1010, 19219
1681428004388, 942, 20161
1681428005389, 1038, 21199
1681428006390, 1011, 22210
1681428007390, 979, 23189
1681428008391, 996, 24185
1681428009391, 969, 25154
1681428010392, 965, 26119
1681428011395, 998, 27117
1681428012395, 1010, 28127
1681428013396, 629, 28756
1681428014396, 0, 28756
17:20:14,552 ERROR [main-EventThread] TopologyManager:465 - org.apache.zookeeper.KeeperException$SessionExpiredException: KeeperErrorCode = Session expired for /ringpaxos/topology1/nodes
17:20:14,650 ERROR [main-EventThread] RingManager:232 - org.apache.zookeeper.KeeperException$SessionExpiredException: KeeperErrorCode = Session expired for /ringpaxos/topology1/nodes
17:20:14,651 ERROR [main-EventThread] TopologyManager:465 - org.apache.zookeeper.KeeperException$SessionExpiredException: KeeperErrorCode = Session expired for /ringpaxos/topology1/learners
