17:19:39,168 INFO  [main] RawABListener:48 - Initing a RawABListener...
17:19:39,186 INFO  [main] Node:101 - PID: 26975
17:19:39,413 INFO  [main] NetworkManager:117 - NetworkManager tcp_nodelay: true
17:19:39,419 INFO  [main] NetworkManager:123 - NetworkManager tcp_crc: false
17:19:39,421 INFO  [main] NetworkManager:127 - NetworkManager buf_size: 2097152
17:19:39,447 INFO  [main] ElasticLearnerRole:93 - ElasticLearnerRole replication group 2
17:19:39,448 INFO  [main] ElasticLearnerRole:97 - ElasticLearnerRole initial ring 2
17:19:39,449 INFO  [main] ElasticLearnerRole:102 - ElasticLearnerRole deliver_skip_messages: enabled
17:19:39,452 INFO  [ElasticLearner] LearnerRole:102 - Learner recovery: disabled
17:19:39,455 INFO  [ElasticLearner] LearnerRole:108 - Learner auto_trim: disabled
17:19:39,459 INFO  [main-EventThread] RingManager:133 - RingManager ring 2 changed: [21, 22, 23, 24] (succsessor: 21 at /10.10.1.3:2228)
17:19:40,624 INFO  [main] Replica:169 - Token [0], ringId [null], nodeId [24], snapshot_modulo [0], zoo_host [null], path [null], embebedLog [false], useDiskDb [true] with simple constructor
1681427980625, 0, 0
Reading from stdin
1681427981626, 0, 0
1681427982626, 0, 0
1681427983627, 0, 0
1681427984627, 565, 565
1681427985628, 994, 1559
1681427986629, 995, 2554
1681427987629, 989, 3543
1681427988630, 1026, 4569
1681427989631, 907, 5476
1681427990631, 1063, 6539
1681427991632, 996, 7535
1681427992633, 1009, 8544
1681427993633, 1035, 9579
1681427994634, 960, 10539
1681427995634, 1037, 11576
1681427996635, 996, 12572
1681427997635, 995, 13567
1681427998636, 1011, 14578
1681427999637, 1001, 15579
1681428000637, 1016, 16595
1681428001638, 1035, 17630
1681428002638, 1016, 18646
1681428003639, 1016, 19662
1681428004639, 996, 20658
1681428005640, 1044, 21702
1681428006640, 983, 22685
1681428007641, 992, 23677
1681428008641, 991, 24668
1681428009642, 975, 25643
1681428010642, 998, 26641
1681428011642, 1021, 27662
1681428012642, 1044, 28706
1681428013643, 394, 29100
17:20:14,543 ERROR [main-EventThread] TopologyManager:465 - org.apache.zookeeper.KeeperException$SessionExpiredException: KeeperErrorCode = Session expired for /ringpaxos/topology2/nodes
17:20:14,642 ERROR [main-EventThread] RingManager:232 - org.apache.zookeeper.KeeperException$SessionExpiredException: KeeperErrorCode = Session expired for /ringpaxos/topology2/nodes
17:20:14,642 ERROR [main-EventThread] TopologyManager:465 - org.apache.zookeeper.KeeperException$SessionExpiredException: KeeperErrorCode = Session expired for /ringpaxos/topology2/learners
1681428014643, 0, 29100
