20:59:23,174 INFO  [main] RawABListener:48 - Initing a RawABListener...
20:59:23,184 INFO  [main] Node:101 - PID: 28178
20:59:23,443 INFO  [main] NetworkManager:117 - NetworkManager tcp_nodelay: true
20:59:23,450 INFO  [main] NetworkManager:123 - NetworkManager tcp_crc: false
20:59:23,450 INFO  [main] NetworkManager:127 - NetworkManager buf_size: 2097152
20:59:23,481 INFO  [main] ElasticLearnerRole:93 - ElasticLearnerRole replication group 2
20:59:23,482 INFO  [main] ElasticLearnerRole:97 - ElasticLearnerRole initial ring 2
20:59:23,483 INFO  [main] ElasticLearnerRole:102 - ElasticLearnerRole deliver_skip_messages: enabled
20:59:23,487 INFO  [ElasticLearner] LearnerRole:102 - Learner recovery: disabled
20:59:23,490 INFO  [ElasticLearner] LearnerRole:108 - Learner auto_trim: disabled
20:59:23,492 INFO  [main-EventThread] RingManager:133 - RingManager ring 2 changed: [21, 22, 24] (succsessor: 21 at /155.98.36.29:2730)
20:59:23,517 INFO  [main] Replica:181 - Token [0], ringId [null], nodeId [24], snapshot_modulo [0], zoo_host [null], path [null], embebedLog [false], useDiskDb [false] with simple constructor
1710298763518, 0, 0
Reading from stdin
20:59:23,729 INFO  [main-EventThread] RingManager:133 - RingManager ring 2 changed: [21, 22, 23, 24] (succsessor: 21 at /155.98.36.29:2730)
1710298764519, 0, 0
1710298765519, 0, 0
1710298766520, 0, 0
20:59:27,282 INFO  [main-EventThread] RingManager:133 - RingManager ring 2 changed: [5, 21, 22, 23, 24] (succsessor: 5 at /10.10.1.6:2624)
1710298767520, 0, 0
1710298768521, 1548, 1548
1710298769521, 43647, 45195
1710298770522, 62089, 107284
1710298771523, 53968, 161252
1710298772524, 44430, 205682
1710298773526, 41530, 247212
1710298774530, 45133, 292345
1710298775531, 46058, 338403
1710298776531, 48706, 387109
1710298777532, 46339, 433448
1710298778533, 49429, 482877
1710298779585, 52359, 535236
1710298780585, 76056, 611292
1710298781586, 65980, 677272
1710298782587, 54858, 732130
1710298783588, 64294, 796424
1710298784589, 52351, 848775
1710298785590, 26086, 874861
1710298786590, 54625, 929486
1710298787591, 73429, 1002915
1710298788592, 71109, 1074024
1710298789650, 42069, 1116093
1710298790657, 74232, 1190325
1710298791658, 57409, 1247734
1710298792658, 47551, 1295285
1710298793659, 55643, 1350928
1710298794659, 69198, 1420126
1710298795660, 48685, 1468811
1710298796663, 25271, 1494082
1710298797663, 32536, 1526618
1710298798664, 55000, 1581618
1710298799665, 74872, 1656490
1710298800665, 17709, 1674199
1710298801666, 0, 1674199
1710298802666, 11, 1674210
1710298803667, 18, 1674228
1710298804667, 0, 1674228
21:00:05,042 ERROR [main-EventThread] RingManager:232 - org.apache.zookeeper.KeeperException$SessionExpiredException: KeeperErrorCode = Session expired for /ringpaxos/topology2/nodes
21:00:05,137 ERROR [main-EventThread] TopologyManager:465 - org.apache.zookeeper.KeeperException$SessionExpiredException: KeeperErrorCode = Session expired for /ringpaxos/topology2/learners
21:00:05,146 ERROR [main-EventThread] TopologyManager:465 - org.apache.zookeeper.KeeperException$SessionExpiredException: KeeperErrorCode = Session expired for /ringpaxos/topology2/nodes
21:00:05,147 ERROR [main-EventThread] RingManager:232 - org.apache.zookeeper.KeeperException$SessionExpiredException: KeeperErrorCode = Session expired for /ringpaxos/topology2/nodes
1710298805668, 0, 1674228
1710298806668, 0, 1674228
1710298807669, 0, 1674228
