19:32:15,303 INFO  [main] RawABListener:48 - Initing a RawABListener...
19:32:15,314 INFO  [main] Node:101 - PID: 13270
19:32:15,535 INFO  [main] NetworkManager:117 - NetworkManager tcp_nodelay: true
19:32:15,540 INFO  [main] NetworkManager:123 - NetworkManager tcp_crc: false
19:32:15,541 INFO  [main] NetworkManager:127 - NetworkManager buf_size: 2097152
19:32:15,563 INFO  [main] ElasticLearnerRole:93 - ElasticLearnerRole replication group 1
19:32:15,565 INFO  [main] ElasticLearnerRole:97 - ElasticLearnerRole initial ring 1
19:32:15,566 INFO  [main] ElasticLearnerRole:102 - ElasticLearnerRole deliver_skip_messages: enabled
19:32:15,572 INFO  [ElasticLearner] LearnerRole:102 - Learner recovery: disabled
19:32:15,574 INFO  [ElasticLearner] LearnerRole:108 - Learner auto_trim: disabled
19:32:15,580 INFO  [main-EventThread] RingManager:133 - RingManager ring 1 changed: [1, 2, 13] (succsessor: 1 at /10.10.1.3:2784)
19:32:15,601 INFO  [main] Replica:188 - Token [0], ringId [null], nodeId [13], snapshot_modulo [0], zoo_host [10.10.1.1], pathPrefix[/media/disk1/], path [/media/disk1/d725e4e2-4943-4c25-82e0-6248fca4e5e8], embebedLog [false], useDiskDb [false] with complex constructor
1710898335602, 0, 0
Reading from stdin
19:32:15,713 INFO  [main-EventThread] RingManager:133 - RingManager ring 1 changed: [1, 2, 13, 14] (succsessor: 14 at /10.10.1.6:2100)
1710898336602, 0, 0
1710898337603, 0, 0
1710898338603, 0, 0
1710898339603, 0, 0
1710898340604, 2958, 2958
1710898341604, 51596, 54554
1710898342605, 59216, 113770
1710898343605, 46420, 160190
1710898344606, 34910, 195100
1710898345606, 31413, 226513
1710898346607, 11278, 237791
1710898347608, 12661, 250452
1710898348608, 12528, 262980
1710898349609, 12366, 275346
1710898350609, 15347, 290693
1710898351610, 64456, 355149
1710898352610, 69381, 424530
1710898353611, 70267, 494797
1710898354611, 59440, 554237
1710898355612, 56892, 611129
1710898356612, 83692, 694821
1710898357613, 79726, 774547
1710898358614, 70519, 845066
1710898359614, 73924, 918990
1710898360615, 46149, 965139
1710898361616, 46763, 1011902
1710898362616, 52918, 1064820
1710898363617, 53239, 1118059
1710898364617, 66510, 1184569
1710898365618, 91625, 1276194
1710898366619, 59067, 1335261
1710898367620, 89815, 1425076
1710898368621, 62598, 1487674
1710898369621, 89145, 1576819
1710898370622, 18432, 1595251
1710898371622, 598, 1595849
1710898372622, 0, 1595849
1710898373623, 0, 1595849
1710898374623, 0, 1595849
1710898375624, 0, 1595849
1710898376624, 18, 1595867
1710898377624, 0, 1595867
1710898378625, 0, 1595867
1710898379625, 0, 1595867
1710898380625, 41, 1595908
19:33:01,269 ERROR [main-EventThread] TopologyManager:465 - org.apache.zookeeper.KeeperException$SessionExpiredException: KeeperErrorCode = Session expired for /ringpaxos/topology1/nodes
19:33:01,368 ERROR [main-EventThread] RingManager:232 - org.apache.zookeeper.KeeperException$SessionExpiredException: KeeperErrorCode = Session expired for /ringpaxos/topology1/nodes
19:33:01,369 ERROR [main-EventThread] TopologyManager:465 - org.apache.zookeeper.KeeperException$SessionExpiredException: KeeperErrorCode = Session expired for /ringpaxos/topology1/learners
1710898381626, 0, 1595908
