19:32:15,427 INFO  [main] RawABListener:48 - Initing a RawABListener...
19:32:15,446 INFO  [main] Node:101 - PID: 17159
19:32:15,689 INFO  [main] NetworkManager:117 - NetworkManager tcp_nodelay: true
19:32:15,694 INFO  [main] NetworkManager:123 - NetworkManager tcp_crc: false
19:32:15,695 INFO  [main] NetworkManager:127 - NetworkManager buf_size: 2097152
19:32:15,719 INFO  [main] ElasticLearnerRole:93 - ElasticLearnerRole replication group 1
19:32:15,720 INFO  [main] ElasticLearnerRole:97 - ElasticLearnerRole initial ring 1
19:32:15,721 INFO  [main] ElasticLearnerRole:102 - ElasticLearnerRole deliver_skip_messages: enabled
19:32:15,726 INFO  [ElasticLearner] LearnerRole:102 - Learner recovery: disabled
19:32:15,728 INFO  [ElasticLearner] LearnerRole:108 - Learner auto_trim: disabled
19:32:15,732 INFO  [main-EventThread] RingManager:133 - RingManager ring 1 changed: [1, 2, 13, 14] (succsessor: 1 at /10.10.1.3:2784)
19:32:15,753 INFO  [main] Replica:188 - Token [0], ringId [null], nodeId [14], snapshot_modulo [0], zoo_host [10.10.1.1], pathPrefix[/media/disk5/], path [/media/disk5/ae3055d2-daff-4203-8946-35b9f465d312], embebedLog [false], useDiskDb [false] with complex constructor
1710898335754, 0, 0
Reading from stdin
1710898336754, 0, 0
1710898337755, 0, 0
1710898338755, 0, 0
1710898339756, 0, 0
1710898340756, 8255, 8255
1710898341757, 54209, 62464
1710898342757, 62571, 125035
1710898343758, 40822, 165857
1710898344758, 35621, 201478
1710898345759, 25857, 227335
1710898346759, 12410, 239745
1710898347760, 12488, 252233
1710898348760, 12490, 264723
1710898349761, 12519, 277242
1710898350761, 19279, 296521
1710898351762, 63794, 360315
1710898352762, 71213, 431528
1710898353763, 75617, 507145
1710898354763, 55233, 562378
1710898355764, 61784, 624162
1710898356764, 83862, 708024
1710898357765, 52876, 760900
1710898358766, 81726, 842626
1710898359767, 83203, 925829
1710898360768, 44677, 970506
1710898361769, 49717, 1020223
1710898362769, 52889, 1073112
1710898363769, 52623, 1125735
1710898364770, 73306, 1199041
1710898365770, 68930, 1267971
1710898366771, 80547, 1348518
1710898367772, 63282, 1411800
1710898368773, 69892, 1481692
1710898369774, 87759, 1569451
1710898370774, 26289, 1595740
1710898371775, 109, 1595849
1710898372775, 0, 1595849
1710898373775, 0, 1595849
1710898374776, 0, 1595849
1710898375776, 18, 1595867
1710898376777, 0, 1595867
1710898377777, 0, 1595867
1710898378777, 0, 1595867
1710898379778, 41, 1595908
1710898380778, 0, 1595908
19:33:01,267 ERROR [main-EventThread] TopologyManager:465 - org.apache.zookeeper.KeeperException$SessionExpiredException: KeeperErrorCode = Session expired for /ringpaxos/topology1/nodes
19:33:01,367 ERROR [main-EventThread] RingManager:232 - org.apache.zookeeper.KeeperException$SessionExpiredException: KeeperErrorCode = Session expired for /ringpaxos/topology1/nodes
19:33:01,367 ERROR [main-EventThread] TopologyManager:465 - org.apache.zookeeper.KeeperException$SessionExpiredException: KeeperErrorCode = Session expired for /ringpaxos/topology1/learners
1710898381778, 0, 1595908
1710898382779, 0, 1595908
