20:33:02,538 INFO  [main] RawABListener:48 - Initing a RawABListener...
20:33:02,548 INFO  [main] Node:101 - PID: 27495
20:33:02,759 INFO  [main] NetworkManager:117 - NetworkManager tcp_nodelay: true
20:33:02,764 INFO  [main] NetworkManager:123 - NetworkManager tcp_crc: false
20:33:02,764 INFO  [main] NetworkManager:127 - NetworkManager buf_size: 2097152
20:33:02,795 INFO  [main] ElasticLearnerRole:93 - ElasticLearnerRole replication group 1
20:33:02,796 INFO  [main] ElasticLearnerRole:97 - ElasticLearnerRole initial ring 1
20:33:02,797 INFO  [main] ElasticLearnerRole:102 - ElasticLearnerRole deliver_skip_messages: enabled
20:33:02,801 INFO  [ElasticLearner] LearnerRole:102 - Learner recovery: disabled
20:33:02,803 INFO  [ElasticLearner] LearnerRole:108 - Learner auto_trim: disabled
20:33:02,806 INFO  [main-EventThread] RingManager:133 - RingManager ring 1 changed: [1, 2, 13, 14] (succsessor: 14 at /10.10.1.6:2910)
20:33:02,831 INFO  [main] Replica:188 - Token [0], ringId [null], nodeId [13], snapshot_modulo [0], zoo_host [10.10.1.1], pathPrefix[/media/disk1/], path [/media/disk1/b20d7bda-f6a4-4c8a-a80f-c5f4f0b0ff65], embebedLog [false], useDiskDb [false] with complex constructor
1710901982832, 0, 0
Reading from stdin
1710901983833, 0, 0
1710901984833, 0, 0
1710901985833, 0, 0
20:33:06,360 INFO  [main-EventThread] RingManager:133 - RingManager ring 1 changed: [1, 2, 4, 13, 14] (succsessor: 14 at /10.10.1.6:2910)
1710901986834, 0, 0
1710901987834, 2645, 2645
1710901988835, 26856, 29501
1710901989835, 31662, 61163
1710901990836, 33599, 94762
1710901991837, 26136, 120898
1710901992838, 33003, 153901
1710901993839, 32301, 186202
1710901994839, 36891, 223093
1710901995840, 34441, 257534
1710901996841, 36654, 294188
1710901997841, 36273, 330461
1710901998842, 35701, 366162
1710901999843, 33832, 399994
1710902000843, 33024, 433018
1710902001844, 34722, 467740
1710902002845, 35946, 503686
1710902003846, 35245, 538931
1710902004847, 35164, 574095
1710902005848, 33957, 608052
1710902006896, 33120, 641172
1710902007897, 33967, 675139
1710902008898, 34938, 710077
1710902009934, 36288, 746365
1710902010935, 37899, 784264
1710902011935, 34515, 818779
1710902012936, 36225, 855004
1710902013941, 29640, 884644
1710902014942, 35343, 919987
1710902015943, 36153, 956140
1710902016944, 36604, 992744
1710902017945, 26552, 1019296
1710902018945, 2164, 1021460
1710902019946, 0, 1021460
1710902020946, 0, 1021460
1710902021947, 0, 1021460
1710902022947, 0, 1021460
1710902023948, 99, 1021559
1710902024948, 0, 1021559
1710902025949, 99, 1021658
1710902026949, 0, 1021658
1710902027949, 216, 1021874
20:33:48,668 ERROR [main-EventThread] RingManager:232 - org.apache.zookeeper.KeeperException$SessionExpiredException: KeeperErrorCode = Session expired for /ringpaxos/topology1/nodes
20:33:48,767 ERROR [main-EventThread] TopologyManager:465 - org.apache.zookeeper.KeeperException$SessionExpiredException: KeeperErrorCode = Session expired for /ringpaxos/topology1/learners
20:33:48,768 ERROR [main-EventThread] TopologyManager:465 - org.apache.zookeeper.KeeperException$SessionExpiredException: KeeperErrorCode = Session expired for /ringpaxos/topology1/nodes
20:33:48,775 ERROR [main-EventThread] RingManager:232 - org.apache.zookeeper.KeeperException$SessionExpiredException: KeeperErrorCode = Session expired for /ringpaxos/topology1/nodes
1710902028950, 0, 1021874
1710902029950, 0, 1021874
1710902030951, 0, 1021874
