00:10:59,446 INFO  [main] RawABListener:48 - Initing a RawABListener...
00:10:59,459 INFO  [main] Node:101 - PID: 71833
00:10:59,674 INFO  [main] NetworkManager:117 - NetworkManager tcp_nodelay: true
00:10:59,678 INFO  [main] NetworkManager:123 - NetworkManager tcp_crc: false
00:10:59,679 INFO  [main] NetworkManager:127 - NetworkManager buf_size: 2097152
00:10:59,698 INFO  [main] ElasticLearnerRole:93 - ElasticLearnerRole replication group 2
00:10:59,699 INFO  [main] ElasticLearnerRole:97 - ElasticLearnerRole initial ring 2
00:10:59,700 INFO  [main] ElasticLearnerRole:102 - ElasticLearnerRole deliver_skip_messages: enabled
00:10:59,708 INFO  [ElasticLearner] LearnerRole:102 - Learner recovery: disabled
00:10:59,710 INFO  [ElasticLearner] LearnerRole:108 - Learner auto_trim: disabled
00:10:59,715 INFO  [main-EventThread] RingManager:133 - RingManager ring 2 changed: [21, 22, 23, 24] (succsessor: 21 at /10.10.1.3:2540)
00:10:59,737 INFO  [main] Replica:188 - Token [0], ringId [null], nodeId [24], snapshot_modulo [0], zoo_host [10.10.1.1], pathPrefix[/media/disk6/], path [/media/disk6/ea38b01e-ffad-45e1-8833-8b4502cbc401], embebedLog [false], useDiskDb [false] with complex constructor
1710915059737, 0, 0
Reading from stdin
1710915060738, 0, 0
1710915061738, 0, 0
1710915062739, 0, 0
1710915063739, 0, 0
1710915064740, 810, 810
1710915065740, 23841, 24651
1710915066741, 33633, 58284
1710915067741, 34598, 92882
1710915068741, 29170, 122052
1710915069742, 33741, 155793
1710915070743, 34749, 190542
1710915071743, 37107, 227649
1710915072744, 35496, 263145
1710915073745, 35541, 298686
1710915074747, 35802, 334488
1710915075748, 31407, 365895
1710915076749, 41547, 407442
1710915077749, 35935, 443377
1710915078750, 35012, 478389
1710915079752, 36298, 514687
1710915080752, 36018, 550705
1710915081753, 35874, 586579
1710915082757, 37323, 623902
1710915083758, 37314, 661216
1710915084759, 38007, 699223
1710915085760, 38034, 737257
1710915086761, 35740, 772997
1710915087762, 37818, 810815
1710915088762, 36562, 847377
1710915089763, 36078, 883455
1710915090764, 36846, 920301
1710915091764, 36617, 956918
1710915092765, 34086, 991004
1710915093766, 34859, 1025863
1710915094767, 23682, 1049545
1710915095771, 7312, 1056857
1710915096772, 234, 1057091
1710915097772, 0, 1057091
1710915098773, 0, 1057091
1710915099773, 0, 1057091
1710915100774, 612, 1057703
1710915101786, 0, 1057703
00:11:41,795 INFO  [main-EventThread] RingManager:133 - RingManager ring 2 changed: [21, 24] (succsessor: 21 at /10.10.1.3:2540)
00:11:41,807 ERROR [main-EventThread] TopologyManager:465 - org.apache.zookeeper.KeeperException$SessionExpiredException: KeeperErrorCode = Session expired for /ringpaxos/topology2/learners
00:11:41,905 ERROR [main-EventThread] TopologyManager:465 - org.apache.zookeeper.KeeperException$SessionExpiredException: KeeperErrorCode = Session expired for /ringpaxos/topology2/nodes
00:11:41,906 ERROR [main-EventThread] RingManager:232 - org.apache.zookeeper.KeeperException$SessionExpiredException: KeeperErrorCode = Session expired for /ringpaxos/topology2/nodes
1710915102786, 0, 1057703
