12:04:59,414 INFO  [main] RawABListener:48 - Initing a RawABListener...
12:04:59,422 INFO  [main] Node:101 - PID: 25905
12:04:59,611 INFO  [main] NetworkManager:117 - NetworkManager tcp_nodelay: true
12:04:59,616 INFO  [main] NetworkManager:123 - NetworkManager tcp_crc: false
12:04:59,616 INFO  [main] NetworkManager:127 - NetworkManager buf_size: 2097152
12:04:59,634 INFO  [main] ElasticLearnerRole:93 - ElasticLearnerRole replication group 1
12:04:59,635 INFO  [main] ElasticLearnerRole:97 - ElasticLearnerRole initial ring 1
12:04:59,636 INFO  [main] ElasticLearnerRole:102 - ElasticLearnerRole deliver_skip_messages: enabled
12:04:59,644 INFO  [ElasticLearner] LearnerRole:102 - Learner recovery: disabled
12:04:59,646 INFO  [ElasticLearner] LearnerRole:108 - Learner auto_trim: disabled
12:04:59,655 INFO  [main-EventThread] RingManager:133 - RingManager ring 1 changed: [1, 13, 14] (succsessor: 1 at /10.10.1.2:2809)
12:04:59,667 INFO  [main] Replica:165 - Token [0], ringId [null], nodeId [14], snapshot_modulo [0], zoo_host [null], path [null], embebedLog [true], useDiskDb [false] with simple constructor
1670180699668, 0, 0
Reading from stdin
12:04:59,779 INFO  [main-EventThread] RingManager:133 - RingManager ring 1 changed: [1, 13, 14, 15] (succsessor: 15 at /10.10.1.7:2467)
1670180700668, 0, 0
1670180701669, 0, 0
1670180702669, 0, 0
1670180703670, 0, 0
12:05:04,539 INFO  [main-EventThread] RingManager:133 - RingManager ring 1 changed: [1, 2, 13, 14, 15] (succsessor: 15 at /10.10.1.7:2467)
1670180704670, 0, 0
1670180705670, 0, 0
1670180706671, 0, 0
1670180707671, 0, 0
1670180708672, 0, 0
1670180709672, 0, 0
1670180710672, 0, 0
1670180711673, 0, 0
1670180712673, 0, 0
1670180713674, 0, 0
1670180714674, 0, 0
1670180715674, 0, 0
1670180716675, 0, 0
1670180717675, 0, 0
1670180718675, 0, 0
1670180719676, 0, 0
1670180720676, 180, 180
1670180721676, 242, 422
1670180722677, 257, 679
1670180723677, 253, 932
1670180724678, 246, 1178
1670180725678, 254, 1432
1670180726678, 266, 1698
1670180727679, 256, 1954
1670180728679, 246, 2200
1670180729679, 258, 2458
1670180730680, 258, 2716
1670180731680, 252, 2968
1670180732680, 260, 3228
1670180733681, 244, 3472
1670180734681, 245, 3717
1670180735682, 263, 3980
1670180736682, 254, 4234
1670180737682, 243, 4477
1670180738683, 256, 4733
1670180739683, 255, 4988
1670180740683, 257, 5245
1670180741684, 249, 5494
1670180742684, 253, 5747
1670180743685, 246, 5993
1670180744685, 263, 6256
1670180745686, 238, 6494
1670180746686, 264, 6758
1670180747687, 248, 7006
1670180748687, 259, 7265
1670180749687, 255, 7520
1670180750687, 257, 7777
1670180751688, 246, 8023
1670180752688, 254, 8277
1670180753688, 269, 8546
1670180754689, 239, 8785
1670180755689, 248, 9033
1670180756689, 251, 9284
1670180757689, 260, 9544
1670180758690, 271, 9815
1670180759691, 254, 10069
1670180760691, 256, 10325
1670180761692, 260, 10585
1670180762692, 256, 10841
1670180763692, 242, 11083
1670180764693, 255, 11338
1670180765693, 253, 11591
1670180766693, 264, 11855
1670180767693, 250, 12105
1670180768694, 247, 12352
1670180769694, 250, 12602
1670180770694, 252, 12854
1670180771695, 248, 13102
1670180772695, 256, 13358
1670180773695, 262, 13620
1670180774695, 261, 13881
1670180775696, 252, 14133
1670180776696, 252, 14385
1670180777696, 256, 14641
1670180778697, 253, 14894
1670180779697, 259, 15153
1670180780697, 250, 15403
1670180781698, 262, 15665
1670180782698, 249, 15914
1670180783698, 258, 16172
1670180784699, 245, 16417
1670180785699, 248, 16665
1670180786699, 254, 16919
1670180787699, 246, 17165
1670180788700, 240, 17405
1670180789700, 249, 17654
1670180790700, 247, 17901
1670180791701, 249, 18150
1670180792701, 249, 18399
1670180793701, 245, 18644
1670180794701, 253, 18897
1670180795702, 243, 19140
1670180796702, 246, 19386
1670180797702, 250, 19636
1670180798702, 277, 19913
1670180799703, 256, 20169
1670180800703, 252, 20421
1670180801703, 251, 20672
1670180802704, 254, 20926
1670180803704, 259, 21185
1670180804704, 252, 21437
1670180805704, 251, 21688
1670180806705, 270, 21958
1670180807705, 252, 22210
1670180808705, 249, 22459
1670180809706, 85, 22544
1670180810707, 0, 22544
1670180811707, 0, 22544
1670180812707, 0, 22544
1670180813708, 0, 22544
1670180814708, 0, 22544
1670180815708, 0, 22544
1670180816708, 0, 22544
1670180817709, 0, 22544
12:06:58,007 INFO  [main-EventThread] RingManager:133 - RingManager ring 1 changed: [1, 2, 14, 15] (succsessor: 15 at /10.10.1.7:2467)
1670180818709, 0, 22544
1670180819709, 0, 22544
1670180820709, 0, 22544
1670180821709, 0, 22544
1670180822710, 0, 22544
1670180823710, 0, 22544
12:07:04,005 INFO  [main-EventThread] RingManager:133 - RingManager ring 1 changed: [2, 14, 15] (succsessor: 15 at /10.10.1.7:2467)
1670180824710, 0, 22544
1670180825710, 0, 22544
12:07:06,004 INFO  [main-EventThread] RingManager:133 - RingManager ring 1 changed: [14, 15] (succsessor: 15 at /10.10.1.7:2467)
1670180826711, 0, 22544
