18:33:06,855 INFO  [main] RawABListener:48 - Initing a RawABListener...
18:33:06,867 INFO  [main] Node:101 - PID: 28439
18:33:07,086 INFO  [main] NetworkManager:117 - NetworkManager tcp_nodelay: true
18:33:07,092 INFO  [main] NetworkManager:123 - NetworkManager tcp_crc: false
18:33:07,093 INFO  [main] NetworkManager:127 - NetworkManager buf_size: 2097152
18:33:07,124 INFO  [main] ElasticLearnerRole:93 - ElasticLearnerRole replication group 2
18:33:07,125 INFO  [main] ElasticLearnerRole:97 - ElasticLearnerRole initial ring 2
18:33:07,126 INFO  [main] ElasticLearnerRole:102 - ElasticLearnerRole deliver_skip_messages: enabled
18:33:07,131 INFO  [ElasticLearner] LearnerRole:102 - Learner recovery: disabled
18:33:07,133 INFO  [ElasticLearner] LearnerRole:108 - Learner auto_trim: disabled
18:33:07,136 INFO  [main-EventThread] RingManager:133 - RingManager ring 2 changed: [21, 22, 23, 24] (succsessor: 24 at /10.10.1.6:2280)
18:33:07,649 INFO  [main] Replica:172 - Token [0], ringId [null], nodeId [23], snapshot_modulo [0], zoo_host [null], path [null], embebedLog [false], useDiskDb [true] with simple constructor
1681605187651, 0, 0
Reading from stdin
1681605188652, 0, 0
1681605189652, 0, 0
1681605190653, 0, 0
1681605191653, 0, 0
18:33:11,822 INFO  [main-EventThread] RingManager:133 - RingManager ring 2 changed: [5, 21, 22, 23, 24] (succsessor: 24 at /10.10.1.6:2280)
18:33:11,926 INFO  [main-EventThread] RingManager:133 - RingManager ring 2 changed: [5, 6, 21, 22, 23, 24] (succsessor: 24 at /10.10.1.6:2280)
1681605192654, 734, 734
1681605193654, 1006, 1740
1681605194655, 996, 2736
1681605195656, 1032, 3768
1681605196656, 1013, 4781
1681605197657, 972, 5753
1681605198658, 1026, 6779
1681605199659, 1008, 7787
1681605200659, 1034, 8821
1681605201660, 1043, 9864
1681605202660, 1005, 10869
1681605203661, 1032, 11901
1681605204661, 1038, 12939
1681605205662, 1022, 13961
1681605206662, 1043, 15004
1681605207662, 1032, 16036
1681605208663, 1023, 17059
1681605209664, 1026, 18085
1681605210664, 1036, 19121
1681605211665, 1008, 20129
1681605212666, 1039, 21168
1681605213667, 1008, 22176
1681605214667, 1029, 23205
1681605215668, 993, 24198
1681605216668, 1007, 25205
1681605217668, 996, 26201
1681605218669, 1005, 27206
1681605219669, 1028, 28234
1681605220670, 1050, 29284
1681605221670, 351, 29635
18:33:42,541 ERROR [main-EventThread] RingManager:232 - org.apache.zookeeper.KeeperException$SessionExpiredException: KeeperErrorCode = Session expired for /ringpaxos/topology2/nodes
18:33:42,641 ERROR [main-EventThread] TopologyManager:465 - org.apache.zookeeper.KeeperException$SessionExpiredException: KeeperErrorCode = Session expired for /ringpaxos/topology2/learners
18:33:42,651 ERROR [main-EventThread] TopologyManager:465 - org.apache.zookeeper.KeeperException$SessionExpiredException: KeeperErrorCode = Session expired for /ringpaxos/topology2/nodes
18:33:42,652 ERROR [main-EventThread] RingManager:232 - org.apache.zookeeper.KeeperException$SessionExpiredException: KeeperErrorCode = Session expired for /ringpaxos/topology2/nodes
