18:33:06,663 INFO  [main] RawABListener:48 - Initing a RawABListener...
18:33:06,674 INFO  [main] Node:101 - PID: 21966
18:33:06,898 INFO  [main] NetworkManager:117 - NetworkManager tcp_nodelay: true
18:33:06,903 INFO  [main] NetworkManager:123 - NetworkManager tcp_crc: false
18:33:06,904 INFO  [main] NetworkManager:127 - NetworkManager buf_size: 2097152
18:33:06,929 INFO  [main] ElasticLearnerRole:93 - ElasticLearnerRole replication group 3
18:33:06,930 INFO  [main] ElasticLearnerRole:97 - ElasticLearnerRole initial ring 3
18:33:06,931 INFO  [main] ElasticLearnerRole:102 - ElasticLearnerRole deliver_skip_messages: enabled
18:33:06,935 INFO  [ElasticLearner] LearnerRole:102 - Learner recovery: disabled
18:33:06,937 INFO  [ElasticLearner] LearnerRole:108 - Learner auto_trim: disabled
18:33:06,939 INFO  [main-EventThread] RingManager:133 - RingManager ring 3 changed: [31, 32, 34] (succsessor: 31 at /10.10.1.3:2441)
18:33:07,128 INFO  [main-EventThread] RingManager:133 - RingManager ring 3 changed: [31, 32, 33, 34] (succsessor: 31 at /10.10.1.3:2441)
18:33:07,438 INFO  [main] Replica:172 - Token [0], ringId [null], nodeId [34], snapshot_modulo [0], zoo_host [null], path [null], embebedLog [false], useDiskDb [true] with simple constructor
1681605187439, 0, 0
Reading from stdin
1681605188440, 0, 0
1681605189440, 0, 0
1681605190441, 0, 0
1681605191441, 0, 0
18:33:12,064 ERROR [TCPListener] SessionHandler:104 - Error in SessionHandler during de-serializing!
java.lang.IndexOutOfBoundsException: Index 0 out of bounds for length 0
	at java.base/jdk.internal.util.Preconditions.outOfBounds(Preconditions.java:64)
	at java.base/jdk.internal.util.Preconditions.outOfBoundsCheckIndex(Preconditions.java:70)
	at java.base/jdk.internal.util.Preconditions.checkIndex(Preconditions.java:248)
	at java.base/java.util.Objects.checkIndex(Objects.java:373)
	at java.base/java.util.ArrayList.get(ArrayList.java:426)
	at ch.usi.da.paxos.ring.RingManager.getRingSuccessor(RingManager.java:169)
	at ch.usi.da.paxos.ring.NetworkManager.receive(NetworkManager.java:172)
	at ch.usi.da.paxos.ring.SessionHandler.handleReadable(SessionHandler.java:99)
	at ch.usi.da.paxos.ring.TCPListener.run(TCPListener.java:89)
	at java.base/java.lang.Thread.run(Thread.java:830)
18:33:12,064 INFO  [main-EventThread] RingManager:133 - RingManager ring 3 changed: [6, 31, 32, 33, 34] (succsessor: 6 at /10.10.1.6:2757)
18:33:12,156 INFO  [main-EventThread] RingManager:133 - RingManager ring 3 changed: [6, 7, 31, 32, 33, 34] (succsessor: 6 at /10.10.1.6:2757)
1681605192442, 406, 406
1681605193442, 988, 1394
1681605194443, 996, 2390
1681605195443, 998, 3388
1681605196453, 993, 4381
1681605197454, 1005, 5386
1681605198454, 982, 6368
1681605199455, 990, 7358
1681605200456, 1020, 8378
1681605201457, 1003, 9381
1681605202457, 1010, 10391
1681605203458, 1030, 11421
1681605204458, 1014, 12435
1681605205459, 988, 13423
1681605206459, 1013, 14436
1681605207460, 987, 15423
1681605208460, 994, 16417
1681605209461, 1015, 17432
1681605210461, 1024, 18456
1681605211462, 984, 19440
1681605212464, 1022, 20462
1681605213464, 985, 21447
1681605214464, 992, 22439
1681605215465, 1037, 23476
1681605216465, 996, 24472
1681605217466, 998, 25470
1681605218466, 1005, 26475
1681605219466, 1014, 27489
1681605220467, 1018, 28507
1681605221467, 578, 29085
1681605222468, 0, 29085
18:33:42,549 ERROR [main-EventThread] TopologyManager:465 - org.apache.zookeeper.KeeperException$SessionExpiredException: KeeperErrorCode = Session expired for /ringpaxos/topology3/nodes
18:33:42,651 ERROR [main-EventThread] RingManager:232 - org.apache.zookeeper.KeeperException$SessionExpiredException: KeeperErrorCode = Session expired for /ringpaxos/topology3/nodes
18:33:42,651 ERROR [main-EventThread] TopologyManager:465 - org.apache.zookeeper.KeeperException$SessionExpiredException: KeeperErrorCode = Session expired for /ringpaxos/topology3/learners
