08:21:53,363 INFO  [main] RawABListener:48 - Initing a RawABListener...
08:21:53,373 INFO  [main] Node:101 - PID: 133512
08:21:53,581 INFO  [main] NetworkManager:117 - NetworkManager tcp_nodelay: true
08:21:53,587 INFO  [main] NetworkManager:123 - NetworkManager tcp_crc: false
08:21:53,588 INFO  [main] NetworkManager:127 - NetworkManager buf_size: 2097152
08:21:53,611 INFO  [main] ElasticLearnerRole:93 - ElasticLearnerRole replication group 2
08:21:53,611 INFO  [main] ElasticLearnerRole:97 - ElasticLearnerRole initial ring 2
08:21:53,612 INFO  [main] ElasticLearnerRole:102 - ElasticLearnerRole deliver_skip_messages: enabled
08:21:53,619 INFO  [ElasticLearner] LearnerRole:102 - Learner recovery: disabled
08:21:53,620 INFO  [ElasticLearner] LearnerRole:108 - Learner auto_trim: disabled
08:21:53,624 INFO  [main-EventThread] RingManager:133 - RingManager ring 2 changed: [21, 22, 24] (succsessor: 21 at /155.98.36.29:2031)
08:21:53,759 INFO  [main-EventThread] RingManager:133 - RingManager ring 2 changed: [21, 22, 23, 24] (succsessor: 21 at /155.98.36.29:2031)
08:21:54,099 INFO  [main] Replica:188 - Token [0], ringId [null], nodeId [24], snapshot_modulo [0], zoo_host [10.10.1.1], pathPrefix[/media/disk6/], path [/media/disk6/e030f24d-e39a-4dec-8abd-80d04de168e5], embebedLog [true], useDiskDb [true] with complex constructor
1710339714100, 0, 0
Reading from stdin
1710339715100, 0, 0
1710339716101, 0, 0
1710339717101, 0, 0
1710339718102, 0, 0
1710339719102, 13397, 13397
1710339720103, 32810, 46207
1710339721104, 44742, 90949
1710339722105, 23990, 114939
1710339723106, 15792, 130731
1710339724106, 16347, 147078
1710339725107, 15850, 162928
1710339726108, 16184, 179112
1710339727108, 16409, 195521
1710339728109, 15541, 211062
1710339729109, 15770, 226832
1710339730115, 16013, 242845
1710339731116, 16007, 258852
1710339732117, 28964, 287816
1710339733117, 36085, 323901
1710339734118, 37248, 361149
1710339735118, 35295, 396444
1710339736120, 32995, 429439
1710339737190, 41682, 471121
1710339738190, 29774, 500895
1710339739191, 34351, 535246
1710339740192, 40098, 575344
1710339741192, 34545, 609889
1710339742193, 34693, 644582
1710339743193, 32962, 677544
1710339744194, 29632, 707176
1710339745197, 35794, 742970
1710339746197, 45332, 788302
1710339747198, 41475, 829777
1710339748198, 48450, 878227
1710339749199, 1322, 879549
08:22:29,525 ERROR [main-EventThread] TopologyManager:465 - org.apache.zookeeper.KeeperException$SessionExpiredException: KeeperErrorCode = Session expired for /ringpaxos/topology2/nodes
08:22:29,625 ERROR [main-EventThread] RingManager:232 - org.apache.zookeeper.KeeperException$SessionExpiredException: KeeperErrorCode = Session expired for /ringpaxos/topology2/nodes
08:22:29,626 ERROR [main-EventThread] TopologyManager:465 - org.apache.zookeeper.KeeperException$SessionExpiredException: KeeperErrorCode = Session expired for /ringpaxos/topology2/learners
1710339750199, 0, 879549
1710339751199, 0, 879549
