08:21:53,359 INFO  [main] RawABListener:48 - Initing a RawABListener...
08:21:53,368 INFO  [main] Node:101 - PID: 133511
08:21:53,588 INFO  [main] NetworkManager:117 - NetworkManager tcp_nodelay: true
08:21:53,593 INFO  [main] NetworkManager:123 - NetworkManager tcp_crc: false
08:21:53,594 INFO  [main] NetworkManager:127 - NetworkManager buf_size: 2097152
08:21:53,623 INFO  [main] ElasticLearnerRole:93 - ElasticLearnerRole replication group 1
08:21:53,624 INFO  [main] ElasticLearnerRole:97 - ElasticLearnerRole initial ring 1
08:21:53,625 INFO  [main] ElasticLearnerRole:102 - ElasticLearnerRole deliver_skip_messages: enabled
08:21:53,630 INFO  [ElasticLearner] LearnerRole:102 - Learner recovery: disabled
08:21:53,633 INFO  [ElasticLearner] LearnerRole:108 - Learner auto_trim: disabled
08:21:53,637 INFO  [main-EventThread] RingManager:133 - RingManager ring 1 changed: [1, 2, 14] (succsessor: 1 at /155.98.36.29:2324)
08:21:53,683 INFO  [main-EventThread] RingManager:133 - RingManager ring 1 changed: [1, 2, 13, 14] (succsessor: 1 at /155.98.36.29:2324)
08:21:54,014 INFO  [main] Replica:188 - Token [0], ringId [null], nodeId [14], snapshot_modulo [0], zoo_host [10.10.1.1], pathPrefix[/media/disk5/], path [/media/disk5/9fc0ca8e-09e7-4ccb-b816-4e8cc34bc108], embebedLog [true], useDiskDb [true] with complex constructor
1710339714015, 0, 0
Reading from stdin
1710339715016, 0, 0
1710339716016, 0, 0
1710339717017, 0, 0
1710339718017, 0, 0
1710339719018, 7423, 7423
1710339720018, 30858, 38281
1710339721019, 34765, 73046
1710339722021, 29144, 102190
1710339723022, 49058, 151248
1710339724024, 36545, 187793
1710339725025, 46905, 234698
1710339726025, 35726, 270424
1710339727026, 42492, 312916
1710339728026, 30958, 343874
1710339729027, 34604, 378478
1710339730027, 26810, 405288
1710339731028, 24589, 429877
1710339732029, 26154, 456031
1710339733030, 46635, 502666
1710339734030, 42780, 545446
1710339735031, 28851, 574297
1710339736031, 28383, 602680
1710339737032, 37501, 640181
1710339738032, 31759, 671940
1710339739033, 44018, 715958
1710339740033, 33718, 749676
1710339741185, 32576, 782252
1710339742185, 36928, 819180
1710339743190, 41327, 860507
1710339744191, 27452, 887959
1710339745192, 31066, 919025
1710339746192, 43713, 962738
1710339747193, 34439, 997177
1710339748194, 22856, 1020033
1710339749194, 0, 1020033
08:22:29,531 ERROR [main-EventThread] TopologyManager:465 - org.apache.zookeeper.KeeperException$SessionExpiredException: KeeperErrorCode = Session expired for /ringpaxos/topology1/nodes
08:22:29,628 ERROR [main-EventThread] RingManager:232 - org.apache.zookeeper.KeeperException$SessionExpiredException: KeeperErrorCode = Session expired for /ringpaxos/topology1/nodes
08:22:29,629 ERROR [main-EventThread] TopologyManager:465 - org.apache.zookeeper.KeeperException$SessionExpiredException: KeeperErrorCode = Session expired for /ringpaxos/topology1/learners
1710339750195, 0, 1020033
1710339751195, 0, 1020033
