05:47:55,687 INFO  [main] RawABListener:48 - Initing a RawABListener...
05:47:55,698 INFO  [main] Node:101 - PID: 93198
05:47:55,914 INFO  [main] NetworkManager:117 - NetworkManager tcp_nodelay: true
05:47:55,919 INFO  [main] NetworkManager:123 - NetworkManager tcp_crc: false
05:47:55,920 INFO  [main] NetworkManager:127 - NetworkManager buf_size: 2097152
05:47:55,943 INFO  [main] ElasticLearnerRole:93 - ElasticLearnerRole replication group 2
05:47:55,943 INFO  [main] ElasticLearnerRole:97 - ElasticLearnerRole initial ring 2
05:47:55,944 INFO  [main] ElasticLearnerRole:102 - ElasticLearnerRole deliver_skip_messages: enabled
05:47:55,949 INFO  [ElasticLearner] LearnerRole:102 - Learner recovery: disabled
05:47:55,950 INFO  [ElasticLearner] LearnerRole:108 - Learner auto_trim: disabled
05:47:55,955 INFO  [main-EventThread] RingManager:133 - RingManager ring 2 changed: [21, 22, 23] (succsessor: 21 at /155.98.36.29:2713)
05:47:55,979 INFO  [main] Replica:188 - Token [0], ringId [null], nodeId [23], snapshot_modulo [0], zoo_host [10.10.1.1], pathPrefix[/media/disk2/], path [/media/disk2/1956b456-201f-442e-bfd3-25e134d33447], embebedLog [false], useDiskDb [false] with complex constructor
1710330475979, 0, 0
Reading from stdin
05:47:56,110 INFO  [main-EventThread] RingManager:133 - RingManager ring 2 changed: [21, 22, 23, 24] (succsessor: 24 at /10.10.1.6:2248)
1710330476980, 0, 0
1710330477981, 0, 0
1710330478981, 0, 0
1710330479981, 0, 0
1710330480982, 396, 396
1710330481982, 42906, 43302
1710330482983, 37818, 81120
1710330483984, 31031, 112151
1710330484985, 25795, 137946
1710330485986, 25910, 163856
1710330486987, 26216, 190072
1710330487987, 26953, 217025
1710330488988, 27218, 244243
1710330489989, 26618, 270861
1710330490989, 26095, 296956
1710330491989, 55320, 352276
1710330492990, 56401, 408677
1710330493991, 57888, 466565
1710330494991, 54233, 520798
1710330495992, 55634, 576432
1710330496993, 56403, 632835
1710330498101, 50389, 683224
1710330499102, 53765, 736989
1710330500103, 54340, 791329
1710330501104, 55576, 846905
1710330502216, 50943, 897848
1710330503218, 54555, 952403
1710330504219, 55710, 1008113
1710330505220, 51955, 1060068
1710330506220, 54035, 1114103
1710330507221, 39073, 1153176
1710330508222, 71573, 1224749
1710330509222, 55848, 1280597
1710330510223, 53222, 1333819
1710330511223, 48516, 1382335
1710330512224, 54, 1382389
1710330513224, 0, 1382389
1710330514225, 0, 1382389
1710330515225, 63, 1382452
1710330516226, 0, 1382452
1710330517226, 0, 1382452
1710330518226, 0, 1382452
1710330519227, 0, 1382452
1710330520227, 191, 1382643
1710330521227, 0, 1382643
05:48:41,766 ERROR [TCPListener] SessionHandler:120 - Error in SessionHandler during reading!
java.nio.channels.ClosedSelectorException
	at java.base/sun.nio.ch.EPollSelectorImpl.ensureOpen(EPollSelectorImpl.java:98)
	at java.base/sun.nio.ch.EPollSelectorImpl.setEventOps(EPollSelectorImpl.java:243)
	at java.base/sun.nio.ch.SelectionKeyImpl.interestOps(SelectionKeyImpl.java:101)
	at ch.usi.da.paxos.ring.SessionHandler.handleReadable(SessionHandler.java:68)
	at ch.usi.da.paxos.ring.TCPListener.run(TCPListener.java:89)
	at java.base/java.lang.Thread.run(Thread.java:830)
05:48:41,771 INFO  [main-EventThread] RingManager:133 - RingManager ring 2 changed: [21, 23] (succsessor: 21 at /155.98.36.29:2713)
05:48:41,778 ERROR [main-EventThread] TopologyManager:465 - org.apache.zookeeper.KeeperException$SessionExpiredException: KeeperErrorCode = Session expired for /ringpaxos/topology2/learners
05:48:41,879 ERROR [main-EventThread] TopologyManager:465 - org.apache.zookeeper.KeeperException$SessionExpiredException: KeeperErrorCode = Session expired for /ringpaxos/topology2/nodes
05:48:41,880 ERROR [main-EventThread] RingManager:232 - org.apache.zookeeper.KeeperException$SessionExpiredException: KeeperErrorCode = Session expired for /ringpaxos/topology2/nodes
1710330522228, 0, 1382643
