15:23:03,475 INFO  [main] RawABListener:48 - Initing a RawABListener...
15:23:03,484 INFO  [main] Node:101 - PID: 32355
15:23:03,652 INFO  [main] NetworkManager:117 - NetworkManager tcp_nodelay: true
15:23:03,656 INFO  [main] NetworkManager:123 - NetworkManager tcp_crc: false
15:23:03,657 INFO  [main] NetworkManager:127 - NetworkManager buf_size: 2097152
15:23:03,674 INFO  [main] ElasticLearnerRole:93 - ElasticLearnerRole replication group 1
15:23:03,675 INFO  [main] ElasticLearnerRole:97 - ElasticLearnerRole initial ring 1
15:23:03,676 INFO  [main] ElasticLearnerRole:102 - ElasticLearnerRole deliver_skip_messages: enabled
15:23:03,684 INFO  [ElasticLearner] LearnerRole:102 - Learner recovery: disabled
15:23:03,686 INFO  [ElasticLearner] LearnerRole:108 - Learner auto_trim: disabled
15:23:03,697 INFO  [main-EventThread] RingManager:133 - RingManager ring 1 changed: [2, 13, 14, 15] (succsessor: 15 at /10.10.1.7:2357)
15:23:03,702 INFO  [main-EventThread] RingManager:133 - RingManager ring 1 changed: [1, 2, 13, 14, 15] (succsessor: 15 at /10.10.1.7:2357)
15:23:03,706 INFO  [main] Replica:165 - Token [0], ringId [null], nodeId [14], snapshot_modulo [0], zoo_host [null], path [null], embebedLog [false], useDiskDb [false] with simple constructor
1670192583707, 0, 0
Reading from stdin
1670192584707, 0, 0
1670192585707, 0, 0
1670192586708, 0, 0
1670192587708, 0, 0
1670192588709, 0, 0
1670192589709, 54, 54
1670192590709, 59, 113
1670192591710, 60, 173
1670192592710, 60, 233
1670192593710, 62, 295
15:23:14,180 INFO  [main-EventThread] RingManager:133 - RingManager ring 1 changed: [1, 2, 4, 13, 14, 15] (succsessor: 15 at /10.10.1.7:2357)
15:23:14,228 ERROR [TCPListener] LearnerRole:219 - Learner received decision without value! [Decision from:2 to:Learner instance:323 ballot:11 v_ballot:0 value:<none> (887722044498701)]
1670192594711, 38, 333
15:23:14,923 INFO  [main-EventThread] RingManager:133 - RingManager ring 1 changed: [1, 2, 4, 5, 13, 14, 15] (succsessor: 15 at /10.10.1.7:2357)
15:23:14,943 ERROR [TCPListener] LearnerRole:219 - Learner received decision without value! [Decision from:2 to:Learner instance:343 ballot:11 v_ballot:0 value:<none> (887729329313831)]
1670192595711, 22, 355
1670192596711, 66, 421
1670192597712, 59, 480
1670192598712, 58, 538
1670192599712, 62, 600
1670192600713, 57, 657
1670192601713, 66, 723
1670192602713, 59, 782
1670192603714, 67, 849
1670192604714, 67, 916
1670192605714, 64, 980
1670192606715, 63, 1043
1670192607715, 60, 1103
1670192608715, 63, 1166
1670192609716, 59, 1225
1670192610716, 61, 1286
1670192611716, 64, 1350
1670192612717, 57, 1407
1670192613717, 62, 1469
1670192614717, 58, 1527
1670192615717, 62, 1589
1670192616718, 66, 1655
1670192617718, 62, 1717
1670192618718, 56, 1773
1670192619719, 65, 1838
1670192620719, 64, 1902
1670192621719, 66, 1968
1670192622720, 66, 2034
1670192623720, 62, 2096
1670192624720, 59, 2155
1670192625721, 65, 2220
1670192626721, 63, 2283
1670192627721, 58, 2341
1670192628721, 59, 2400
1670192629722, 65, 2465
1670192630722, 58, 2523
1670192631722, 63, 2586
1670192632722, 62, 2648
1670192633723, 63, 2711
1670192634723, 59, 2770
1670192635723, 65, 2835
1670192636724, 58, 2893
1670192637724, 63, 2956
1670192638724, 66, 3022
1670192639724, 63, 3085
1670192640732, 69, 3154
1670192641732, 66, 3220
1670192642733, 59, 3279
1670192643733, 71, 3350
1670192644733, 65, 3415
1670192645733, 67, 3482
1670192646734, 70, 3552
1670192647734, 64, 3616
1670192648734, 64, 3680
1670192649735, 59, 3739
1670192650735, 63, 3802
1670192651735, 60, 3862
1670192652735, 65, 3927
1670192653736, 65, 3992
1670192654736, 63, 4055
1670192655736, 62, 4117
1670192656736, 64, 4181
1670192657737, 69, 4250
1670192658737, 63, 4313
1670192659737, 62, 4375
1670192660737, 64, 4439
1670192661738, 63, 4502
1670192662738, 62, 4564
1670192663738, 61, 4625
1670192664738, 63, 4688
1670192665739, 63, 4751
1670192666739, 59, 4810
1670192667739, 60, 4870
1670192668739, 68, 4938
1670192669740, 67, 5005
1670192670740, 63, 5068
1670192671740, 61, 5129
1670192672740, 59, 5188
1670192673741, 61, 5249
1670192674741, 59, 5308
1670192675741, 66, 5374
1670192676742, 62, 5436
1670192677742, 60, 5496
1670192678742, 19, 5515
1670192679742, 0, 5515
1670192680743, 0, 5515
1670192681743, 0, 5515
1670192682743, 0, 5515
1670192683743, 0, 5515
1670192684744, 0, 5515
1670192685744, 0, 5515
15:24:46,005 INFO  [main-EventThread] RingManager:133 - RingManager ring 1 changed: [1, 2, 4, 5, 14, 15] (succsessor: 15 at /10.10.1.7:2357)
1670192686744, 0, 5515
1670192687745, 0, 5515
15:24:48,004 INFO  [main-EventThread] RingManager:133 - RingManager ring 1 changed: [1, 2, 4, 14, 15] (succsessor: 15 at /10.10.1.7:2357)
1670192688745, 0, 5515
1670192689745, 0, 5515
1670192690745, 0, 5515
1670192691746, 0, 5515
15:24:52,006 INFO  [main-EventThread] RingManager:133 - RingManager ring 1 changed: [2, 4, 14, 15] (succsessor: 15 at /10.10.1.7:2357)
1670192692746, 0, 5515
1670192693746, 0, 5515
1670192694746, 0, 5515
1670192695747, 0, 5515
15:24:56,005 INFO  [main-EventThread] RingManager:133 - RingManager ring 1 changed: [4, 14, 15] (succsessor: 15 at /10.10.1.7:2357)
