20:26:39,777 INFO  [main] RawABListener:48 - Initing a RawABListener...
20:26:39,786 INFO  [main] Node:101 - PID: 7713
20:26:40,001 INFO  [main] NetworkManager:117 - NetworkManager tcp_nodelay: true
20:26:40,005 INFO  [main] NetworkManager:123 - NetworkManager tcp_crc: false
20:26:40,006 INFO  [main] NetworkManager:127 - NetworkManager buf_size: 2097152
20:26:40,026 INFO  [main] ElasticLearnerRole:93 - ElasticLearnerRole replication group 1
20:26:40,026 INFO  [main] ElasticLearnerRole:97 - ElasticLearnerRole initial ring 1
20:26:40,027 INFO  [main] ElasticLearnerRole:102 - ElasticLearnerRole deliver_skip_messages: enabled
20:26:40,032 INFO  [ElasticLearner] LearnerRole:102 - Learner recovery: disabled
20:26:40,034 INFO  [ElasticLearner] LearnerRole:108 - Learner auto_trim: disabled
20:26:40,040 INFO  [main-EventThread] RingManager:133 - RingManager ring 1 changed: [14] (succsessor: 14 at /10.10.1.6:2592)
20:26:40,057 INFO  [main] Replica:165 - Token [0], ringId [null], nodeId [14], snapshot_modulo [0], zoo_host [null], path [null], embebedLog [false], useDiskDb [false] with simple constructor
1670124400058, 0, 0
Reading from stdin
20:26:40,105 INFO  [main-EventThread] RingManager:133 - RingManager ring 1 changed: [13, 14] (succsessor: 13 at /10.10.1.5:2839)
20:26:40,140 INFO  [main-EventThread] RingManager:133 - RingManager ring 1 changed: [13, 14, 15] (succsessor: 15 at /10.10.1.7:2610)
20:26:40,244 INFO  [main-EventThread] RingManager:133 - RingManager ring 1 changed: [2, 13, 14, 15] (succsessor: 15 at /10.10.1.7:2610)
20:26:40,789 INFO  [main-EventThread] RingManager:133 - RingManager ring 1 changed: [1, 2, 13, 14, 15] (succsessor: 15 at /10.10.1.7:2610)
1670124401058, 0, 0
1670124402058, 0, 0
1670124403059, 0, 0
1670124404059, 0, 0
1670124405060, 0, 0
1670124406060, 17739, 17739
1670124407061, 24993, 42732
1670124408061, 25254, 67986
1670124409062, 24750, 92736
1670124410064, 17863, 110599
1670124411064, 23535, 134134
1670124412065, 23546, 157680
1670124413065, 23850, 181530
1670124414066, 23706, 205236
1670124415066, 28332, 233568
1670124416066, 32054, 265622
1670124417067, 32103, 297725
1670124418067, 31477, 329202
1670124419068, 31365, 360567
1670124420068, 31923, 392490
1670124421069, 28717, 421207
1670124422070, 20448, 441655
1670124423070, 21908, 463563
1670124424070, 21045, 484608
1670124425071, 21860, 506468
1670124426071, 22623, 529091
1670124427072, 32239, 561330
1670124428072, 33363, 594693
1670124429072, 31749, 626442
1670124430073, 30661, 657103
1670124431073, 29632, 686735
1670124432074, 30222, 716957
1670124433075, 30211, 747168
1670124434075, 27829, 774997
1670124435076, 26556, 801553
1670124436076, 27314, 828867
1670124437077, 27983, 856850
1670124438077, 25493, 882343
1670124439078, 29916, 912259
1670124440078, 30055, 942314
1670124441078, 32931, 975245
1670124442079, 31392, 1006637
1670124443079, 31032, 1037669
1670124444080, 29759, 1067428
1670124445080, 29943, 1097371
1670124446081, 28915, 1126286
1670124447081, 29986, 1156272
1670124448081, 30932, 1187204
1670124449082, 28770, 1215974
1670124450083, 31675, 1247649
1670124451083, 29841, 1277490
1670124452083, 31401, 1308891
1670124453084, 31338, 1340229
1670124454084, 31316, 1371545
1670124455086, 26666, 1398211
1670124456089, 27440, 1425651
1670124457122, 27198, 1452849
1670124458122, 30677, 1483526
1670124459123, 27067, 1510593
1670124460123, 31716, 1542309
1670124461124, 33354, 1575663
1670124462124, 31122, 1606785
1670124463124, 33108, 1639893
1670124464125, 33210, 1673103
1670124465125, 32348, 1705451
1670124466126, 33192, 1738643
1670124467126, 31611, 1770254
1670124468127, 33317, 1803571
1670124469127, 33174, 1836745
1670124470127, 31653, 1868398
1670124471128, 33260, 1901658
1670124472128, 32958, 1934616
1670124473129, 32823, 1967439
1670124474129, 31274, 1998713
1670124475129, 32823, 2031536
1670124476130, 33288, 2064824
1670124477131, 31232, 2096056
1670124478131, 33147, 2129203
1670124479132, 32742, 2161945
1670124480132, 32879, 2194824
1670124481133, 28818, 2223642
1670124482133, 29546, 2253188
1670124483134, 31008, 2284196
1670124484134, 30933, 2315129
1670124485135, 31167, 2346296
1670124486135, 26459, 2372755
1670124487136, 30779, 2403534
1670124488136, 31068, 2434602
1670124489136, 30994, 2465596
1670124490137, 29130, 2494726
1670124491137, 30717, 2525443
1670124492138, 30924, 2556367
1670124493138, 30795, 2587162
1670124494218, 30333, 2617495
1670124495219, 26188, 2643683
1670124496219, 0, 2643683
1670124497219, 0, 2643683
1670124498220, 0, 2643683
1670124499220, 0, 2643683
1670124500220, 9, 2643692
1670124501220, 0, 2643692
1670124502221, 0, 2643692
1670124503221, 0, 2643692
1670124504221, 0, 2643692
1670124505221, 0, 2643692
1670124506222, 0, 2643692
1670124507222, 0, 2643692
20:28:28,006 INFO  [main-EventThread] RingManager:133 - RingManager ring 1 changed: [1, 2, 14, 15] (succsessor: 15 at /10.10.1.7:2610)
1670124508222, 0, 2643692
1670124509223, 0, 2643692
1670124510223, 0, 2643692
1670124511223, 0, 2643692
1670124512224, 0, 2643692
1670124513224, 0, 2643692
20:28:34,005 INFO  [main-EventThread] RingManager:133 - RingManager ring 1 changed: [2, 14, 15] (succsessor: 15 at /10.10.1.7:2610)
1670124514224, 0, 2643692
1670124515224, 0, 2643692
1670124516225, 0, 2643692
1670124517225, 0, 2643692
