05:23:49,929 INFO  [main] RawABListener:48 - Initing a RawABListener...
05:23:49,938 INFO  [main] Node:101 - PID: 104134
05:23:50,155 INFO  [main] NetworkManager:117 - NetworkManager tcp_nodelay: true
05:23:50,160 INFO  [main] NetworkManager:123 - NetworkManager tcp_crc: false
05:23:50,161 INFO  [main] NetworkManager:127 - NetworkManager buf_size: 2097152
05:23:50,185 INFO  [main] ElasticLearnerRole:93 - ElasticLearnerRole replication group 2
05:23:50,186 INFO  [main] ElasticLearnerRole:97 - ElasticLearnerRole initial ring 2
05:23:50,187 INFO  [main] ElasticLearnerRole:102 - ElasticLearnerRole deliver_skip_messages: enabled
05:23:50,192 INFO  [ElasticLearner] LearnerRole:102 - Learner recovery: disabled
05:23:50,194 INFO  [ElasticLearner] LearnerRole:108 - Learner auto_trim: disabled
05:23:50,198 INFO  [main-EventThread] RingManager:133 - RingManager ring 2 changed: [21, 22, 24] (succsessor: 21 at /155.98.36.29:2256)
05:23:50,249 INFO  [main-EventThread] RingManager:133 - RingManager ring 2 changed: [21, 22, 23, 24] (succsessor: 21 at /155.98.36.29:2256)
05:23:50,274 INFO  [main] Replica:188 - Token [0], ringId [null], nodeId [24], snapshot_modulo [0], zoo_host [10.10.1.1], pathPrefix[/media/disk6/], path [/media/disk6/e528aad7-5501-4a62-981f-2b4c561adacd], embebedLog [false], useDiskDb [true] with complex constructor
1710329030275, 0, 0
Reading from stdin
1710329031275, 0, 0
1710329032276, 0, 0
1710329033276, 0, 0
1710329034277, 0, 0
1710329035277, 4815, 4815
1710329036278, 37944, 42759
1710329037278, 42669, 85428
1710329038279, 32288, 117716
1710329039280, 38057, 155773
1710329040281, 38022, 193795
1710329041282, 46715, 240510
1710329042283, 46112, 286622
1710329043283, 40531, 327153
1710329044284, 44507, 371660
1710329045285, 39969, 411629
1710329046285, 32130, 443759
1710329047316, 53223, 496982
1710329048317, 42641, 539623
1710329049318, 38455, 578078
1710329050318, 41102, 619180
1710329051318, 42169, 661349
1710329052319, 22899, 684248
1710329053320, 40108, 724356
1710329054320, 47238, 771594
1710329055321, 37090, 808684
1710329056322, 44271, 852955
1710329057322, 47229, 900184
1710329058323, 47792, 947976
1710329059323, 33582, 981558
1710329060324, 47420, 1028978
1710329061324, 41176, 1070154
1710329062325, 29299, 1099453
1710329063326, 22474, 1121927
1710329064327, 45580, 1167507
1710329065327, 48473, 1215980
1710329066328, 1907, 1217887
1710329067328, 0, 1217887
05:24:27,611 ERROR [main-EventThread] TopologyManager:465 - org.apache.zookeeper.KeeperException$SessionExpiredException: KeeperErrorCode = Session expired for /ringpaxos/topology2/nodes
05:24:27,710 ERROR [main-EventThread] RingManager:232 - org.apache.zookeeper.KeeperException$SessionExpiredException: KeeperErrorCode = Session expired for /ringpaxos/topology2/nodes
05:24:27,711 ERROR [main-EventThread] TopologyManager:465 - org.apache.zookeeper.KeeperException$SessionExpiredException: KeeperErrorCode = Session expired for /ringpaxos/topology2/learners
1710329068329, 0, 1217887
