09:30:55,538 INFO  [main] RawABListener:48 - Initing a RawABListener...
09:30:55,557 INFO  [main] Node:101 - PID: 134287
09:30:55,782 INFO  [main] NetworkManager:117 - NetworkManager tcp_nodelay: true
09:30:55,788 INFO  [main] NetworkManager:123 - NetworkManager tcp_crc: false
09:30:55,789 INFO  [main] NetworkManager:127 - NetworkManager buf_size: 2097152
09:30:55,813 INFO  [main] ElasticLearnerRole:93 - ElasticLearnerRole replication group 2
09:30:55,814 INFO  [main] ElasticLearnerRole:97 - ElasticLearnerRole initial ring 2
09:30:55,815 INFO  [main] ElasticLearnerRole:102 - ElasticLearnerRole deliver_skip_messages: enabled
09:30:55,819 INFO  [ElasticLearner] LearnerRole:102 - Learner recovery: disabled
09:30:55,821 INFO  [ElasticLearner] LearnerRole:108 - Learner auto_trim: disabled
09:30:55,823 INFO  [main-EventThread] RingManager:133 - RingManager ring 2 changed: [21, 22, 23, 24] (succsessor: 24 at /10.10.1.6:2148)
09:30:55,992 INFO  [main] Replica:188 - Token [0], ringId [null], nodeId [23], snapshot_modulo [0], zoo_host [10.10.1.1], pathPrefix[/media/disk2/], path [/media/disk2/2b6cd18a-06b3-423a-b944-c57a387d927b], embebedLog [false], useDiskDb [true] with complex constructor
1710343855994, 0, 0
Reading from stdin
1710343856994, 0, 0
1710343857995, 0, 0
1710343858995, 0, 0
1710343859996, 0, 0
1710343860996, 5629, 5629
1710343861997, 17564, 23193
1710343862997, 19287, 42480
1710343863998, 19737, 62217
1710343864999, 18567, 80784
1710343866000, 16560, 97344
1710343867001, 19469, 116813
1710343868002, 20608, 137421
1710343869002, 20394, 157815
1710343870003, 22302, 180117
1710343871003, 22221, 202338
1710343872004, 21122, 223460
1710343873004, 23743, 247203
1710343874005, 22833, 270036
1710343875005, 21978, 292014
1710343876006, 20628, 312642
1710343877006, 20781, 333423
1710343878007, 21429, 354852
1710343879008, 21371, 376223
1710343880008, 20839, 397062
1710343881009, 22239, 419301
1710343882010, 22489, 441790
1710343883010, 21882, 463672
1710343884011, 20870, 484542
1710343885011, 22491, 507033
1710343886012, 22941, 529974
1710343887013, 21285, 551259
1710343888013, 21033, 572292
1710343889013, 19350, 591642
1710343890014, 19314, 610956
1710343891014, 19881, 630837
1710343892015, 174, 631011
1710343893016, 0, 631011
1710343894016, 0, 631011
1710343895017, 0, 631011
1710343896017, 261, 631272
1710343897017, 0, 631272
1710343898018, 0, 631272
1710343899018, 0, 631272
1710343900018, 27, 631299
1710343901019, 0, 631299
09:31:41,233 ERROR [main-EventThread] RingManager:232 - org.apache.zookeeper.KeeperException$SessionExpiredException: KeeperErrorCode = Session expired for /ringpaxos/topology2/nodes
09:31:41,332 ERROR [main-EventThread] TopologyManager:465 - org.apache.zookeeper.KeeperException$SessionExpiredException: KeeperErrorCode = Session expired for /ringpaxos/topology2/nodes
09:31:41,332 ERROR [main-EventThread] RingManager:232 - org.apache.zookeeper.KeeperException$SessionExpiredException: KeeperErrorCode = Session expired for /ringpaxos/topology2/nodes
09:31:41,333 ERROR [main-EventThread] TopologyManager:465 - org.apache.zookeeper.KeeperException$SessionExpiredException: KeeperErrorCode = Session expired for /ringpaxos/topology2/learners
1710343902019, 0, 631299
