12:23:13,201 INFO  [main] RawABListener:48 - Initing a RawABListener...
12:23:13,208 INFO  [main] Node:101 - PID: 27346
12:23:13,397 INFO  [main] NetworkManager:117 - NetworkManager tcp_nodelay: true
12:23:13,401 INFO  [main] NetworkManager:123 - NetworkManager tcp_crc: false
12:23:13,402 INFO  [main] NetworkManager:127 - NetworkManager buf_size: 2097152
12:23:13,420 INFO  [main] ElasticLearnerRole:93 - ElasticLearnerRole replication group 1
12:23:13,420 INFO  [main] ElasticLearnerRole:97 - ElasticLearnerRole initial ring 1
12:23:13,421 INFO  [main] ElasticLearnerRole:102 - ElasticLearnerRole deliver_skip_messages: enabled
12:23:13,431 INFO  [ElasticLearner] LearnerRole:102 - Learner recovery: disabled
12:23:13,433 INFO  [ElasticLearner] LearnerRole:108 - Learner auto_trim: disabled
12:23:13,443 INFO  [main-EventThread] RingManager:133 - RingManager ring 1 changed: [2, 13, 14, 15] (succsessor: 15 at /10.10.1.7:2663)
12:23:13,466 INFO  [main] Replica:165 - Token [0], ringId [null], nodeId [14], snapshot_modulo [0], zoo_host [null], path [null], embebedLog [true], useDiskDb [false] with simple constructor
1670181793467, 0, 0
Reading from stdin
12:23:14,083 INFO  [main-EventThread] RingManager:133 - RingManager ring 1 changed: [1, 2, 13, 14, 15] (succsessor: 15 at /10.10.1.7:2663)
1670181794468, 0, 0
1670181795468, 0, 0
1670181796468, 0, 0
1670181797469, 0, 0
1670181798469, 0, 0
1670181799470, 6646, 6646
1670181800470, 12269, 18915
1670181801471, 13334, 32249
1670181802471, 13559, 45808
1670181803471, 13535, 59343
1670181804472, 14866, 74209
1670181805472, 15400, 89609
1670181806472, 10766, 100375
1670181807473, 10018, 110393
1670181808473, 9706, 120099
1670181809473, 14538, 134637
1670181810474, 18456, 153093
1670181811474, 16048, 169141
1670181812474, 14058, 183199
1670181813475, 12462, 195661
1670181814475, 14932, 210593
1670181815475, 17436, 228029
1670181816476, 18922, 246951
1670181817476, 15865, 262816
1670181818477, 11611, 274427
1670181819478, 10996, 285423
1670181820478, 14926, 300349
1670181821479, 12978, 313327
1670181822479, 15497, 328824
1670181823479, 15464, 344288
1670181824480, 16564, 360852
1670181825480, 18160, 379012
1670181826480, 17982, 396994
1670181827481, 16462, 413456
1670181828481, 15768, 429224
1670181829481, 14723, 443947
1670181830482, 11684, 455631
1670181831482, 12886, 468517
1670181832482, 13774, 482291
1670181833483, 7725, 490016
1670181834484, 12976, 502992
1670181835484, 12454, 515446
1670181836485, 14252, 529698
1670181837485, 10531, 540229
1670181838485, 14527, 554756
1670181839486, 11730, 566486
1670181840486, 15203, 581689
1670181841486, 16420, 598109
1670181842486, 17139, 615248
1670181843487, 15509, 630757
1670181844487, 17590, 648347
1670181845487, 10854, 659201
1670181846487, 12403, 671604
1670181847488, 13513, 685117
1670181848489, 13183, 698300
1670181849489, 15252, 713552
1670181850489, 14313, 727865
1670181851490, 10468, 738333
1670181852490, 13926, 752259
1670181853490, 14354, 766613
1670181854491, 12947, 779560
1670181855491, 13869, 793429
1670181856491, 16631, 810060
1670181857492, 11230, 821290
1670181858492, 14386, 835676
1670181859493, 10607, 846283
1670181860493, 14967, 861250
1670181861493, 14731, 875981
1670181862494, 14459, 890440
1670181863494, 16970, 907410
1670181864494, 18176, 925586
1670181865495, 17989, 943575
1670181866495, 18631, 962206
1670181867495, 16876, 979082
1670181868496, 16498, 995580
1670181869496, 17856, 1013436
1670181870496, 18117, 1031553
1670181871497, 19447, 1051000
1670181872497, 19817, 1070817
1670181873497, 17634, 1088451
1670181874498, 15309, 1103760
1670181875498, 15120, 1118880
1670181876498, 14144, 1133024
1670181877499, 14247, 1147271
1670181878499, 14579, 1161850
1670181879500, 14051, 1175901
1670181880505, 13979, 1189880
1670181881506, 15240, 1205120
1670181882506, 14265, 1219385
1670181883506, 14097, 1233482
1670181884507, 14735, 1248217
1670181885507, 15496, 1263713
1670181886507, 14642, 1278355
1670181887508, 11319, 1289674
1670181888508, 11089, 1300763
1670181889508, 0, 1300763
1670181890509, 0, 1300763
1670181891509, 0, 1300763
1670181892509, 0, 1300763
1670181893509, 0, 1300763
1670181894510, 0, 1300763
1670181895510, 0, 1300763
1670181896510, 0, 1300763
1670181897510, 0, 1300763
1670181898511, 0, 1300763
1670181899511, 0, 1300763
1670181900511, 0, 1300763
1670181901511, 0, 1300763
12:25:02,007 INFO  [main-EventThread] RingManager:133 - RingManager ring 1 changed: [1, 2, 14, 15] (succsessor: 15 at /10.10.1.7:2663)
1670181902512, 0, 1300763
1670181903512, 0, 1300763
1670181904512, 0, 1300763
1670181905512, 0, 1300763
1670181906513, 0, 1300763
1670181907513, 0, 1300763
12:25:08,004 INFO  [main-EventThread] RingManager:133 - RingManager ring 1 changed: [2, 14, 15] (succsessor: 15 at /10.10.1.7:2663)
1670181908513, 0, 1300763
1670181909514, 0, 1300763
1670181910514, 0, 1300763
1670181911514, 0, 1300763
1670181912514, 0, 1300763
1670181913514, 0, 1300763
1670181914515, 0, 1300763
1670181915515, 0, 1300763
1670181916515, 0, 1300763
1670181917515, 0, 1300763
1670181918516, 0, 1300763
1670181919516, 0, 1300763
12:25:20,005 INFO  [main-EventThread] RingManager:133 - RingManager ring 1 changed: [14, 15] (succsessor: 15 at /10.10.1.7:2663)
1670181920516, 0, 1300763
