21:25:35,959 INFO  [main] RawABListener:48 - Initing a RawABListener...
21:25:35,970 INFO  [main] Node:101 - PID: 13108
21:25:36,160 INFO  [main] NetworkManager:117 - NetworkManager tcp_nodelay: true
21:25:36,164 INFO  [main] NetworkManager:123 - NetworkManager tcp_crc: false
21:25:36,164 INFO  [main] NetworkManager:127 - NetworkManager buf_size: 2097152
21:25:36,181 INFO  [main] ElasticLearnerRole:93 - ElasticLearnerRole replication group 2
21:25:36,185 INFO  [main] ElasticLearnerRole:97 - ElasticLearnerRole initial ring 2
21:25:36,186 INFO  [main] ElasticLearnerRole:102 - ElasticLearnerRole deliver_skip_messages: enabled
21:25:36,190 INFO  [ElasticLearner] LearnerRole:102 - Learner recovery: disabled
21:25:36,192 INFO  [ElasticLearner] LearnerRole:108 - Learner auto_trim: disabled
21:25:36,201 INFO  [main-EventThread] RingManager:133 - RingManager ring 2 changed: [22, 23, 24, 25] (succsessor: 24 at /10.10.1.10:2282)
21:25:36,225 INFO  [main-EventThread] RingManager:133 - RingManager ring 2 changed: [21, 22, 23, 24, 25] (succsessor: 24 at /10.10.1.10:2282)
21:25:36,676 INFO  [main] Replica:169 - Token [0], ringId [null], nodeId [23], snapshot_modulo [0], zoo_host [null], path [null], embebedLog [true], useDiskDb [true] with simple constructor
Reading from stdin
1671510336676, 0, 0
1671510337677, 0, 0
1671510338677, 0, 0
1671510339678, 0, 0
1671510340678, 0, 0
1671510341679, 987, 987
1671510342679, 2048, 3035
1671510343679, 2036, 5071
1671510344680, 2054, 7125
1671510345680, 2026, 9151
1671510346681, 1992, 11143
1671510347682, 2015, 13158
1671510348683, 1971, 15129
1671510349683, 2050, 17179
1671510350683, 1995, 19174
1671510351684, 2083, 21257
1671510352684, 1986, 23243
1671510353685, 1994, 25237
1671510354685, 2025, 27262
1671510355686, 2030, 29292
1671510356686, 2017, 31309
1671510357687, 2013, 33322
1671510358687, 2028, 35350
1671510359688, 2033, 37383
1671510360688, 2022, 39405
1671510361689, 2058, 41463
1671510362689, 2057, 43520
1671510363689, 2062, 45582
1671510364690, 1989, 47571
1671510365690, 2038, 49609
1671510366690, 2057, 51666
1671510367691, 2029, 53695
1671510368692, 2022, 55717
1671510369692, 2052, 57769
1671510370692, 2030, 59799
1671510371693, 708, 60507
21:26:12,544 ERROR [main-EventThread] TopologyManager:465 - org.apache.zookeeper.KeeperException$SessionExpiredException: KeeperErrorCode = Session expired for /ringpaxos/topology2/nodes
21:26:12,646 ERROR [main-EventThread] RingManager:232 - org.apache.zookeeper.KeeperException$SessionExpiredException: KeeperErrorCode = Session expired for /ringpaxos/topology2/nodes
21:26:12,646 ERROR [main-EventThread] TopologyManager:465 - org.apache.zookeeper.KeeperException$SessionExpiredException: KeeperErrorCode = Session expired for /ringpaxos/topology2/learners
