01:09:55,281 INFO  [main] RawABListener:48 - Initing a RawABListener...
01:09:55,292 INFO  [main] Node:101 - PID: 76994
01:09:55,518 INFO  [main] NetworkManager:117 - NetworkManager tcp_nodelay: true
01:09:55,523 INFO  [main] NetworkManager:123 - NetworkManager tcp_crc: false
01:09:55,523 INFO  [main] NetworkManager:127 - NetworkManager buf_size: 2097152
01:09:55,543 INFO  [main] ElasticLearnerRole:93 - ElasticLearnerRole replication group 1
01:09:55,544 INFO  [main] ElasticLearnerRole:97 - ElasticLearnerRole initial ring 1
01:09:55,546 INFO  [main] ElasticLearnerRole:102 - ElasticLearnerRole deliver_skip_messages: enabled
01:09:55,557 INFO  [ElasticLearner] LearnerRole:102 - Learner recovery: disabled
01:09:55,559 INFO  [ElasticLearner] LearnerRole:108 - Learner auto_trim: disabled
01:09:55,563 INFO  [main-EventThread] RingManager:133 - RingManager ring 1 changed: [1, 2, 13] (succsessor: 1 at /10.10.1.3:2719)
01:09:55,580 INFO  [main-EventThread] RingManager:133 - RingManager ring 1 changed: [1, 2, 13, 14] (succsessor: 14 at /10.10.1.6:2993)
01:09:55,589 INFO  [main] Replica:188 - Token [0], ringId [null], nodeId [13], snapshot_modulo [0], zoo_host [10.10.1.1], pathPrefix[/media/disk1/], path [/media/disk1/a6809192-63df-4734-a079-30ee984094c9], embebedLog [true], useDiskDb [false] with complex constructor
1710918595590, 0, 0
Reading from stdin
1710918596590, 0, 0
1710918597591, 0, 0
1710918598591, 0, 0
1710918599591, 0, 0
1710918600592, 5152, 5152
1710918601592, 46769, 51921
1710918602593, 58548, 110469
1710918603594, 50733, 161202
1710918604594, 52024, 213226
1710918605595, 60479, 273705
1710918606595, 56199, 329904
1710918607596, 53585, 383489
1710918608596, 29068, 412557
1710918609596, 61880, 474437
1710918610597, 47078, 521515
1710918611597, 64908, 586423
1710918612598, 66076, 652499
1710918613598, 52332, 704831
1710918614598, 54384, 759215
1710918615599, 47528, 806743
1710918616599, 65890, 872633
1710918617600, 54444, 927077
1710918618600, 51157, 978234
1710918619600, 54804, 1033038
1710918620601, 56860, 1089898
1710918621602, 67668, 1157566
1710918622602, 36488, 1194054
1710918623602, 52340, 1246394
1710918624603, 49663, 1296057
1710918625603, 59630, 1355687
1710918626604, 49695, 1405382
1710918627604, 53449, 1458831
1710918628605, 55993, 1514824
1710918629607, 60053, 1574877
1710918630608, 39521, 1614398
1710918631609, 0, 1614398
1710918632609, 9, 1614407
1710918633609, 27, 1614434
1710918634610, 0, 1614434
1710918635610, 0, 1614434
1710918636611, 18, 1614452
01:10:37,534 ERROR [main-EventThread] TopologyManager:465 - org.apache.zookeeper.KeeperException$SessionExpiredException: KeeperErrorCode = Session expired for /ringpaxos/topology1/learners
01:10:37,536 ERROR [main-EventThread] TopologyManager:465 - org.apache.zookeeper.KeeperException$SessionExpiredException: KeeperErrorCode = Session expired for /ringpaxos/topology1/nodes
01:10:37,537 ERROR [main-EventThread] RingManager:232 - org.apache.zookeeper.KeeperException$SessionExpiredException: KeeperErrorCode = Session expired for /ringpaxos/topology1/nodes
1710918637611, 0, 1614452
