01:46:27,725 INFO  [main] RawABListener:48 - Initing a RawABListener...
01:46:27,744 INFO  [main] Node:101 - PID: 96172
01:46:27,981 INFO  [main] NetworkManager:117 - NetworkManager tcp_nodelay: true
01:46:27,986 INFO  [main] NetworkManager:123 - NetworkManager tcp_crc: false
01:46:27,987 INFO  [main] NetworkManager:127 - NetworkManager buf_size: 2097152
01:46:28,008 INFO  [main] ElasticLearnerRole:93 - ElasticLearnerRole replication group 2
01:46:28,008 INFO  [main] ElasticLearnerRole:97 - ElasticLearnerRole initial ring 2
01:46:28,009 INFO  [main] ElasticLearnerRole:102 - ElasticLearnerRole deliver_skip_messages: enabled
01:46:28,016 INFO  [ElasticLearner] LearnerRole:102 - Learner recovery: disabled
01:46:28,019 INFO  [ElasticLearner] LearnerRole:108 - Learner auto_trim: disabled
01:46:28,027 INFO  [main-EventThread] RingManager:133 - RingManager ring 2 changed: [21, 22, 23, 24] (succsessor: 21 at /10.10.1.3:2340)
01:46:28,048 INFO  [main] Replica:188 - Token [0], ringId [null], nodeId [24], snapshot_modulo [0], zoo_host [10.10.1.1], pathPrefix[/media/disk6/], path [/media/disk6/01829ede-1d89-4d2a-bfcb-a3296a46fddb], embebedLog [true], useDiskDb [true] with complex constructor
1710920788049, 0, 0
Reading from stdin
1710920789049, 0, 0
1710920790050, 0, 0
1710920791050, 0, 0
1710920792051, 0, 0
1710920793051, 4191, 4191
1710920794052, 27191, 31382
1710920795052, 34464, 65846
1710920796053, 31802, 97648
1710920797054, 31060, 128708
1710920798054, 32103, 160811
1710920799067, 28475, 189286
1710920800068, 38666, 227952
1710920801068, 34321, 262273
1710920802069, 30198, 292471
1710920803069, 26415, 318886
1710920804069, 36729, 355615
1710920805103, 27802, 383417
1710920806103, 38671, 422088
1710920807104, 37340, 459428
1710920808104, 33101, 492529
1710920809105, 25767, 518296
1710920810105, 32015, 550311
1710920811106, 32609, 582920
1710920812106, 36350, 619270
1710920813107, 32297, 651567
1710920814108, 27135, 678702
1710920815108, 22639, 701341
1710920816108, 25699, 727040
1710920817109, 24926, 751966
1710920818110, 23379, 775345
1710920819110, 32492, 807837
1710920820111, 21190, 829027
01:47:00,450 ERROR [ABListener] Replica:293 - 
java.io.IOException: No space left on device
	at java.base/java.io.FileOutputStream.writeBytes(Native Method)
	at java.base/java.io.FileOutputStream.write(FileOutputStream.java:348)
	at java.base/sun.nio.cs.StreamEncoder.writeBytes(StreamEncoder.java:242)
	at java.base/sun.nio.cs.StreamEncoder.implFlushBuffer(StreamEncoder.java:321)
	at java.base/sun.nio.cs.StreamEncoder.implFlush(StreamEncoder.java:325)
	at java.base/sun.nio.cs.StreamEncoder.flush(StreamEncoder.java:159)
	at java.base/java.io.OutputStreamWriter.flush(OutputStreamWriter.java:254)
	at ch.usi.da.smr.Replica.receive(Replica.java:290)
	at ch.usi.da.smr.transport.RawABListener.run(RawABListener.java:66)
	at java.base/java.lang.Thread.run(Thread.java:830)
01:47:00,458 ERROR [ABListener] Replica:293 - 
java.io.IOException: No space left on device
	at java.base/java.io.FileOutputStream.writeBytes(Native Method)
	at java.base/java.io.FileOutputStream.write(FileOutputStream.java:348)
	at java.base/sun.nio.cs.StreamEncoder.writeBytes(StreamEncoder.java:242)
	at java.base/sun.nio.cs.StreamEncoder.implFlushBuffer(StreamEncoder.java:321)
	at java.base/sun.nio.cs.StreamEncoder.implFlush(StreamEncoder.java:325)
	at java.base/sun.nio.cs.StreamEncoder.flush(StreamEncoder.java:159)
	at java.base/java.io.OutputStreamWriter.flush(OutputStreamWriter.java:254)
	at ch.usi.da.smr.Replica.receive(Replica.java:290)
	at ch.usi.da.smr.transport.RawABListener.run(RawABListener.java:66)
	at java.base/java.lang.Thread.run(Thread.java:830)
01:47:00,459 ERROR [ABListener] Replica:293 - 
java.io.IOException: No space left on device
	at java.base/java.io.FileOutputStream.writeBytes(Native Method)
	at java.base/java.io.FileOutputStream.write(FileOutputStream.java:348)
	at java.base/sun.nio.cs.StreamEncoder.writeBytes(StreamEncoder.java:242)
	at java.base/sun.nio.cs.StreamEncoder.implFlushBuffer(StreamEncoder.java:321)
	at java.base/sun.nio.cs.StreamEncoder.implF