08:43:37,415 INFO  [main] RawABListener:48 - Initing a RawABListener...
08:43:37,434 INFO  [main] Node:101 - PID: 137667
08:43:37,703 INFO  [main] NetworkManager:117 - NetworkManager tcp_nodelay: true
08:43:37,708 INFO  [main] NetworkManager:123 - NetworkManager tcp_crc: false
08:43:37,709 INFO  [main] NetworkManager:127 - NetworkManager buf_size: 2097152
08:43:37,733 INFO  [main] ElasticLearnerRole:93 - ElasticLearnerRole replication group 1
08:43:37,734 INFO  [main] ElasticLearnerRole:97 - ElasticLearnerRole initial ring 1
08:43:37,734 INFO  [main] ElasticLearnerRole:102 - ElasticLearnerRole deliver_skip_messages: enabled
08:43:37,739 INFO  [ElasticLearner] LearnerRole:102 - Learner recovery: disabled
08:43:37,741 INFO  [ElasticLearner] LearnerRole:108 - Learner auto_trim: disabled
08:43:37,745 INFO  [main-EventThread] RingManager:133 - RingManager ring 1 changed: [1, 2, 13, 14] (succsessor: 1 at /155.98.36.29:2309)
08:43:37,765 INFO  [main] Replica:188 - Token [0], ringId [null], nodeId [14], snapshot_modulo [0], zoo_host [10.10.1.1], pathPrefix[/media/disk5/], path [/media/disk5/04827940-70de-4bf1-bde0-c8120d31f073], embebedLog [false], useDiskDb [false] with complex constructor
1710341017766, 0, 0
Reading from stdin
1710341018766, 0, 0
1710341019767, 0, 0
1710341020767, 0, 0
1710341021768, 0, 0
1710341022768, 12630, 12630
1710341023769, 59214, 71844
1710341024770, 56806, 128650
1710341025770, 34940, 163590
1710341026771, 38404, 201994
1710341027773, 33755, 235749
1710341028774, 35939, 271688
1710341029775, 34810, 306498
1710341030775, 35398, 341896
1710341031776, 35661, 377557
1710341032777, 40285, 417842
1710341033782, 60720, 478562
1710341034782, 76306, 554868
1710341035783, 66540, 621408
1710341036783, 48387, 669795
1710341037784, 61691, 731486
1710341038784, 57033, 788519
1710341039785, 48834, 837353
1710341040785, 53067, 890420
1710341041786, 58710, 949130
1710341042787, 54770, 1003900
1710341043788, 60542, 1064442
1710341044789, 65387, 1129829
1710341045789, 69397, 1199226
1710341046790, 46684, 1245910
1710341047791, 36396, 1282306
1710341048791, 65551, 1347857
1710341049792, 103342, 1451199
1710341050793, 101077, 1552276
1710341051793, 78290, 1630566
1710341052794, 18016, 1648582
1710341053794, 18, 1648600
1710341054795, 0, 1648600
1710341055795, 225, 1648825
1710341056796, 0, 1648825
1710341057796, 0, 1648825
1710341058796, 27, 1648852
1710341059797, 0, 1648852
08:44:20,234 ERROR [main-EventThread] TopologyManager:465 - org.apache.zookeeper.KeeperException$SessionExpiredException: KeeperErrorCode = Session expired for /ringpaxos/topology1/nodes
08:44:20,333 ERROR [main-EventThread] RingManager:232 - org.apache.zookeeper.KeeperException$SessionExpiredException: KeeperErrorCode = Session expired for /ringpaxos/topology1/nodes
08:44:20,333 ERROR [main-EventThread] TopologyManager:465 - org.apache.zookeeper.KeeperException$SessionExpiredException: KeeperErrorCode = Session expired for /ringpaxos/topology1/learners
1710341060797, 0, 1648852
1710341061798, 0, 1648852
