11:39:14,571 INFO  [main] RawABListener:48 - Initing a RawABListener...
11:39:14,582 INFO  [main] Node:101 - PID: 23923
11:39:14,784 INFO  [main] NetworkManager:117 - NetworkManager tcp_nodelay: true
11:39:14,787 INFO  [main] NetworkManager:123 - NetworkManager tcp_crc: false
11:39:14,788 INFO  [main] NetworkManager:127 - NetworkManager buf_size: 2097152
11:39:14,806 INFO  [main] ElasticLearnerRole:93 - ElasticLearnerRole replication group 1
11:39:14,807 INFO  [main] ElasticLearnerRole:97 - ElasticLearnerRole initial ring 1
11:39:14,810 INFO  [main] ElasticLearnerRole:102 - ElasticLearnerRole deliver_skip_messages: enabled
11:39:14,815 INFO  [ElasticLearner] LearnerRole:102 - Learner recovery: disabled
11:39:14,818 INFO  [ElasticLearner] LearnerRole:108 - Learner auto_trim: disabled
11:39:14,825 INFO  [main-EventThread] RingManager:133 - RingManager ring 1 changed: [1, 13, 14, 15] (succsessor: 15 at /10.10.1.7:2274)
11:39:14,836 INFO  [main] Replica:165 - Token [0], ringId [null], nodeId [14], snapshot_modulo [0], zoo_host [null], path [null], embebedLog [false], useDiskDb [true] with simple constructor
1670179154837, 0, 0
Reading from stdin
11:39:14,935 INFO  [main-EventThread] RingManager:133 - RingManager ring 1 changed: [1, 2, 13, 14, 15] (succsessor: 15 at /10.10.1.7:2274)
1670179155837, 0, 0
1670179156838, 0, 0
1670179157838, 0, 0
1670179158838, 0, 0
1670179159839, 0, 0
1670179160839, 944, 944
1670179161840, 1028, 1972
1670179162840, 984, 2956
1670179163841, 1010, 3966
1670179164841, 1013, 4979
1670179165841, 1006, 5985
1670179166842, 1005, 6990
1670179167842, 1016, 8006
1670179168843, 1003, 9009
1670179169843, 1003, 10012
1670179170843, 1029, 11041
1670179171844, 983, 12024
1670179172844, 1005, 13029
1670179173844, 1008, 14037
1670179174845, 1012, 15049
1670179175846, 1019, 16068
1670179176846, 1039, 17107
1670179177846, 1018, 18125
1670179178847, 997, 19122
1670179179847, 1034, 20156
1670179180847, 1047, 21203
1670179181848, 1001, 22204
1670179182848, 1026, 23230
1670179183848, 1012, 24242
1670179184849, 1032, 25274
1670179185849, 1013, 26287
1670179186849, 1008, 27295
1670179187850, 1035, 28330
1670179188850, 1029, 29359
1670179189850, 1028, 30387
1670179190850, 1007, 31394
1670179191851, 1018, 32412
1670179192852, 1037, 33449
1670179193852, 1028, 34477
1670179194852, 1023, 35500
1670179195853, 1015, 36515
1670179196853, 1004, 37519
1670179197853, 1032, 38551
1670179198854, 1033, 39584
1670179199854, 1054, 40638
1670179200854, 1007, 41645
1670179201854, 1003, 42648
1670179202855, 1009, 43657
1670179203855, 1013, 44670
1670179204855, 1028, 45698
1670179205855, 1034, 46732
1670179206856, 1045, 47777
1670179207856, 991, 48768
1670179208856, 1022, 49790
1670179209857, 997, 50787
1670179210857, 1017, 51804
1670179211857, 1013, 52817
1670179212857, 1029, 53846
1670179213858, 1008, 54854
1670179214858, 1045, 55899
1670179215858, 1025, 56924
1670179216858, 1010, 57934
1670179217859, 1005, 58939
1670179218860, 1013, 59952
1670179219860, 1016, 60968
1670179220860, 1009, 61977
1670179221860, 1012, 62989
1670179222861, 1015, 64004
1670179223861, 1022, 65026
1670179224861, 992, 66018
1670179225861, 1015, 67033
1670179226862, 1011, 68044
1670179227862, 1066, 69110
1670179228862, 1023, 70133
1670179229863, 1007, 71140
1670179230863, 1038, 72178
1670179231863, 998, 73176
1670179232863, 1024, 74200
1670179233864, 1013, 75213
1670179234864, 1033, 76246
1670179235864, 988, 77234
1670179236864, 1062, 78296
1670179237865, 1019, 79315
1670179238865, 1022, 80337
1670179239865, 1010, 81347
1670179240866, 1025, 82372
1670179241866, 1016, 83388
1670179242866, 1028, 84416
1670179243866, 1009, 85425
1670179244867, 1033, 86458
1670179245867, 1032, 87490
1670179246867, 1004, 88494
1670179247867, 1013, 89507
1670179248868, 1027, 90534
1670179249868, 168, 90702
1670179250868, 0, 90702
1670179251868, 0, 90702
1670179252869, 0, 90702
1670179253869, 0, 90702
1670179254869, 0, 90702
1670179255869, 0, 90702
1670179256869, 0, 90702
1670179257870, 0, 90702
11:40:58,008 INFO  [main-EventThread] RingManager:133 - RingManager ring 1 changed: [1, 2, 14, 15] (succsessor: 15 at /10.10.1.7:2274)
1670179258870, 0, 90702
1670179259870, 0, 90702
1670179260871, 0, 90702
1670179261871, 0, 90702
1670179262871, 0, 90702
1670179263871, 0, 90702
11:41:04,005 INFO  [main-EventThread] RingManager:133 - RingManager ring 1 changed: [2, 14, 15] (succsessor: 15 at /10.10.1.7:2274)
1670179264872, 0, 90702
1670179265872, 0, 90702
11:41:06,005 INFO  [main-EventThread] RingManager:133 - RingManager ring 1 changed: [14, 15] (succsessor: 15 at /10.10.1.7:2274)
1670179266872, 0, 90702
1670179267872, 0, 90702
1670179268873, 0, 90702
1670179269873, 0, 90702
1670179270873, 0, 90702
1670179271873, 0, 90702
1670179272874, 0, 90702
1670179273874, 0, 90702
1670179274874, 0, 90702
1670179275874, 0, 90702
1670179276875, 0, 90702
1670179277875, 0, 90702
1670179278875, 0, 90702
1670179279875, 0, 90702
1670179280875, 0, 90702
