02:00:04,439 INFO  [main] RawABListener:48 - Initing a RawABListener...
02:00:04,454 INFO  [main] Node:101 - PID: 102008
02:00:04,689 INFO  [main] NetworkManager:117 - NetworkManager tcp_nodelay: true
02:00:04,695 INFO  [main] NetworkManager:123 - NetworkManager tcp_crc: false
02:00:04,695 INFO  [main] NetworkManager:127 - NetworkManager buf_size: 2097152
02:00:04,720 INFO  [main] ElasticLearnerRole:93 - ElasticLearnerRole replication group 2
02:00:04,720 INFO  [main] ElasticLearnerRole:97 - ElasticLearnerRole initial ring 2
02:00:04,721 INFO  [main] ElasticLearnerRole:102 - ElasticLearnerRole deliver_skip_messages: enabled
02:00:04,726 INFO  [ElasticLearner] LearnerRole:102 - Learner recovery: disabled
02:00:04,729 INFO  [ElasticLearner] LearnerRole:108 - Learner auto_trim: disabled
02:00:04,733 INFO  [main-EventThread] RingManager:133 - RingManager ring 2 changed: [21, 22, 24] (succsessor: 21 at /10.10.1.3:2204)
02:00:04,740 INFO  [main-EventThread] RingManager:133 - RingManager ring 2 changed: [21, 22, 23, 24] (succsessor: 21 at /10.10.1.3:2204)
02:00:04,755 INFO  [main] Replica:188 - Token [0], ringId [null], nodeId [24], snapshot_modulo [0], zoo_host [10.10.1.1], pathPrefix[/media/disk6/], path [/media/disk6/e4efae55-8004-4466-bdd5-1c2e978ea768], embebedLog [false], useDiskDb [true] with complex constructor
1710921604756, 0, 0
Reading from stdin
1710921605756, 0, 0
1710921606757, 0, 0
1710921607757, 0, 0
02:00:08,568 INFO  [main-EventThread] RingManager:133 - RingManager ring 2 changed: [5, 21, 22, 23, 24] (succsessor: 5 at /10.10.1.6:2635)
1710921608758, 0, 0
1710921609758, 2629, 2629
1710921610758, 33737, 36366
1710921611759, 43473, 79839
1710921612759, 40732, 120571
1710921613760, 52600, 173171
1710921614794, 39977, 213148
1710921615797, 40556, 253704
1710921616798, 43305, 297009
1710921617799, 40130, 337139
1710921618799, 40452, 377591
1710921619800, 29165, 406756
1710921620800, 31890, 438646
1710921621801, 44508, 483154
1710921622802, 43181, 526335
1710921623802, 44872, 571207
1710921624803, 48585, 619792
1710921625804, 40494, 660286
1710921626804, 40350, 700636
1710921627805, 51708, 752344
1710921628805, 49821, 802165
1710921629806, 40527, 842692
1710921630806, 44242, 886934
1710921631807, 41251, 928185
1710921632807, 40437, 968622
1710921633808, 39613, 1008235
1710921634808, 45071, 1053306
1710921635808, 50779, 1104085
1710921636809, 47745, 1151830
1710921637809, 43127, 1194957
1710921638809, 52422, 1247379
1710921639810, 53189, 1300568
1710921640810, 9820, 1310388
1710921641811, 0, 1310388
1710921642811, 0, 1310388
1710921643812, 0, 1310388
1710921644812, 0, 1310388
1710921645812, 0, 1310388
1710921646813, 214, 1310602
1710921647813, 84, 1310686
1710921648813, 0, 1310686
02:00:48,937 ERROR [main-EventThread] TopologyManager:465 - org.apache.zookeeper.KeeperException$SessionExpiredException: KeeperErrorCode = Session expired for /ringpaxos/topology2/nodes
02:00:49,035 ERROR [main-EventThread] RingManager:232 - org.apache.zookeeper.KeeperException$SessionExpiredException: KeeperErrorCode = Session expired for /ringpaxos/topology2/nodes
02:00:49,041 ERROR [main-EventThread] TopologyManager:465 - org.apache.zookeeper.KeeperException$SessionExpiredException: KeeperErrorCode = Session expired for /ringpaxos/topology2/learners
1710921649814, 0, 1310686
1710921650814, 0, 1310686
1710921651814, 0, 1310686
1710921652815, 0, 1310686
1710921653815, 0, 1310686
1710921654815, 0, 1310686
1710921655815, 0, 1310686
1710921656816, 0, 1310686
1710921657816, 0, 1310686
1710921658816, 0, 1310686
