01:16:25,963 INFO  [main] RawABListener:48 - Initing a RawABListener...
01:16:25,973 INFO  [main] Node:101 - PID: 61707
01:16:36,231 INFO  [main] NetworkManager:117 - NetworkManager tcp_nodelay: true
01:16:36,235 INFO  [main] NetworkManager:123 - NetworkManager tcp_crc: false
01:16:36,236 INFO  [main] NetworkManager:127 - NetworkManager buf_size: 2097152
01:16:36,264 INFO  [main] ElasticLearnerRole:93 - ElasticLearnerRole replication group 2
01:16:36,265 INFO  [main] ElasticLearnerRole:97 - ElasticLearnerRole initial ring 2
01:16:36,266 INFO  [main] ElasticLearnerRole:102 - ElasticLearnerRole deliver_skip_messages: enabled
01:16:36,270 INFO  [ElasticLearner] LearnerRole:102 - Learner recovery: disabled
01:16:36,272 INFO  [ElasticLearner] LearnerRole:108 - Learner auto_trim: disabled
01:16:36,274 INFO  [main-EventThread] RingManager:133 - RingManager ring 2 changed: [21, 22, 23] (succsessor: 21 at /155.98.36.29:2858)
01:16:36,535 INFO  [main] Replica:188 - Token [0], ringId [null], nodeId [23], snapshot_modulo [0], zoo_host [10.10.1.1], pathPrefix[/media/disk2/], path [/media/disk2/f4abd2b8-9335-4ce4-9db8-84aac1271c85], embebedLog [false], useDiskDb [true] with complex constructor
1710314196537, 0, 0
Reading from stdin
1710314197537, 0, 0
1710314198538, 0, 0
1710314199538, 0, 0
1710314200539, 0, 0
1710314201549, 6705, 6705
1710314202551, 54166, 60871
1710314203552, 53473, 114344
1710314204552, 62636, 176980
1710314205556, 65403, 242383
01:16:46,286 INFO  [main-EventThread] RingManager:133 - RingManager ring 2 changed: [21, 22, 23, 24] (succsessor: 24 at /10.10.1.6:2074)
1710314206557, 46753, 289136
01:16:47,290 WARN  [Learner-2] LearnerRole:133 - Learner re-request missing instance 32274
1710314207558, 12113, 301249
1710314208558, 42944, 344193
1710314209559, 57840, 402033
1710314210560, 41526, 443559
1710314211560, 61977, 505536
1710314212561, 58882, 564418
1710314213561, 53301, 617719
1710314214562, 56724, 674443
1710314215562, 66371, 740814
1710314216563, 59256, 800070
1710314217563, 60210, 860280
1710314218564, 58311, 918591
1710314219565, 51264, 969855
1710314220565, 36047, 1005902
1710314221605, 22633, 1028535
1710314222606, 27727, 1056262
1710314223608, 28251, 1084513
1710314224609, 26496, 1111009
1710314225609, 32965, 1143974
1710314226610, 48791, 1192765
1710314227611, 29044, 1221809
1710314228614, 26370, 1248179
1710314229615, 35135, 1283314
1710314230616, 37057, 1320371
1710314231616, 21520, 1341891
1710314232617, 0, 1341891
1710314233618, 0, 1341891
1710314234618, 0, 1341891
1710314235619, 342, 1342233
1710314236620, 0, 1342233
1710314237620, 0, 1342233
1710314238621, 0, 1342233
1710314239621, 0, 1342233
1710314240622, 800, 1343033
1710314241623, 0, 1343033
01:17:21,798 ERROR [main-EventThread] TopologyManager:465 - org.apache.zookeeper.KeeperException$SessionExpiredException: KeeperErrorCode = Session expired for /ringpaxos/topology2/acceptors
01:17:21,898 ERROR [main-EventThread] RingManager:232 - org.apache.zookeeper.KeeperException$SessionExpiredException: KeeperErrorCode = Session expired for /ringpaxos/topology2/acceptors
01:17:21,905 ERROR [main-EventThread] TopologyManager:465 - org.apache.zookeeper.KeeperException$SessionExpiredException: KeeperErrorCode = Session expired for /ringpaxos/topology2/nodes
01:17:21,906 ERROR [main-EventThread] RingManager:232 - org.apache.zookeeper.KeeperException$SessionExpiredException: KeeperErrorCode = Session expired for /ringpaxos/topology2/nodes
01:17:21,906 ERROR [main-EventThread] TopologyManager:465 - org.apache.zookeeper.KeeperException$SessionExpiredException: KeeperErrorCode = Session expired for /ringpaxos/topology2/learners
1710314242623, 0, 1343033
1710314243623, 0, 1343033
1710314244624, 0, 1343033
1710314245624, 0, 1343033
1710314246624, 0, 1343033
1710314247625, 0, 1343033
1710314248625, 0, 1343033
1710314249626, 0, 1343033
1710314250626, 0, 1343033
1710314251626, 0, 1343033
1710314252627, 0, 1343033
1710314253627, 0, 1343033
1710314254627, 0, 1343033
1710314255628, 0, 1343033
1710314256628, 0, 1343033
1710314257628, 0, 1343033
1710314258629, 0, 1343033
1710314259629, 0, 1343033
1710314260630, 0, 1343033
1710314261631, 0, 1343033
1710314262631, 0, 1343033
1710314263631, 0, 1343033
1710314264632, 0, 1343033
1710314265632, 0, 1343033
1710314266632, 0, 1343033
1710314267633, 0, 1343033
1710314268633, 0, 1343033
1710314269633, 0, 1343033
1710314270634, 0, 1343033
1710314271634, 0, 1343033
1710314272634, 0, 1343033
1710314273635, 0, 1343033
1710314274635, 0, 1343033
1710314275636, 0, 1343033
1710314276636, 0, 1343033
1710314277636, 0, 1343033
1710314278637, 0, 1343033
1710314279637, 0, 1343033
1710314280638, 0, 1343033
1710314281638, 0, 1343033
1710314282638, 0, 1343033
1710314283638, 0, 1343033
1710314284639, 0, 1343033
1710314285639, 0, 1343033
1710314286640, 0, 1343033
1710314287640, 0, 1343033
1710314288640, 0, 1343033
1710314289640, 0, 1343033
1710314290641, 0, 1343033
1710314291641, 0, 1343033
1710314292641, 0, 1343033
1710314293642, 0, 1343033
1710314294642, 0, 1343033
1710314295642, 0, 1343033
1710314296643, 0, 1343033
1710314297643, 0, 1343033
1710314298643, 0, 1343033
1710314299644, 0, 1343033
1710314300644, 0, 1343033
1710314301645, 0, 1343033
1710314302645, 0, 1343033
1710314303646, 0, 1343033
1710314304646, 0, 1343033
1710314305646, 0, 1343033
1710314306647, 0, 1343033
1710314307647, 0, 1343033
1710314308647, 0, 1343033
1710314309648, 0, 1343033
