07:54:06,636 INFO  [main] RawABListener:48 - Initing a RawABListener...
07:54:06,646 INFO  [main] Node:101 - PID: 109882
07:54:06,881 INFO  [main] NetworkManager:117 - NetworkManager tcp_nodelay: true
07:54:06,886 INFO  [main] NetworkManager:123 - NetworkManager tcp_crc: false
07:54:06,886 INFO  [main] NetworkManager:127 - NetworkManager buf_size: 2097152
07:54:06,914 INFO  [main] ElasticLearnerRole:93 - ElasticLearnerRole replication group 1
07:54:06,915 INFO  [main] ElasticLearnerRole:97 - ElasticLearnerRole initial ring 1
07:54:06,916 INFO  [main] ElasticLearnerRole:102 - ElasticLearnerRole deliver_skip_messages: enabled
07:54:06,920 INFO  [ElasticLearner] LearnerRole:102 - Learner recovery: disabled
07:54:06,922 INFO  [ElasticLearner] LearnerRole:108 - Learner auto_trim: disabled
07:54:06,924 INFO  [main-EventThread] RingManager:133 - RingManager ring 1 changed: [1, 2, 13] (succsessor: 1 at /155.98.36.29:2670)
07:54:07,040 INFO  [main] Replica:188 - Token [0], ringId [null], nodeId [13], snapshot_modulo [0], zoo_host [10.10.1.1], pathPrefix[/media/disk1/], path [/media/disk1/f694003c-49b6-49c8-b6b9-05941751526c], embebedLog [true], useDiskDb [false] with complex constructor
1710338047041, 0, 0
Reading from stdin
07:54:07,163 INFO  [main-EventThread] RingManager:133 - RingManager ring 1 changed: [1, 2, 13, 14] (succsessor: 14 at /10.10.1.6:2670)
1710338048042, 0, 0
1710338049043, 0, 0
1710338050043, 0, 0
1710338051043, 0, 0
1710338052044, 3042, 3042
1710338053044, 12527, 15569
1710338054045, 13330, 28899
1710338055046, 13833, 42732
1710338056046, 13518, 56250
1710338057047, 12042, 68292
1710338058048, 12447, 80739
1710338059049, 13329, 94068
1710338060049, 14991, 109059
1710338061050, 13289, 122348
1710338062051, 12933, 135281
1710338063051, 13948, 149229
1710338064052, 13660, 162889
1710338065053, 13043, 175932
1710338066053, 13842, 189774
1710338067054, 13428, 203202
1710338068054, 15054, 218256
1710338069055, 14164, 232420
1710338070056, 15656, 248076
1710338071057, 14373, 262449
1710338072058, 14976, 277425
1710338073058, 14463, 291888
1710338074059, 14319, 306207
1710338075059, 13795, 320002
1710338076060, 15799, 335801
1710338077060, 13696, 349497
1710338078061, 14006, 363503
1710338079062, 13298, 376801
1710338080062, 13871, 390672
1710338081063, 13140, 403812
1710338082064, 12878, 416690
1710338083064, 18766, 435456
1710338084065, 0, 435456
1710338085066, 0, 435456
1710338086066, 0, 435456
1710338087067, 0, 435456
1710338088067, 0, 435456
1710338089067, 0, 435456
1710338090068, 0, 435456
1710338091068, 0, 435456
1710338092068, 0, 435456
1710338093068, 0, 435456
07:54:53,156 ERROR [main-EventThread] TopologyManager:465 - org.apache.zookeeper.KeeperException$SessionExpiredException: KeeperErrorCode = Session expired for /ringpaxos/topology1/nodes
07:54:53,257 ERROR [main-EventThread] RingManager:232 - org.apache.zookeeper.KeeperException$SessionExpiredException: KeeperErrorCode = Session expired for /ringpaxos/topology1/nodes
07:54:53,258 ERROR [main-EventThread] TopologyManager:465 - org.apache.zookeeper.KeeperException$SessionExpiredException: KeeperErrorCode = Session expired for /ringpaxos/topology1/learners
1710338094069, 0, 435456
