07:54:06,618 INFO  [main] RawABListener:48 - Initing a RawABListener...
07:54:06,634 INFO  [main] Node:101 - PID: 94696
07:54:06,841 INFO  [main] NetworkManager:117 - NetworkManager tcp_nodelay: true
07:54:06,845 INFO  [main] NetworkManager:123 - NetworkManager tcp_crc: false
07:54:06,845 INFO  [main] NetworkManager:127 - NetworkManager buf_size: 2097152
07:54:06,867 INFO  [main] ElasticLearnerRole:93 - ElasticLearnerRole replication group 4
07:54:06,868 INFO  [main] ElasticLearnerRole:97 - ElasticLearnerRole initial ring 4
07:54:06,868 INFO  [main] ElasticLearnerRole:102 - ElasticLearnerRole deliver_skip_messages: enabled
07:54:06,873 INFO  [ElasticLearner] LearnerRole:102 - Learner recovery: disabled
07:54:06,875 INFO  [ElasticLearner] LearnerRole:108 - Learner auto_trim: disabled
07:54:06,878 INFO  [main-EventThread] RingManager:133 - RingManager ring 4 changed: [41, 42, 44] (succsessor: 41 at /155.98.36.29:2721)
07:54:06,887 INFO  [main-EventThread] RingManager:133 - RingManager ring 4 changed: [41, 42, 43, 44] (succsessor: 41 at /155.98.36.29:2721)
07:54:07,123 INFO  [main] Replica:188 - Token [0], ringId [null], nodeId [44], snapshot_modulo [0], zoo_host [10.10.1.1], pathPrefix[/media/disk6/], path [/media/disk6/e5b306f0-1b77-49ce-9fcb-6d6109b40a25], embebedLog [true], useDiskDb [false] with complex constructor
1710338047124, 0, 0
Reading from stdin
1710338048125, 0, 0
1710338049125, 0, 0
1710338050126, 0, 0
1710338051126, 0, 0
1710338052127, 6523, 6523
1710338053127, 26349, 32872
1710338054128, 25704, 58576
1710338055129, 26118, 84694
1710338056130, 27012, 111706
1710338057130, 26578, 138284
1710338058131, 25681, 163965
1710338059132, 26726, 190691
1710338060133, 28995, 219686
1710338061133, 25643, 245329
1710338062134, 28928, 274257
1710338063134, 27986, 302243
1710338064134, 27077, 329320
1710338065135, 26469, 355789
1710338066136, 27739, 383528
1710338067136, 25708, 409236
1710338068136, 29637, 438873
1710338069137, 28359, 467232
1710338070138, 30250, 497482
1710338071138, 27775, 525257
1710338072139, 29223, 554480
1710338073139, 28332, 582812
1710338074140, 28251, 611063
1710338075140, 23419, 634482
1710338076141, 29592, 664074
1710338077141, 26452, 690526
1710338078142, 27116, 717642
1710338079142, 26057, 743699
1710338080142, 27511, 771210
1710338081143, 24336, 795546
1710338082143, 19693, 815239
1710338083144, 3717, 818956
1710338084144, 0, 818956
1710338085145, 36, 818992
1710338086145, 0, 818992
1710338087145, 0, 818992
1710338088146, 0, 818992
1710338089146, 0, 818992
1710338090146, 0, 818992
1710338091147, 185, 819177
1710338092147, 63, 819240
1710338093147, 0, 819240
07:54:53,153 ERROR [main-EventThread] TopologyManager:465 - org.apache.zookeeper.KeeperException$ConnectionLossException: KeeperErrorCode = ConnectionLoss for /ringpaxos/topology4/nodes
07:54:53,154 ERROR [main-EventThread] RingManager:232 - org.apache.zookeeper.KeeperException$ConnectionLossException: KeeperErrorCode = ConnectionLoss for /ringpaxos/topology4/nodes
07:54:53,155 ERROR [main-EventThread] TopologyManager:465 - org.apache.zookeeper.KeeperException$ConnectionLossException: KeeperErrorCode = ConnectionLoss for /ringpaxos/topology4/learners
1710338094148, 0, 819240
