09:30:53,278 INFO  [main] RawABListener:48 - Initing a RawABListener...
09:30:53,289 INFO  [main] Node:101 - PID: 28004
09:30:53,482 INFO  [main] NetworkManager:117 - NetworkManager tcp_nodelay: true
09:30:53,486 INFO  [main] NetworkManager:123 - NetworkManager tcp_crc: false
09:30:53,487 INFO  [main] NetworkManager:127 - NetworkManager buf_size: 2097152
09:30:53,506 INFO  [main] ElasticLearnerRole:93 - ElasticLearnerRole replication group 2
09:30:53,509 INFO  [main] ElasticLearnerRole:97 - ElasticLearnerRole initial ring 2
09:30:53,510 INFO  [main] ElasticLearnerRole:102 - ElasticLearnerRole deliver_skip_messages: enabled
09:30:53,515 INFO  [ElasticLearner] LearnerRole:102 - Learner recovery: disabled
09:30:53,516 INFO  [ElasticLearner] LearnerRole:108 - Learner auto_trim: disabled
09:30:53,523 INFO  [main-EventThread] RingManager:133 - RingManager ring 2 changed: [21, 22, 24, 25] (succsessor: 25 at /10.10.1.11:2318)
09:30:53,538 INFO  [main] Replica:169 - Token [0], ringId [null], nodeId [24], snapshot_modulo [0], zoo_host [null], path [null], embebedLog [false], useDiskDb [true] with simple constructor
1671640253538, 0, 0
Reading from stdin
09:30:53,609 INFO  [main-EventThread] RingManager:133 - RingManager ring 2 changed: [21, 22, 23, 24, 25] (succsessor: 25 at /10.10.1.11:2318)
1671640254539, 0, 0
1671640255539, 0, 0
1671640256540, 0, 0
1671640257540, 0, 0
1671640258540, 43, 43
1671640259541, 11318, 11361
1671640260542, 12765, 24126
1671640261542, 17041, 41167
1671640262543, 14101, 55268
1671640263543, 15766, 71034
1671640264545, 17482, 88516
1671640265546, 10465, 98981
1671640266546, 10915, 109896
1671640267547, 11613, 121509
1671640268547, 10535, 132044
1671640269549, 12462, 144506
1671640270549, 16470, 160976
1671640271549, 12062, 173038
1671640272550, 10355, 183393
1671640273550, 9226, 192619
1671640274551, 10044, 202663
1671640275552, 9692, 212355
1671640276552, 14162, 226517
1671640277552, 17426, 243943
1671640278553, 16146, 260089
1671640279553, 12325, 272414
1671640281675, 12568, 284982
1671640282676, 6980, 291962
1671640283676, 9763, 301725
1671640284676, 7349, 309074
1671640285960, 12489, 321563
1671640286961, 16705, 338268
1671640287961, 16373, 354641
1671640288961, 5507, 360148
1671640290339, 12350, 372498
1671640291339, 0, 372498
1671640292340, 0, 372498
1671640293340, 0, 372498
1671640294340, 0, 372498
1671640295342, 0, 372498
1671640296343, 0, 372498
1671640297343, 0, 372498
1671640298343, 0, 372498
1671640299343, 0, 372498
1671640300344, 0, 372498
1671640301344, 0, 372498
1671640302344, 0, 372498
1671640303345, 0, 372498
1671640304345, 0, 372498
1671640305345, 0, 372498
1671640306345, 0, 372498
1671640307346, 0, 372498
1671640308346, 0, 372498
1671640309346, 0, 372498
1671640310346, 0, 372498
1671640311347, 0, 372498
1671640312347, 0, 372498
1671640313347, 0, 372498
1671640314347, 0, 372498
1671640315348, 0, 372498
1671640316348, 0, 372498
1671640317348, 0, 372498
1671640318348, 0, 372498
1671640319349, 0, 372498
1671640320349, 0, 372498
1671640321349, 0, 372498
1671640322350, 0, 372498
1671640323350, 0, 372498
1671640324350, 0, 372498
1671640325350, 0, 372498
1671640326351, 0, 372498
1671640327351, 0, 372498
1671640328351, 0, 372498
1671640329351, 0, 372498
1671640330351, 0, 372498
1671640331352, 0, 372498
1671640332352, 0, 372498
1671640333352, 0, 372498
1671640334352, 0, 372498
1671640335353, 0, 372498
1671640336353, 0, 372498
1671640337353, 0, 372498
1671640338354, 0, 372498
1671640339354, 0, 372498
1671640340354, 0, 372498
1671640341354, 0, 372498
1671640342354, 0, 372498
1671640343355, 0, 372498
1671640344355, 0, 372498
1671640345355, 0, 372498
1671640346355, 0, 372498
1671640347356, 0, 372498
1671640348356, 0, 372498
1671640349356, 0, 372498
1671640350356, 0, 372498
1671640351357, 0, 372498
1671640352357, 0, 372498
1671640353357, 0, 372498
1671640354357, 0, 372498
09:32:34,479 ERROR [main-EventThread] TopologyManager:465 - org.apache.zookeeper.KeeperException$SessionExpiredException: KeeperErrorCode = Session expired for /ringpaxos/topology2/nodes
09:32:34,577 ERROR [main-EventThread] RingManager:232 - org.apache.zookeeper.KeeperException$SessionExpiredException: KeeperErrorCode = Session expired for /ringpaxos/topology2/nodes
09:32:34,578 ERROR [main-EventThread] TopologyManager:465 - org.apache.zookeeper.KeeperException$SessionExpiredException: KeeperErrorCode = Session expired for /ringpaxos/topology2/learners
