09:37:20,279 INFO  [main] RawABListener:48 - Initing a RawABListener...
09:37:20,286 INFO  [main] Node:101 - PID: 30057
09:37:20,464 INFO  [main] NetworkManager:117 - NetworkManager tcp_nodelay: true
09:37:20,468 INFO  [main] NetworkManager:123 - NetworkManager tcp_crc: false
09:37:20,468 INFO  [main] NetworkManager:127 - NetworkManager buf_size: 2097152
09:37:20,483 INFO  [main] ElasticLearnerRole:93 - ElasticLearnerRole replication group 2
09:37:20,484 INFO  [main] ElasticLearnerRole:97 - ElasticLearnerRole initial ring 2
09:37:20,485 INFO  [main] ElasticLearnerRole:102 - ElasticLearnerRole deliver_skip_messages: enabled
09:37:20,490 INFO  [ElasticLearner] LearnerRole:102 - Learner recovery: disabled
09:37:20,494 INFO  [ElasticLearner] LearnerRole:108 - Learner auto_trim: disabled
09:37:20,506 INFO  [main-EventThread] RingManager:133 - RingManager ring 2 changed: [21, 22, 25] (succsessor: 21 at /10.10.1.7:2851)
09:37:20,513 INFO  [main] Replica:169 - Token [0], ringId [null], nodeId [25], snapshot_modulo [0], zoo_host [null], path [null], embebedLog [false], useDiskDb [true] with simple constructor
1671640640513, 0, 0
Reading from stdin
09:37:20,552 INFO  [main-EventThread] RingManager:133 - RingManager ring 2 changed: [21, 22, 24, 25] (succsessor: 21 at /10.10.1.7:2851)
1671640641514, 0, 0
1671640642514, 0, 0
1671640643515, 0, 0
1671640644515, 0, 0
1671640645515, 0, 0
1671640646516, 9463, 9463
1671640647516, 10555, 20018
1671640648517, 11630, 31648
1671640649518, 11642, 43290
1671640650518, 15059, 58349
1671640651519, 16316, 74665
1671640652519, 17249, 91914
1671640653520, 13146, 105060
1671640654520, 12647, 117707
1671640655520, 12231, 129938
1671640656521, 14036, 143974
1671640657521, 18687, 162661
1671640658522, 14807, 177468
1671640659522, 12877, 190345
1671640660522, 15760, 206105
1671640661523, 14551, 220656
1671640662523, 17637, 238293
1671640663523, 14007, 252300
1671640664524, 12239, 264539
1671640665524, 14427, 278966
1671640666525, 16480, 295446
1671640667525, 6066, 301512
1671640669232, 16697, 318209
1671640670233, 14029, 332238
1671640671233, 14956, 347194
1671640672234, 6473, 353667
1671640673846, 16209, 369876
1671640674847, 14799, 384675
1671640675847, 5731, 390406
1671640676847, 0, 390406
1671640677847, 0, 390406
1671640678848, 57, 390463
1671640679848, 0, 390463
09:38:00,155 ERROR [main-EventThread] TopologyManager:465 - org.apache.zookeeper.KeeperException$SessionExpiredException: KeeperErrorCode = Session expired for /ringpaxos/topology2/nodes
09:38:00,156 ERROR [main-EventThread] RingManager:232 - org.apache.zookeeper.KeeperException$SessionExpiredException: KeeperErrorCode = Session expired for /ringpaxos/topology2/nodes
09:38:00,157 ERROR [main-EventThread] TopologyManager:465 - org.apache.zookeeper.KeeperException$SessionExpiredException: KeeperErrorCode = Session expired for /ringpaxos/topology2/learners
