11:45:22,118 INFO  [main] RawABListener:48 - Initing a RawABListener...
11:45:22,127 INFO  [main] Node:101 - PID: 24405
11:45:22,320 INFO  [main] NetworkManager:117 - NetworkManager tcp_nodelay: true
11:45:22,324 INFO  [main] NetworkManager:123 - NetworkManager tcp_crc: false
11:45:22,324 INFO  [main] NetworkManager:127 - NetworkManager buf_size: 2097152
11:45:22,341 INFO  [main] ElasticLearnerRole:93 - ElasticLearnerRole replication group 1
11:45:22,342 INFO  [main] ElasticLearnerRole:97 - ElasticLearnerRole initial ring 1
11:45:22,343 INFO  [main] ElasticLearnerRole:102 - ElasticLearnerRole deliver_skip_messages: enabled
11:45:22,349 INFO  [ElasticLearner] LearnerRole:102 - Learner recovery: disabled
11:45:22,351 INFO  [ElasticLearner] LearnerRole:108 - Learner auto_trim: disabled
11:45:22,358 INFO  [main-EventThread] RingManager:133 - RingManager ring 1 changed: [1, 14, 15] (succsessor: 15 at /10.10.1.7:2079)
11:45:22,370 INFO  [main] Replica:165 - Token [0], ringId [null], nodeId [14], snapshot_modulo [0], zoo_host [null], path [null], embebedLog [false], useDiskDb [true] with simple constructor
1670179522371, 0, 0
Reading from stdin
11:45:22,493 INFO  [main-EventThread] RingManager:133 - RingManager ring 1 changed: [1, 13, 14, 15] (succsessor: 15 at /10.10.1.7:2079)
11:45:22,712 INFO  [main-EventThread] RingManager:133 - RingManager ring 1 changed: [1, 2, 13, 14, 15] (succsessor: 15 at /10.10.1.7:2079)
1670179523371, 0, 0
1670179524371, 0, 0
1670179525372, 0, 0
1670179526372, 0, 0
1670179527373, 296, 296
1670179528373, 3889, 4185
1670179529373, 3962, 8147
1670179530374, 3923, 12070
1670179531374, 4021, 16091
1670179532375, 3978, 20069
1670179533375, 3957, 24026
1670179534376, 3918, 27944
1670179535377, 3967, 31911
1670179536377, 4010, 35921
1670179537377, 3981, 39902
1670179538378, 3997, 43899
1670179539378, 3992, 47891
1670179540379, 3941, 51832
1670179541379, 3958, 55790
1670179542379, 3988, 59778
1670179543380, 3975, 63753
1670179544380, 3933, 67686
1670179545381, 4028, 71714
1670179546382, 3983, 75697
1670179547382, 3976, 79673
1670179548382, 4050, 83723
1670179549383, 3926, 87649
1670179550383, 3971, 91620
1670179551383, 4008, 95628
1670179552384, 3995, 99623
1670179553384, 4005, 103628
1670179554384, 3971, 107599
1670179555385, 3963, 111562
1670179556385, 3882, 115444
1670179557385, 4122, 119566
1670179558386, 3977, 123543
1670179559386, 3959, 127502
1670179560387, 3960, 131462
1670179561387, 3864, 135326
1670179562388, 4051, 139377
1670179563388, 4067, 143444
1670179564388, 3985, 147429
1670179565389, 3972, 151401
1670179566389, 3801, 155202
1670179567389, 4148, 159350
1670179568390, 3967, 163317
1670179569391, 4033, 167350
1670179570391, 4043, 171393
1670179571391, 3849, 175242
1670179572392, 4119, 179361
1670179573392, 3967, 183328
1670179574392, 4038, 187366
1670179575393, 3989, 191355
1670179576393, 3782, 195137
1670179577393, 4125, 199262
1670179578394, 3995, 203257
1670179579394, 4038, 207295
1670179580394, 3984, 211279
1670179581395, 2356, 213635
1670179582411, 5646, 219281
1670179583412, 4027, 223308
1670179584412, 3996, 227304
1670179585412, 3939, 231243
1670179586413, 2288, 233531
1670179587425, 5741, 239272
1670179588425, 4020, 243292
1670179589426, 3999, 247291
1670179590426, 4035, 251326
1670179591426, 2223, 253549
1670179592474, 5880, 259429
1670179593475, 4002, 263431
1670179594475, 4022, 267453
1670179595475, 3969, 271422
1670179596476, 3133, 274555
1670179597476, 4837, 279392
1670179598496, 3984, 283376
1670179599496, 4128, 287504
1670179600497, 4031, 291535
1670179601497, 3381, 294916
1670179602497, 4558, 299474
1670179603497, 3981, 303455
1670179604498, 4058, 307513
1670179605498, 3984, 311497
1670179606498, 4028, 315525
1670179607499, 4012, 319537
1670179608499, 4000, 323537
1670179609499, 3986, 327523
1670179610499, 4021, 331544
1670179611500, 2949, 334493
1670179612500, 4885, 339378
1670179613500, 4003, 343381
1670179614501, 3975, 347356
1670179615501, 4041, 351397
1670179616501, 1937, 353334
1670179617523, 3924, 357258
1670179618523, 0, 357258
1670179619524, 0, 357258
1670179620524, 0, 357258
1670179621524, 0, 357258
1670179622524, 0, 357258
1670179623525, 0, 357258
1670179624525, 0, 357258
1670179625525, 0, 357258
11:47:06,007 INFO  [main-EventThread] RingManager:133 - RingManager ring 1 changed: [1, 2, 14, 15] (succsessor: 15 at /10.10.1.7:2079)
1670179626525, 0, 357258
1670179627526, 0, 357258
1670179628526, 0, 357258
1670179629526, 0, 357258
1670179630526, 0, 357258
1670179631527, 0, 357258
11:47:12,005 INFO  [main-EventThread] RingManager:133 - RingManager ring 1 changed: [2, 14, 15] (succsessor: 15 at /10.10.1.7:2079)
1670179632527, 0, 357258
1670179633527, 0, 357258
11:47:14,005 INFO  [main-EventThread] RingManager:133 - RingManager ring 1 changed: [14, 15] (succsessor: 15 at /10.10.1.7:2079)
1670179634527, 0, 357258
1670179635528, 0, 357258
