21:30:26,917 INFO  [main] RawABListener:48 - Initing a RawABListener...
21:30:26,925 INFO  [main] Node:101 - PID: 72582
21:30:27,132 INFO  [main] NetworkManager:117 - NetworkManager tcp_nodelay: true
21:30:27,136 INFO  [main] NetworkManager:123 - NetworkManager tcp_crc: false
21:30:27,136 INFO  [main] NetworkManager:127 - NetworkManager buf_size: 2097152
21:30:27,153 INFO  [main] ElasticLearnerRole:93 - ElasticLearnerRole replication group 1
21:30:27,154 INFO  [main] ElasticLearnerRole:97 - ElasticLearnerRole initial ring 1
21:30:27,155 INFO  [main] ElasticLearnerRole:102 - ElasticLearnerRole deliver_skip_messages: enabled
21:30:27,165 INFO  [ElasticLearner] LearnerRole:102 - Learner recovery: disabled
21:30:27,167 INFO  [ElasticLearner] LearnerRole:108 - Learner auto_trim: disabled
21:30:27,178 INFO  [main-EventThread] RingManager:133 - RingManager ring 1 changed: [1, 13, 14] (succsessor: 14 at /10.10.1.5:2871)
21:30:27,183 INFO  [main-EventThread] RingManager:133 - RingManager ring 1 changed: [1, 13, 14, 15] (succsessor: 14 at /10.10.1.5:2871)
21:30:27,189 INFO  [main] Replica:169 - Token [0], ringId [null], nodeId [13], snapshot_modulo [0], zoo_host [null], path [null], embebedLog [true], useDiskDb [true] with simple constructor
1670733027189, 0, 0
Reading from stdin
21:30:27,219 INFO  [main-EventThread] RingManager:133 - RingManager ring 1 changed: [1, 2, 13, 14, 15] (succsessor: 14 at /10.10.1.5:2871)
1670733028189, 0, 0
1670733029190, 0, 0
1670733030190, 0, 0
1670733031191, 0, 0
1670733032191, 351, 351
1670733033191, 3913, 4264
1670733034192, 4675, 8939
1670733035202, 4966, 13905
1670733036202, 5710, 19615
1670733037203, 5605, 25220
1670733038203, 7295, 32515
1670733039203, 4634, 37149
1670733040204, 5264, 42413
1670733041204, 5842, 48255
1670733042205, 6247, 54502
1670733043205, 5457, 59959
1670733044206, 6237, 66196
1670733045206, 7561, 73757
1670733046207, 6416, 80173
1670733047208, 6715, 86888
1670733048208, 8192, 95080
1670733049208, 8350, 103430
1670733050209, 7480, 110910
1670733051209, 6877, 117787
1670733052210, 5816, 123603
1670733053210, 6561, 130164
1670733054211, 6721, 136885
1670733055211, 4645, 141530
1670733056211, 6451, 147981
1670733057212, 4809, 152790
1670733058212, 6026, 158816
1670733059212, 6643, 165459
1670733060212, 5436, 170895
1670733061213, 6340, 177235
1670733062214, 6474, 183709
1670733063214, 6357, 190066
1670733064214, 6728, 196794
1670733065214, 4744, 201538
1670733066215, 6548, 208086
1670733067215, 1501, 209587
1670733068292, 7100, 216687
1670733069292, 6901, 223588
1670733070292, 6718, 230306
1670733071293, 8197, 238503
1670733072293, 1422, 239925
1670733073467, 7753, 247678
1670733074467, 3839, 251517
1670733075468, 6035, 257552
1670733076468, 6602, 264154
1670733078294, 4288, 268442
1670733079295, 6651, 275093
1670733080295, 6685, 281778
1670733081295, 4376, 286154
1670733082295, 1130, 287284
1670733083296, 4711, 291995
1670733084296, 6745, 298740
1670733085296, 7176, 305916
1670733086297, 6106, 312022
1670733087297, 1385, 313407
1670733088371, 4051, 317458
1670733089371, 6479, 323937
1670733090371, 7051, 330988
1670733091371, 6553, 337541
1670733092372, 573, 338114
1670733093372, 4459, 342573
1670733094372, 6726, 349299
1670733095373, 6328, 355627
1670733096373, 8230, 363857
1670733097373, 2024, 365881
1670733098374, 5833, 371714
1670733099374, 6703, 378417
1670733100374, 6397, 384814
1670733101374, 7549, 392363
1670733102375, 711, 393074
1670733103529, 6371, 399445
1670733104530, 6673, 406118
1670733105530, 6894, 413012
1670733106530, 7280, 420292
1670733108440, 6433, 426725
1670733109440, 4952, 431677
1670733110441, 6765, 438442
1670733111441, 7127, 445569
1670733112441, 463, 446032
1670733113442, 5782, 451814
1670733114442, 6553, 458367
1670733115443, 7040, 465407
1670733116443, 7565, 472972
1670733117443, 87, 473059
1670733118468, 6879, 479938
1670733119468, 6299, 486237
1670733120469, 7816, 494053
1670733121469, 4010, 498063
1670733122899, 8416, 506479
1670733123899, 8030, 514509
1670733124900, 2519, 517028
1670733125900, 0, 517028
1670733126900, 0, 517028
1670733128406, 0, 517028
1670733129406, 0, 517028
1670733130406, 0, 517028
1670733131407, 0, 517028
1670733132407, 0, 517028
1670733133407, 0, 517028
1670733134407, 0, 517028
1670733135408, 0, 517028
1670733136408, 0, 517028
1670733137408, 0, 517028
1670733138408, 0, 517028
1670733139409, 0, 517028
1670733140409, 0, 517028
1670733141409, 0, 517028
1670733142409, 0, 517028
1670733143410, 0, 517028
1670733144410, 0, 517028
1670733145410, 0, 517028
1670733146410, 0, 517028
1670733147411, 0, 517028
1670733148411, 0, 517028
1670733149411, 0, 517028
1670733150411, 0, 517028
1670733151412, 0, 517028
1670733152412, 0, 517028
1670733153412, 0, 517028
1670733154412, 0, 517028
1670733155413, 0, 517028
1670733156413, 0, 517028
1670733157413, 0, 517028
1670733158413, 0, 517028
1670733159414, 0, 517028
1670733160414, 0, 517028
1670733161414, 0, 517028
1670733162414, 0, 517028
1670733163415, 0, 517028
1670733164415, 0, 517028
1670733165415, 0, 517028
1670733166415, 0, 517028
1670733167415, 0, 517028
1670733168416, 0, 517028
1670733169416, 0, 517028
1670733170416, 0, 517028
1670733171416, 0, 517028
1670733172417, 0, 517028
1670733173417, 0, 517028
1670733174417, 0, 517028
1670733175417, 0, 517028
1670733176417, 0, 517028
1670733177418, 0, 517028
1670733178418, 0, 517028
1670733179418, 0, 517028
1670733180418, 0, 517028
1670733181418, 0, 517028
1670733182419, 0, 517028
1670733183419, 0, 517028
1670733184419, 0, 517028
1670733185419, 0, 517028
1670733186420, 0, 517028
1670733187420, 0, 517028
1670733188420, 0, 517028
1670733189420, 0, 517028
1670733190420, 0, 517028
1670733191421, 0, 517028
1670733192421, 0, 517028
1670733193421, 0, 517028
1670733194421, 0, 517028
1670733195422, 0, 517028
1670733196422, 0, 517028
1670733197422, 0, 517028
1670733198422, 0, 517028
1670733199422, 0, 517028
1670733200423, 0, 517028
1670733201423, 0, 517028
1670733202423, 0, 517028
1670733203423, 0, 517028
1670733204423, 0, 517028
1670733205424, 0, 517028
1670733206424, 0, 517028
1670733207424, 0, 517028
1670733208424, 0, 517028
1670733209424, 0, 517028
1670733210425, 0, 517028
1670733211425, 0, 517028
1670733212425, 0, 517028
1670733213425, 0, 517028
1670733214425, 0, 517028
1670733215426, 0, 517028
1670733216426, 0, 517028
1670733217426, 0, 517028
1670733218426, 0, 517028
1670733219427, 0, 517028
1670733220427, 0, 517028
1670733221427, 0, 517028
1670733222427, 0, 517028
1670733223427, 0, 517028
1670733224428, 0, 517028
1670733225428, 0, 517028
1670733226428, 0, 517028
1670733227428, 0, 517028
1670733228428, 0, 517028
1670733229429, 0, 517028
1670733230429, 0, 517028
1670733231429, 0, 517028
1670733232429, 0, 517028
1670733233429, 0, 517028
1670733234430, 0, 517028
1670733235430, 0, 517028
1670733236430, 0, 517028
1670733237430, 0, 517028
1670733238430, 0, 517028
1670733239431, 0, 517028
1670733240431, 0, 517028
1670733241431, 0, 517028
1670733242431, 0, 517028
1670733243432, 0, 517028
1670733244432, 0, 517028
1670733245432, 0, 517028
1670733246432, 0, 517028
1670733247432, 0, 517028
1670733248433, 0, 517028
1670733249433, 0, 517028
1670733250433, 0, 517028
1670733251433, 0, 517028
1670733252433, 0, 517028
1670733253434, 0, 517028
1670733254434, 0, 517028
1670733255434, 0, 517028
1670733256434, 0, 517028
1670733257434, 0, 517028
1670733258435, 0, 517028
1670733259435, 0, 517028
1670733260435, 0, 517028
1670733261435, 0, 517028
1670733262435, 0, 517028
1670733263436, 0, 517028
1670733264436, 0, 517028
1670733265436, 0, 517028
1670733266436, 0, 517028
1670733267437, 0, 517028
1670733268437, 0, 517028
1670733269437, 0, 517028
1670733270437, 0, 517028
1670733271437, 0, 517028
1670733272438, 0, 517028
1670733273438, 0, 517028
1670733274438, 0, 517028
1670733275438, 0, 517028
1670733276439, 0, 517028
1670733277439, 0, 517028
1670733278439, 0, 517028
1670733279439, 0, 517028
1670733280439, 0, 517028
1670733281440, 0, 517028
1670733282440, 0, 517028
1670733283440, 0, 517028
1670733284440, 0, 517028
1670733285440, 0, 517028
1670733286441, 0, 517028
1670733287441, 0, 517028
1670733288441, 0, 517028
1670733289441, 0, 517028
1670733290441, 0, 517028
1670733291442, 0, 517028
1670733292442, 0, 517028
1670733293442, 0, 517028
1670733294442, 0, 517028
1670733295443, 0, 517028
1670733296443, 0, 517028
1670733297443, 0, 517028
1670733298443, 0, 517028
1670733299443, 0, 517028
1670733300443, 0, 517028
1670733301444, 0, 517028
1670733302444, 0, 517028
1670733303444, 0, 517028
1670733304444, 0, 517028
1670733305444, 0, 517028
1670733306445, 0, 517028
1670733307445, 0, 517028
1670733308445, 0, 517028
1670733309445, 0, 517028
1670733310445, 0, 517028
1670733311445, 0, 517028
1670733312446, 0, 517028
1670733313446, 0, 517028
1670733314446, 0, 517028
1670733315446, 0, 517028
1670733316446, 0, 517028
1670733317447, 0, 517028
1670733318447, 0, 517028
1670733319447, 0, 517028
1670733320447, 0, 517028
1670733321447, 0, 517028
1670733322448, 0, 517028
1670733323448, 0, 517028
1670733324448, 0, 517028
1670733325448, 0, 517028
1670733326448, 0, 517028
1670733327448, 0, 517028
1670733328449, 0, 517028
1670733329449, 0, 517028
1670733330449, 0, 517028
1670733331449, 0, 517028
1670733332449, 0, 517028
1670733333450, 0, 517028
1670733334450, 0, 517028
1670733335450, 0, 517028
1670733336450, 0, 517028
1670733337450, 0, 517028
1670733338451, 0, 517028
1670733339451, 0, 517028
1670733340451, 0, 517028
1670733341451, 0, 517028
1670733342451, 0, 517028
1670733343452, 0, 517028
1670733344452, 0, 517028
1670733345452, 0, 517028
1670733346452, 0, 517028
1670733347452, 0, 517028
1670733348452, 0, 517028
1670733349453, 0, 517028
1670733350453, 0, 517028
1670733351453, 0, 517028
1670733352453, 0, 517028
1670733353453, 0, 517028
1670733354454, 0, 517028
1670733355454, 0, 517028
1670733356454, 0, 517028
1670733357454, 0, 517028
1670733358454, 0, 517028
1670733359455, 0, 517028
1670733360455, 0, 517028
1670733361455, 0, 517028
1670733362455, 0, 517028
1670733363455, 0, 517028
1670733364455, 0, 517028
1670733365456, 0, 517028
1670733366456, 0, 517028
1670733367456, 0, 517028
1670733368456, 0, 517028
1670733369456, 0, 517028
1670733370457, 0, 517028
1670733371457, 0, 517028
1670733372457, 0, 517028
1670733373457, 0, 517028
1670733374457, 0, 517028
1670733375457, 0, 517028
1670733376458, 0, 517028
1670733377458, 0, 517028
1670733378458, 0, 517028
1670733379458, 0, 517028
1670733380458, 0, 517028
1670733381459, 0, 517028
1670733382459, 0, 517028
1670733383459, 0, 517028
1670733384459, 0, 517028
1670733385459, 0, 517028
1670733386460, 0, 517028
1670733387460, 0, 517028
1670733388460, 0, 517028
1670733389460, 0, 517028
1670733390460, 0, 517028
1670733391460, 0, 517028
1670733392461, 0, 517028
1670733393461, 0, 517028
1670733394461, 0, 517028
1670733395461, 0, 517028
1670733396461, 0, 517028
1670733397462, 0, 517028
1670733398462, 0, 517028
1670733399462, 0, 517028
1670733400462, 0, 517028
1670733401462, 0, 517028
1670733402462, 0, 517028
1670733403463, 0, 517028
1670733404463, 0, 517028
1670733405463, 0, 517028
1670733406463, 0, 517028
1670733407463, 0, 517028
1670733408464, 0, 517028
1670733409464, 0, 517028
1670733410464, 0, 517028
1670733411464, 0, 517028
1670733412464, 0, 517028
1670733413465, 0, 517028
1670733414465, 0, 517028
1670733415465, 0, 517028
1670733416465, 0, 517028
1670733417465, 0, 517028
1670733418465, 0, 517028
1670733419466, 0, 517028
1670733420466, 0, 517028
1670733421466, 0, 517028
1670733422466, 0, 517028
1670733423466, 0, 517028
1670733424467, 0, 517028
1670733425467, 0, 517028
1670733426467, 0, 517028
1670733427467, 0, 517028
1670733428467, 0, 517028
1670733429468, 0, 517028
1670733430468, 0, 517028
1670733431468, 0, 517028
1670733432468, 0, 517028
1670733433468, 0, 517028
1670733434469, 0, 517028
1670733435469, 0, 517028
1670733436469, 0, 517028
1670733437469, 0, 517028
1670733438469, 0, 517028
1670733439469, 0, 517028
1670733440470, 0, 517028
1670733441470, 0, 517028
1670733442470, 0, 517028
1670733443470, 0, 517028
1670733444470, 0, 517028
1670733445471, 0, 517028
1670733446471, 0, 517028
1670733447471, 0, 517028
1670733448471, 0, 517028
1670733449471, 0, 517028
1670733450472, 0, 517028
1670733451472, 0, 517028
1670733452472, 0, 517028
1670733453472, 0, 517028
1670733454472, 0, 517028
1670733455473, 0, 517028
21:37:35,668 ERROR [TCPListener] SessionHandler:120 - Error in SessionHandler during reading!
java.nio.channels.ClosedSelectorException
	at java.base/sun.nio.ch.EPollSelectorImpl.ensureOpen(EPollSelectorImpl.java:98)
	at java.base/sun.nio.ch.EPollSelectorImpl.setEventOps(EPollSelectorImpl.java:243)
	at java.base/sun.nio.ch.SelectionKeyImpl.interestOps(SelectionKeyImpl.java:101)
	at ch.usi.da.paxos.ring.SessionHandler.handleReadable(SessionHandler.java:68)
	at ch.usi.da.paxos.ring.TCPListener.run(TCPListener.java:89)
	at java.base/java.lang.Thread.run(Thread.java:830)
21:37:35,673 INFO  [main-EventThread] RingManager:133 - RingManager ring 1 changed: [1, 13] (succsessor: 1 at /10.10.1.2:2115)
21:37:35,780 ERROR [main-EventThread] TopologyManager:465 - org.apache.zookeeper.KeeperException$SessionExpiredException: KeeperErrorCode = Session expired for /ringpaxos/topology1/learners
21:37:35,780 ERROR [main-EventThread] TopologyManager:465 - org.apache.zookeeper.KeeperException$SessionExpiredException: KeeperErrorCode = Session expired for /ringpaxos/topology1/nodes
21:37:35,781 ERROR [main-EventThread] RingManager:232 - org.apache.zookeeper.KeeperException$SessionExpiredException: KeeperErrorCode = Session expired for /ringpaxos/topology1/nodes
