20:46:58,695 INFO  [main] RawABListener:48 - Initing a RawABListener...
20:46:58,703 INFO  [main] Node:101 - PID: 68997
20:46:58,873 INFO  [main] NetworkManager:117 - NetworkManager tcp_nodelay: true
20:46:58,877 INFO  [main] NetworkManager:123 - NetworkManager tcp_crc: false
20:46:58,877 INFO  [main] NetworkManager:127 - NetworkManager buf_size: 2097152
20:46:58,891 INFO  [main] ElasticLearnerRole:93 - ElasticLearnerRole replication group 1
20:46:58,892 INFO  [main] ElasticLearnerRole:97 - ElasticLearnerRole initial ring 1
20:46:58,894 INFO  [main] ElasticLearnerRole:102 - ElasticLearnerRole deliver_skip_messages: enabled
20:46:58,902 INFO  [ElasticLearner] LearnerRole:102 - Learner recovery: disabled
20:46:58,904 INFO  [ElasticLearner] LearnerRole:108 - Learner auto_trim: disabled
20:46:58,911 INFO  [main-EventThread] RingManager:133 - RingManager ring 1 changed: [1, 2, 4, 13, 14, 15] (succsessor: 14 at /10.10.1.5:2881)
20:46:58,923 INFO  [main] Replica:169 - Token [0], ringId [null], nodeId [13], snapshot_modulo [0], zoo_host [null], path [null], embebedLog [false], useDiskDb [false] with simple constructor
1670730418923, 0, 0
Reading from stdin
1670730419924, 0, 0
1670730420924, 0, 0
1670730421925, 0, 0
1670730422925, 0, 0
1670730423925, 961, 961
1670730424926, 8048, 9009
1670730425926, 8086, 17095
1670730426927, 8145, 25240
1670730427927, 8110, 33350
1670730428928, 8095, 41445
1670730429928, 8067, 49512
1670730430929, 8038, 57550
1670730431929, 8154, 65704
1670730432930, 8074, 73778
1670730433931, 8047, 81825
1670730434931, 8147, 89972
1670730435931, 8120, 98092
1670730436932, 8061, 106153
1670730437932, 8104, 114257
1670730438933, 8093, 122350
1670730439933, 7823, 130173
1670730440933, 7453, 137626
1670730441934, 7540, 145166
1670730442934, 7627, 152793
1670730443935, 7430, 160223
1670730444935, 7516, 167739
1670730445936, 7577, 175316
1670730446936, 7574, 182890
1670730447937, 7430, 190320
1670730448937, 7451, 197771
1670730449938, 7683, 205454
1670730450938, 8162, 213616
1670730451938, 8083, 221699
1670730452939, 7704, 229403
1670730453939, 8165, 237568
1670730454940, 8141, 245709
1670730455940, 8086, 253795
1670730456941, 8180, 261975
1670730457942, 8117, 270092
1670730458942, 8066, 278158
1670730459942, 8167, 286325
1670730460943, 8195, 294520
1670730461943, 8159, 302679
1670730462943, 8188, 310867
1670730463944, 8145, 319012
1670730464944, 8097, 327109
1670730465944, 8192, 335301
1670730466945, 8122, 343423
1670730467945, 8130, 351553
1670730468945, 8052, 359605
1670730469946, 8147, 367752
1670730470946, 8093, 375845
1670730471946, 7931, 383776
1670730472946, 8211, 391987
1670730473947, 8127, 400114
1670730474947, 8101, 408215
1670730475947, 8152, 416367
1670730476948, 8103, 424470
1670730477948, 8043, 432513
1670730478949, 7933, 440446
1670730479949, 8145, 448591
1670730480949, 8134, 456725
1670730481950, 8129, 464854
1670730482950, 8042, 472896
1670730483950, 8102, 480998
1670730484950, 7892, 488890
1670730485951, 8212, 497102
1670730486951, 8169, 505271
1670730487951, 8148, 513419
1670730488952, 8206, 521625
1670730489952, 8085, 529710
1670730490952, 8259, 537969
1670730491953, 8133, 546102
1670730492953, 8189, 554291
1670730493953, 8140, 562431
1670730494953, 8115, 570546
1670730495954, 8200, 578746
1670730496954, 8140, 586886
1670730497954, 8105, 594991
1670730498955, 8150, 603141
1670730499956, 8143, 611284
1670730500956, 8218, 619502
1670730501957, 8110, 627612
1670730502957, 8113, 635725
1670730503957, 8092, 643817
1670730504958, 8143, 651960
1670730505958, 8136, 660096
1670730506958, 8111, 668207
1670730507959, 8158, 676365
1670730508959, 8109, 684474
1670730509959, 8190, 692664
1670730510959, 8290, 700954
1670730511960, 7978, 708932
1670730512960, 8190, 717122
1670730513960, 602, 717724
20:48:34,616 ERROR [main-EventThread] TopologyManager:465 - org.apache.zookeeper.KeeperException$SessionExpiredException: KeeperErrorCode = Session expired for /ringpaxos/topology1/learners
20:48:34,618 ERROR [main-EventThread] TopologyManager:465 - org.apache.zookeeper.KeeperException$SessionExpiredException: KeeperErrorCode = Session expired for /ringpaxos/topology1/nodes
20:48:34,618 ERROR [main-EventThread] RingManager:232 - org.apache.zookeeper.KeeperException$SessionExpiredException: KeeperErrorCode = Session expired for /ringpaxos/topology1/nodes
