00:45:20,496 INFO  [main] RawABListener:48 - Initing a RawABListener...
00:45:20,509 INFO  [main] Node:101 - PID: 11104
00:45:20,686 INFO  [main] NetworkManager:117 - NetworkManager tcp_nodelay: true
00:45:20,691 INFO  [main] NetworkManager:123 - NetworkManager tcp_crc: false
00:45:20,691 INFO  [main] NetworkManager:127 - NetworkManager buf_size: 2097152
00:45:20,710 INFO  [main] ElasticLearnerRole:93 - ElasticLearnerRole replication group 1
00:45:20,713 INFO  [main] ElasticLearnerRole:97 - ElasticLearnerRole initial ring 1
00:45:20,714 INFO  [main] ElasticLearnerRole:102 - ElasticLearnerRole deliver_skip_messages: enabled
00:45:20,718 INFO  [ElasticLearner] LearnerRole:102 - Learner recovery: disabled
00:45:20,720 INFO  [ElasticLearner] LearnerRole:108 - Learner auto_trim: disabled
00:45:20,726 INFO  [main-EventThread] RingManager:133 - RingManager ring 1 changed: [1, 2, 13, 14, 15] (succsessor: 15 at /10.10.1.6:2568)
00:45:20,740 INFO  [main] Replica:169 - Token [0], ringId [null], nodeId [14], snapshot_modulo [0], zoo_host [null], path [null], embebedLog [false], useDiskDb [true] with simple constructor
1671608720740, 0, 0
Reading from stdin
1671608721740, 0, 0
1671608722741, 0, 0
1671608723741, 0, 0
1671608724742, 0, 0
1671608725742, 176, 176
1671608726743, 12141, 12317
1671608727746, 13534, 25851
1671608728746, 13998, 39849
1671608729747, 12486, 52335
1671608730748, 15553, 67888
1671608731748, 16340, 84228
1671608732749, 16801, 101029
1671608733749, 11273, 112302
1671608734750, 12467, 124769
1671608735751, 13036, 137805
1671608736751, 11179, 148984
1671608737751, 13639, 162623
1671608738752, 13814, 176437
1671608739752, 13064, 189501
1671608740753, 14064, 203565
1671608741754, 14196, 217761
1671608742754, 10009, 227770
1671608743754, 12923, 240693
1671608744755, 10716, 251409
1671608745756, 8575, 259984
1671608747567, 14356, 274340
1671608748567, 16947, 291287
1671608749567, 15526, 306813
1671608750568, 12904, 319717
1671608752602, 13712, 333429
1671608753608, 14709, 348138
1671608754609, 15573, 363711
1671608755609, 5952, 369663
1671608757061, 1424, 371087
1671608758061, 0, 371087
1671608759062, 0, 371087
1671608760062, 0, 371087
1671608761062, 0, 371087
1671608762126, 0, 371087
1671608763127, 0, 371087
1671608764127, 0, 371087
1671608765127, 0, 371087
1671608766127, 0, 371087
1671608767128, 0, 371087
1671608768128, 0, 371087
1671608769128, 0, 371087
1671608770128, 0, 371087
1671608771129, 0, 371087
1671608772129, 0, 371087
1671608773129, 0, 371087
1671608774129, 0, 371087
1671608775130, 0, 371087
1671608776130, 0, 371087
1671608777130, 0, 371087
1671608778130, 0, 371087
1671608779131, 0, 371087
1671608780131, 0, 371087
1671608781131, 0, 371087
1671608782131, 0, 371087
1671608783132, 0, 371087
1671608784132, 0, 371087
1671608785132, 0, 371087
1671608786132, 0, 371087
1671608787133, 0, 371087
1671608788133, 0, 371087
1671608789133, 0, 371087
1671608790133, 0, 371087
1671608791134, 0, 371087
1671608792134, 0, 371087
1671608793134, 0, 371087
1671608794134, 0, 371087
1671608795135, 0, 371087
1671608796135, 0, 371087
1671608797135, 0, 371087
1671608798135, 0, 371087
1671608799136, 0, 371087
1671608800136, 0, 371087
1671608801136, 0, 371087
1671608802136, 0, 371087
1671608803137, 0, 371087
1671608804137, 0, 371087
1671608805137, 0, 371087
1671608806137, 0, 371087
1671608807138, 0, 371087
1671608808138, 0, 371087
1671608809138, 0, 371087
1671608810139, 0, 371087
1671608811139, 0, 371087
1671608812139, 0, 371087
1671608813139, 0, 371087
1671608814139, 0, 371087
1671608815140, 0, 371087
1671608816140, 0, 371087
1671608817140, 0, 371087
1671608818140, 0, 371087
1671608819141, 0, 371087
1671608820141, 0, 371087
1671608821141, 0, 371087
1671608822141, 0, 371087
00:47:02,217 ERROR [main-EventThread] TopologyManager:465 - org.apache.zookeeper.KeeperException$SessionExpiredException: KeeperErrorCode = Session expired for /ringpaxos/topology1/acceptors
00:47:02,316 ERROR [main-EventThread] RingManager:232 - org.apache.zookeeper.KeeperException$SessionExpiredException: KeeperErrorCode = Session expired for /ringpaxos/topology1/acceptors
00:47:02,317 ERROR [main-EventThread] TopologyManager:465 - org.apache.zookeeper.KeeperException$SessionExpiredException: KeeperErrorCode = Session expired for /ringpaxos/topology1/nodes
00:47:02,317 ERROR [main-EventThread] RingManager:232 - org.apache.zookeeper.KeeperException$SessionExpiredException: KeeperErrorCode = Session expired for /ringpaxos/topology1/nodes
00:47:02,322 ERROR [main-EventThread] TopologyManager:465 - org.apache.zookeeper.KeeperException$SessionExpiredException: KeeperErrorCode = Session expired for /ringpaxos/topology1/learners
