15:29:30,013 INFO  [main] RawABListener:48 - Initing a RawABListener...
15:29:30,021 INFO  [main] Node:101 - PID: 39503
15:29:30,194 INFO  [main] NetworkManager:117 - NetworkManager tcp_nodelay: true
15:29:30,199 INFO  [main] NetworkManager:123 - NetworkManager tcp_crc: false
15:29:30,199 INFO  [main] NetworkManager:127 - NetworkManager buf_size: 2097152
15:29:30,216 INFO  [main] ElasticLearnerRole:93 - ElasticLearnerRole replication group 1
15:29:30,216 INFO  [main] ElasticLearnerRole:97 - ElasticLearnerRole initial ring 1
15:29:30,217 INFO  [main] ElasticLearnerRole:102 - ElasticLearnerRole deliver_skip_messages: enabled
15:29:30,223 INFO  [ElasticLearner] LearnerRole:102 - Learner recovery: disabled
15:29:30,227 INFO  [ElasticLearner] LearnerRole:108 - Learner auto_trim: disabled
15:29:30,231 INFO  [main-EventThread] RingManager:133 - RingManager ring 1 changed: [2, 13, 14, 15] (succsessor: 14 at /10.10.1.6:2140)
15:29:30,247 INFO  [main] Replica:165 - Token [0], ringId [null], nodeId [13], snapshot_modulo [0], zoo_host [null], path [null], embebedLog [false], useDiskDb [false] with simple constructor
1670192970248, 0, 0
Reading from stdin
15:29:30,586 INFO  [main-EventThread] RingManager:133 - RingManager ring 1 changed: [1, 2, 13, 14, 15] (succsessor: 14 at /10.10.1.6:2140)
1670192971248, 0, 0
1670192972249, 0, 0
1670192973249, 0, 0
1670192974250, 0, 0
1670192975250, 0, 0
1670192976250, 179, 179
1670192977251, 245, 424
1670192978251, 244, 668
1670192979252, 252, 920
1670192980252, 264, 1184
15:29:40,626 INFO  [main-EventThread] RingManager:133 - RingManager ring 1 changed: [1, 2, 4, 13, 14, 15] (succsessor: 14 at /10.10.1.6:2140)
15:29:40,665 ERROR [TCPListener] LearnerRole:219 - Learner received decision without value! [Decision from:2 to:Learner instance:1203 ballot:11 v_ballot:0 value:<none> (891586371103491)]
1670192981253, 100, 1284
1670192982253, 256, 1540
1670192983254, 250, 1790
1670192984254, 260, 2050
1670192985254, 262, 2312
1670192986254, 264, 2576
1670192987255, 252, 2828
1670192988255, 246, 3074
1670192989256, 241, 3315
1670192990256, 252, 3567
1670192991256, 232, 3799
1670192992257, 249, 4048
1670192993257, 242, 4290
1670192994257, 254, 4544
1670192995258, 255, 4799
1670192996258, 256, 5055
1670192997258, 251, 5306
1670192998259, 257, 5563
1670192999259, 257, 5820
1670193000259, 239, 6059
1670193001260, 255, 6314
1670193002260, 256, 6570
1670193003260, 259, 6829
1670193004261, 253, 7082
1670193005261, 241, 7323
1670193006261, 244, 7567
1670193007262, 252, 7819
1670193008262, 260, 8079
1670193009262, 248, 8327
1670193010264, 272, 8599
1670193011264, 249, 8848
1670193012264, 251, 9099
1670193013265, 266, 9365
1670193014265, 253, 9618
1670193015265, 260, 9878
1670193016265, 273, 10151
1670193017266, 261, 10412
1670193018266, 266, 10678
1670193019266, 242, 10920
1670193020267, 250, 11170
1670193021267, 246, 11416
1670193022267, 255, 11671
1670193023267, 243, 11914
1670193024268, 256, 12170
1670193025268, 252, 12422
1670193026268, 261, 12683
1670193027268, 260, 12943
1670193028269, 265, 13208
1670193029269, 256, 13464
1670193030269, 256, 13720
1670193031270, 260, 13980
1670193032270, 270, 14250
1670193033270, 253, 14503
1670193034271, 244, 14747
1670193035271, 243, 14990
1670193036271, 253, 15243
1670193037271, 243, 15486
1670193038272, 252, 15738
1670193039272, 254, 15992
1670193040272, 259, 16251
1670193041272, 260, 16511
1670193042273, 253, 16764
1670193043273, 255, 17019
1670193044273, 260, 17279
1670193045274, 255, 17534
1670193046274, 249, 17783
1670193047274, 250, 18033
1670193048274, 261, 18294
1670193049275, 256, 18550
1670193050275, 252, 18802
1670193051275, 257, 19059
1670193052275, 260, 19319
1670193053276, 258, 19577
1670193054276, 273, 19850
1670193055276, 257, 20107
1670193056276, 245, 20352
1670193057277, 252, 20604
1670193058277, 262, 20866
1670193059277, 250, 21116
1670193060278, 248, 21364
1670193061278, 243, 21607
1670193062278, 254, 21861
1670193063278, 246, 22107
1670193064279, 258, 22365
1670193065279, 187, 22552
1670193066279, 0, 22552
1670193067279, 0, 22552
1670193068280, 0, 22552
