05:00:48,169 INFO  [main] RawABListener:48 - Initing a RawABListener...
05:00:48,181 INFO  [main] Node:101 - PID: 75714
05:00:48,402 INFO  [main] NetworkManager:117 - NetworkManager tcp_nodelay: true
05:00:48,408 INFO  [main] NetworkManager:123 - NetworkManager tcp_crc: false
05:00:48,409 INFO  [main] NetworkManager:127 - NetworkManager buf_size: 2097152
05:00:48,433 INFO  [main] ElasticLearnerRole:93 - ElasticLearnerRole replication group 4
05:00:48,437 INFO  [main] ElasticLearnerRole:97 - ElasticLearnerRole initial ring 4
05:00:48,438 INFO  [main] ElasticLearnerRole:102 - ElasticLearnerRole deliver_skip_messages: enabled
05:00:48,442 INFO  [ElasticLearner] LearnerRole:102 - Learner recovery: disabled
05:00:48,444 INFO  [ElasticLearner] LearnerRole:108 - Learner auto_trim: disabled
05:00:48,450 INFO  [main-EventThread] RingManager:133 - RingManager ring 4 changed: [41, 42, 43, 44] (succsessor: 44 at /10.10.1.7:2958)
05:00:48,573 INFO  [main] Replica:188 - Token [0], ringId [null], nodeId [43], snapshot_modulo [0], zoo_host [10.10.1.1], pathPrefix[/media/disk4/], path [/media/disk4/9c6a05d5-5a54-4f4c-ab0e-60d582fac39e], embebedLog [false], useDiskDb [true] with complex constructor
1710327648574, 0, 0
Reading from stdin
1710327649574, 0, 0
1710327650575, 0, 0
1710327651575, 0, 0
05:00:52,323 INFO  [main-EventThread] RingManager:133 - RingManager ring 4 changed: [7, 41, 42, 43, 44] (succsessor: 44 at /10.10.1.7:2958)
1710327652576, 0, 0
1710327653576, 2071, 2071
1710327654577, 11134, 13205
1710327655578, 12384, 25589
1710327656579, 12672, 38261
1710327657593, 12902, 51163
1710327658594, 11776, 62939
1710327659595, 11826, 74765
1710327660596, 12321, 87086
1710327661597, 12582, 99668
1710327662598, 12249, 111917
1710327663598, 12369, 124286
1710327664600, 11679, 135965
1710327665600, 11709, 147674
1710327666601, 11745, 159419
1710327667602, 11709, 171128
1710327668602, 11061, 182189
1710327669603, 13138, 195327
1710327670603, 11351, 206678
1710327671604, 11966, 218644
1710327672605, 12100, 230744
1710327673606, 11808, 242552
1710327674607, 10827, 253379
1710327675607, 13320, 266699
1710327676608, 12393, 279092
1710327677609, 11502, 290594
1710327678610, 12087, 302681
1710327679610, 12375, 315056
1710327680611, 13167, 328223
1710327681612, 11403, 339626
1710327682685, 11907, 351533
1710327683686, 16191, 367724
1710327684686, 7601, 375325
05:01:25,515 ERROR [main-EventThread] TopologyManager:465 - org.apache.zookeeper.KeeperException$SessionExpiredException: KeeperErrorCode = Session expired for /ringpaxos/topology4/nodes
05:01:25,608 ERROR [main-EventThread] RingManager:232 - org.apache.zookeeper.KeeperException$SessionExpiredException: KeeperErrorCode = Session expired for /ringpaxos/topology4/nodes
05:01:25,609 ERROR [main-EventThread] TopologyManager:465 - org.apache.zookeeper.KeeperException$SessionExpiredException: KeeperErrorCode = Session expired for /ringpaxos/topology4/learners
1710327685687, 0, 375325
1710327686687, 0, 375325
1710327687688, 0, 375325
