05:00:47,972 INFO  [main] RawABListener:48 - Initing a RawABListener...
05:00:47,983 INFO  [main] Node:101 - PID: 74599
05:00:48,201 INFO  [main] NetworkManager:117 - NetworkManager tcp_nodelay: true
05:00:48,209 INFO  [main] NetworkManager:123 - NetworkManager tcp_crc: false
05:00:48,210 INFO  [main] NetworkManager:127 - NetworkManager buf_size: 2097152
05:00:48,239 INFO  [main] ElasticLearnerRole:93 - ElasticLearnerRole replication group 4
05:00:48,240 INFO  [main] ElasticLearnerRole:97 - ElasticLearnerRole initial ring 4
05:00:48,241 INFO  [main] ElasticLearnerRole:102 - ElasticLearnerRole deliver_skip_messages: enabled
05:00:48,246 INFO  [ElasticLearner] LearnerRole:102 - Learner recovery: disabled
05:00:48,249 INFO  [ElasticLearner] LearnerRole:108 - Learner auto_trim: disabled
05:00:48,254 INFO  [main-EventThread] RingManager:133 - RingManager ring 4 changed: [41, 42, 44] (succsessor: 41 at /155.98.36.29:2191)
05:00:48,355 INFO  [main] Replica:188 - Token [0], ringId [null], nodeId [44], snapshot_modulo [0], zoo_host [10.10.1.1], pathPrefix[/media/disk6/], path [/media/disk6/cd241e65-8437-4feb-a893-948643429c58], embebedLog [false], useDiskDb [true] with complex constructor
1710327648357, 0, 0
Reading from stdin
05:00:48,427 INFO  [main-EventThread] RingManager:133 - RingManager ring 4 changed: [41, 42, 43, 44] (succsessor: 41 at /155.98.36.29:2191)
1710327649357, 0, 0
1710327650358, 0, 0
1710327651358, 0, 0
05:00:52,321 INFO  [main-EventThread] RingManager:133 - RingManager ring 4 changed: [7, 41, 42, 43, 44] (succsessor: 7 at /10.10.1.6:2076)
1710327652359, 0, 0
1710327653359, 0, 0
1710327654359, 10712, 10712
1710327655360, 12309, 23021
1710327656361, 12684, 35705
1710327657363, 12726, 48431
1710327658364, 12132, 60563
1710327659366, 10800, 71363
1710327660367, 12942, 84305
1710327661368, 12472, 96777
1710327662369, 12362, 109139
1710327663370, 12240, 121379
1710327664370, 12147, 133526
1710327665371, 11566, 145092
1710327666372, 11699, 156791
1710327667372, 11687, 168478
1710327668373, 10948, 179426
1710327669374, 13212, 192638
1710327670375, 11394, 204032
1710327671376, 12004, 216036
1710327672376, 12071, 228107
1710327673377, 11745, 239852
1710327674377, 11070, 250922
1710327675400, 12276, 263198
1710327676401, 13509, 276707
1710327677402, 11826, 288533
1710327678402, 11790, 300323
1710327679403, 11964, 312287
1710327680404, 13281, 325568
1710327681404, 11700, 337268
1710327682405, 11817, 349085
1710327683405, 12357, 361442
1710327684406, 13883, 375325
1710327685406, 0, 375325
05:01:25,610 ERROR [main-EventThread] TopologyManager:465 - org.apache.zookeeper.KeeperException$SessionExpiredException: KeeperErrorCode = Session expired for /ringpaxos/topology4/nodes
05:01:25,612 ERROR [main-EventThread] RingManager:232 - org.apache.zookeeper.KeeperException$SessionExpiredException: KeeperErrorCode = Session expired for /ringpaxos/topology4/nodes
05:01:25,617 ERROR [main-EventThread] TopologyManager:465 - org.apache.zookeeper.KeeperException$SessionExpiredException: KeeperErrorCode = Session expired for /ringpaxos/topology4/learners
1710327686407, 0, 375325
1710327687408, 0, 375325
