19:50:46,700 INFO  [main] RawABListener:48 - Initing a RawABListener...
19:50:46,708 INFO  [main] Node:101 - PID: 9205
19:50:46,899 INFO  [main] NetworkManager:117 - NetworkManager tcp_nodelay: true
19:50:46,902 INFO  [main] NetworkManager:123 - NetworkManager tcp_crc: false
19:50:46,903 INFO  [main] NetworkManager:127 - NetworkManager buf_size: 2097152
19:50:46,919 INFO  [main] ElasticLearnerRole:93 - ElasticLearnerRole replication group 2
19:50:46,920 INFO  [main] ElasticLearnerRole:97 - ElasticLearnerRole initial ring 2
19:50:46,921 INFO  [main] ElasticLearnerRole:102 - ElasticLearnerRole deliver_skip_messages: enabled
19:50:46,930 INFO  [ElasticLearner] LearnerRole:102 - Learner recovery: disabled
19:50:46,932 INFO  [ElasticLearner] LearnerRole:108 - Learner auto_trim: disabled
19:50:46,939 INFO  [main-EventThread] RingManager:133 - RingManager ring 2 changed: [21, 22, 24] (succsessor: 21 at /10.10.1.7:2109)
19:50:46,944 INFO  [main-EventThread] RingManager:133 - RingManager ring 2 changed: [21, 22, 24, 25] (succsessor: 25 at /10.10.1.12:2497)
19:50:46,954 INFO  [main] Replica:169 - Token [0], ringId [null], nodeId [24], snapshot_modulo [0], zoo_host [null], path [null], embebedLog [false], useDiskDb [false] with simple constructor
1671418246954, 0, 0
Reading from stdin
19:50:46,961 INFO  [main-EventThread] RingManager:133 - RingManager ring 2 changed: [21, 22, 23, 24, 25] (succsessor: 25 at /10.10.1.12:2497)
1671418247955, 0, 0
1671418248955, 0, 0
1671418249955, 0, 0
1671418250956, 0, 0
1671418251956, 671, 671
1671418252957, 3955, 4626
1671418253957, 4030, 8656
1671418254958, 4093, 12749
1671418255958, 4062, 16811
1671418256958, 4049, 20860
1671418257959, 4079, 24939
1671418258959, 4064, 29003
1671418259960, 3966, 32969
1671418260960, 3995, 36964
1671418261961, 4053, 41017
1671418262961, 4083, 45100
1671418263961, 4058, 49158
1671418264963, 4072, 53230
1671418265963, 4049, 57279
1671418266963, 4018, 61297
1671418267964, 4015, 65312
1671418268964, 4083, 69395
1671418269964, 4076, 73471
1671418270965, 4101, 77572
1671418271965, 4031, 81603
1671418272966, 4043, 85646
1671418273966, 4143, 89789
1671418274966, 4058, 93847
1671418275966, 4060, 97907
1671418276967, 4025, 101932
1671418277967, 4062, 105994
1671418278967, 4070, 110064
1671418279968, 4053, 114117
1671418280968, 4060, 118177
1671418281968, 288, 118465
19:51:22,447 ERROR [main-EventThread] TopologyManager:465 - org.apache.zookeeper.KeeperException$SessionExpiredException: KeeperErrorCode = Session expired for /ringpaxos/topology2/nodes
19:51:22,547 ERROR [main-EventThread] RingManager:232 - org.apache.zookeeper.KeeperException$SessionExpiredException: KeeperErrorCode = Session expired for /ringpaxos/topology2/nodes
19:51:22,552 ERROR [main-EventThread] TopologyManager:465 - org.apache.zookeeper.KeeperException$SessionExpiredException: KeeperErrorCode = Session expired for /ringpaxos/topology2/learners
