19:35:53,572 INFO  [main] RawABListener:48 - Initing a RawABListener...
19:35:53,581 INFO  [main] Node:101 - PID: 12239
19:35:53,743 INFO  [main] NetworkManager:117 - NetworkManager tcp_nodelay: true
19:35:53,747 INFO  [main] NetworkManager:123 - NetworkManager tcp_crc: false
19:35:53,748 INFO  [main] NetworkManager:127 - NetworkManager buf_size: 2097152
19:35:53,765 INFO  [main] ElasticLearnerRole:93 - ElasticLearnerRole replication group 2
19:35:53,765 INFO  [main] ElasticLearnerRole:97 - ElasticLearnerRole initial ring 2
19:35:53,768 INFO  [main] ElasticLearnerRole:102 - ElasticLearnerRole deliver_skip_messages: enabled
19:35:53,773 INFO  [ElasticLearner] LearnerRole:102 - Learner recovery: disabled
19:35:53,775 INFO  [ElasticLearner] LearnerRole:108 - Learner auto_trim: disabled
19:35:53,782 INFO  [main-EventThread] RingManager:133 - RingManager ring 2 changed: [21, 22, 23, 24, 25] (succsessor: 24 at /10.10.1.10:2077)
19:35:53,922 INFO  [main] Replica:169 - Token [0], ringId [null], nodeId [23], snapshot_modulo [0], zoo_host [null], path [null], embebedLog [true], useDiskDb [false] with simple constructor
1671590153923, 0, 0
Reading from stdin
1671590154923, 0, 0
1671590155924, 0, 0
1671590156924, 0, 0
1671590157925, 0, 0
1671590158925, 1252, 1252
1671590159925, 7640, 8892
1671590160926, 7589, 16481
1671590161926, 6896, 23377
1671590162927, 6888, 30265
1671590163927, 7217, 37482
1671590164927, 7111, 44593
1671590165928, 7179, 51772
1671590166928, 7141, 58913
1671590167928, 7129, 66042
1671590168929, 7151, 73193
1671590169929, 7089, 80282
1671590170929, 7515, 87797
1671590171930, 7807, 95604
1671590172930, 7544, 103148
1671590173930, 7625, 110773
1671590174931, 7693, 118466
1671590175931, 7599, 126065
1671590176931, 7533, 133598
1671590177932, 7681, 141279
1671590178932, 7515, 148794
1671590179932, 7604, 156398
1671590180932, 7792, 164190
1671590181933, 7477, 171667
1671590182933, 6737, 178404
1671590183933, 9061, 187465
1671590184934, 7965, 195430
1671590185934, 7730, 203160
1671590186934, 7880, 211040
1671590187934, 7990, 219030
1671590188935, 824, 219854
19:36:29,391 ERROR [TCPListener] SessionHandler:120 - Error in SessionHandler during reading!
java.nio.channels.ClosedSelectorException
	at java.base/sun.nio.ch.EPollSelectorImpl.ensureOpen(EPollSelectorImpl.java:98)
	at java.base/sun.nio.ch.EPollSelectorImpl.setEventOps(EPollSelectorImpl.java:243)
	at java.base/sun.nio.ch.SelectionKeyImpl.interestOps(SelectionKeyImpl.java:101)
	at ch.usi.da.paxos.ring.SessionHandler.handleReadable(SessionHandler.java:68)
	at ch.usi.da.paxos.ring.TCPListener.run(TCPListener.java:89)
	at java.base/java.lang.Thread.run(Thread.java:830)
19:36:29,400 ERROR [main-EventThread] TopologyManager:387 - org.apache.zookeeper.KeeperException$ConnectionLossException: KeeperErrorCode = ConnectionLoss for /ringpaxos/topology2/nodes/21
19:36:29,401 INFO  [main-EventThread] RingManager:133 - RingManager ring 2 changed: [21, 23] (succsessor: 21 at null)
19:36:29,402 ERROR [main-EventThread] ClientCnxn:537 - Error while calling watcher 
java.lang.NullPointerException
	at java.base/sun.nio.ch.Net.checkAddress(Net.java:126)
	at java.base/sun.nio.ch.SocketChannelImpl.checkRemote(SocketChannelImpl.java:706)
	at java.base/sun.nio.ch.SocketChannelImpl.connect(SocketChannelImpl.java:720)
	at ch.usi.da.paxos.ring.NetworkManager.connectClient(NetworkManager.java:291)
	at ch.usi.da.paxos.ring.RingManager.notifyRingChanged(RingManager.java:136)
	at ch.usi.da.paxos.ring.RingManager.process(RingManager.java:210)
	at org.apache.zookeeper.ClientCnxn$EventThread.processEvent(ClientCnxn.java:535)
	at org.apache.zookeeper.ClientCnxn$EventThread.run(ClientCnxn.java:510)
19:36:29,503 ERROR [main-EventThread] TopologyManager:465 - org.apache.zookeeper.KeeperException$SessionExpiredException: KeeperErrorCode = Session expired for /ringpaxos/topology2/learners
19:36:29,503 ERROR [main-EventThread] TopologyManager:465 - org.apache.zookeeper.KeeperException$SessionExpiredException: KeeperErrorCode = Session expired for /ringpaxos/topology2/nodes
19:36:29,503 ERROR [main-EventThread] RingManager:232 - org.apache.zookeeper.KeeperException$SessionExpiredException: KeeperErrorCode = Session expired for /ringpaxos/topology2/nodes
