16:54:54,398 INFO  [main] RawABListener:48 - Initing a RawABListener...
16:54:54,409 INFO  [main] Node:101 - PID: 22299
16:54:54,629 INFO  [main] NetworkManager:117 - NetworkManager tcp_nodelay: true
16:54:54,635 INFO  [main] NetworkManager:123 - NetworkManager tcp_crc: false
16:54:54,636 INFO  [main] NetworkManager:127 - NetworkManager buf_size: 2097152
16:54:54,655 INFO  [main] ElasticLearnerRole:93 - ElasticLearnerRole replication group 1
16:54:54,657 INFO  [main] ElasticLearnerRole:97 - ElasticLearnerRole initial ring 1
16:54:54,657 INFO  [main] ElasticLearnerRole:102 - ElasticLearnerRole deliver_skip_messages: enabled
16:54:54,664 INFO  [ElasticLearner] LearnerRole:102 - Learner recovery: disabled
16:54:54,667 INFO  [ElasticLearner] LearnerRole:108 - Learner auto_trim: disabled
16:54:54,673 INFO  [main-EventThread] RingManager:133 - RingManager ring 1 changed: [1, 2, 4, 14] (succsessor: 1 at /10.10.1.3:2588)
16:54:54,773 INFO  [main-EventThread] RingManager:133 - RingManager ring 1 changed: [1, 2, 4, 13, 14] (succsessor: 1 at /10.10.1.3:2588)
16:54:54,782 INFO  [main] Replica:169 - Token [0], ringId [null], nodeId [14], snapshot_modulo [0], zoo_host [null], path [null], embebedLog [false], useDiskDb [false] with simple constructor
1681426494783, 0, 0
Reading from stdin
1681426495783, 0, 0
16:54:55,850 INFO  [main-EventThread] RingManager:133 - RingManager ring 1 changed: [1, 2, 4, 5, 13, 14] (succsessor: 1 at /10.10.1.3:2588)
1681426496784, 0, 0
1681426497784, 0, 0
1681426498785, 0, 0
1681426499785, 2344, 2344
1681426500786, 7921, 10265
1681426501786, 7733, 17998
1681426502786, 7708, 25706
1681426503787, 7791, 33497
1681426504787, 7977, 41474
1681426505788, 7954, 49428
1681426506789, 7648, 57076
1681426507789, 7893, 64969
1681426508790, 7584, 72553
1681426509790, 7869, 80422
1681426510791, 8020, 88442
1681426511791, 7916, 96358
1681426512794, 7931, 104289
1681426513794, 8155, 112444
1681426514795, 8035, 120479
1681426515795, 7874, 128353
1681426516796, 7977, 136330
1681426517797, 8012, 144342
1681426518797, 7917, 152259
1681426519798, 7988, 160247
1681426520799, 7824, 168071
1681426521799, 7974, 176045
1681426522800, 7975, 184020
1681426523800, 7873, 191893
1681426524801, 8001, 199894
1681426525801, 7958, 207852
1681426526802, 7984, 215836
1681426527802, 7943, 223779
1681426528802, 7943, 231722
1681426529803, 1866, 233588
1681426530803, 0, 233588
1681426531803, 0, 233588
1681426532804, 0, 233588
1681426533804, 0, 233588
1681426534805, 0, 233588
1681426535805, 0, 233588
1681426536805, 0, 233588
1681426537806, 0, 233588
1681426538806, 0, 233588
1681426539806, 0, 233588
16:55:39,892 ERROR [main-EventThread] TopologyManager:465 - org.apache.zookeeper.KeeperException$SessionExpiredException: KeeperErrorCode = Session expired for /ringpaxos/topology1/learners
16:55:39,992 ERROR [main-EventThread] TopologyManager:465 - org.apache.zookeeper.KeeperException$SessionExpiredException: KeeperErrorCode = Session expired for /ringpaxos/topology1/nodes
16:55:39,999 ERROR [main-EventThread] RingManager:232 - org.apache.zookeeper.KeeperException$SessionExpiredException: KeeperErrorCode = Session expired for /ringpaxos/topology1/nodes
