01:55:16,339 INFO  [main] RawABListener:48 - Initing a RawABListener...
01:55:16,348 INFO  [main] Node:101 - PID: 88011
01:55:16,546 INFO  [main] NetworkManager:117 - NetworkManager tcp_nodelay: true
01:55:16,552 INFO  [main] NetworkManager:123 - NetworkManager tcp_crc: false
01:55:16,552 INFO  [main] NetworkManager:127 - NetworkManager buf_size: 2097152
01:55:16,577 INFO  [main] ElasticLearnerRole:93 - ElasticLearnerRole replication group 1
01:55:16,577 INFO  [main] ElasticLearnerRole:97 - ElasticLearnerRole initial ring 1
01:55:16,578 INFO  [main] ElasticLearnerRole:102 - ElasticLearnerRole deliver_skip_messages: enabled
01:55:16,584 INFO  [ElasticLearner] LearnerRole:102 - Learner recovery: enabled
01:55:16,586 INFO  [ElasticLearner] LearnerRole:108 - Learner auto_trim: disabled
01:55:16,591 INFO  [main-EventThread] RingManager:133 - RingManager ring 1 changed: [1, 2, 4, 13] (succsessor: 1 at /10.10.1.3:2503)
01:55:16,612 INFO  [main] Replica:188 - Token [0], ringId [null], nodeId [13], snapshot_modulo [0], zoo_host [10.10.1.1], pathPrefix[/media/disk1/], path [/media/disk1/f7faa805-c65f-4c46-b953-f8520d102849], embebedLog [false], useDiskDb [true] with complex constructor
1710921316613, 0, 0
Reading from stdin
01:55:16,663 INFO  [main-EventThread] RingManager:133 - RingManager ring 1 changed: [1, 2, 4, 13, 14] (succsessor: 14 at /10.10.1.6:2899)
1710921317613, 0, 0
1710921318614, 0, 0
1710921319614, 0, 0
1710921320615, 0, 0
1710921321615, 0, 0
1710921322616, 37455, 37455
1710921323616, 51517, 88972
1710921324657, 46259, 135231
1710921325658, 44561, 179792
1710921326661, 56979, 236771
1710921327662, 62137, 298908
1710921328663, 54962, 353870
1710921329664, 33675, 387545
1710921330665, 57943, 445488
1710921331665, 61159, 506647
1710921332666, 56183, 562830
1710921333666, 50735, 613565
1710921334667, 29710, 643275
1710921335667, 51858, 695133
1710921336668, 46839, 741972
1710921337669, 60285, 802257
1710921338669, 49010, 851267
1710921339670, 57372, 908639
1710921340671, 48422, 957061
1710921341672, 37309, 994370
1710921342673, 49549, 1043919
1710921343673, 42210, 1086129
1710921344673, 48983, 1135112
1710921345674, 38017, 1173129
1710921346675, 41880, 1215009
1710921347675, 54212, 1269221
1710921348676, 57497, 1326718
1710921349676, 59592, 1386310
1710921350677, 66002, 1452312
1710921351677, 28408, 1480720
1710921352678, 5141, 1485861
01:55:53,604 ERROR [main-EventThread] TopologyManager:465 - org.apache.zookeeper.KeeperException$SessionExpiredException: KeeperErrorCode = Session expired for /ringpaxos/topology1/acceptors
1710921353678, 0, 1485861
01:55:53,704 ERROR [main-EventThread] RingManager:232 - org.apache.zookeeper.KeeperException$SessionExpiredException: KeeperErrorCode = Session expired for /ringpaxos/topology1/acceptors
01:55:53,704 ERROR [main-EventThread] TopologyManager:465 - org.apache.zookeeper.KeeperException$SessionExpiredException: KeeperErrorCode = Session expired for /ringpaxos/topology1/nodes
01:55:53,714 ERROR [main-EventThread] RingManager:232 - org.apache.zookeeper.KeeperException$SessionExpiredException: KeeperErrorCode = Session expired for /ringpaxos/topology1/nodes
01:55:53,714 ERROR [main-EventThread] TopologyManager:465 - org.apache.zookeeper.KeeperException$SessionExpiredException: KeeperErrorCode = Session expired for /ringpaxos/topology1/learners
1710921354679, 0, 1485861
