21:23:29,301 INFO  [main] RawABListener:48 - Initing a RawABListener...
21:23:29,312 INFO  [main] Node:101 - PID: 24571
21:23:29,515 INFO  [main] NetworkManager:117 - NetworkManager tcp_nodelay: true
21:23:29,519 INFO  [main] NetworkManager:123 - NetworkManager tcp_crc: false
21:23:29,520 INFO  [main] NetworkManager:127 - NetworkManager buf_size: 2097152
21:23:29,542 INFO  [main] ElasticLearnerRole:93 - ElasticLearnerRole replication group 1
21:23:29,543 INFO  [main] ElasticLearnerRole:97 - ElasticLearnerRole initial ring 1
21:23:29,543 INFO  [main] ElasticLearnerRole:102 - ElasticLearnerRole deliver_skip_messages: enabled
21:23:29,548 INFO  [ElasticLearner] LearnerRole:102 - Learner recovery: disabled
21:23:29,550 INFO  [ElasticLearner] LearnerRole:108 - Learner auto_trim: disabled
21:23:29,555 INFO  [main-EventThread] RingManager:133 - RingManager ring 1 changed: [1, 2, 4, 13, 14, 15] (succsessor: 1 at /10.10.1.2:2704)
21:23:29,570 INFO  [main] Replica:169 - Token [0], ringId [null], nodeId [15], snapshot_modulo [0], zoo_host [null], path [null], embebedLog [false], useDiskDb [true] with simple constructor
1672115009571, 0, 0
Reading from stdin
1672115010572, 0, 0
1672115011572, 0, 0
1672115012572, 0, 0
1672115013573, 0, 0
1672115014573, 891, 891
1672115015574, 13977, 14868
1672115016574, 11708, 26576
1672115017575, 11519, 38095
1672115018575, 13269, 51364
1672115019576, 13312, 64676
1672115021629, 19640, 84316
1672115022629, 12075, 96391
1672115023630, 14958, 111349
1672115024630, 13895, 125244
1672115025630, 15041, 140285
1672115026631, 18352, 158637
1672115027631, 17989, 176626
1672115028631, 19079, 195705
1672115029632, 18397, 214102
1672115030632, 11880, 225982
1672115031632, 13822, 239804
1672115032633, 12453, 252257
1672115033633, 10857, 263114
1672115034634, 6300, 269414
1672115036431, 10155, 279569
1672115037431, 16326, 295895
1672115038431, 13328, 309223
1672115039432, 10221, 319444
1672115041197, 13869, 333313
1672115042197, 15124, 348437
1672115043198, 14969, 363406
1672115044200, 5795, 369201
1672115045748, 12894, 382095
1672115046749, 3879, 385974
1672115047749, 0, 385974
1672115048749, 0, 385974
1672115049749, 0, 385974
1672115050751, 0, 385974
1672115051752, 0, 385974
1672115052752, 0, 385974
1672115053752, 0, 385974
1672115054752, 0, 385974
1672115055753, 0, 385974
1672115056753, 0, 385974
1672115057753, 0, 385974
1672115058753, 0, 385974
1672115059754, 0, 385974
1672115060754, 0, 385974
1672115061754, 0, 385974
1672115062754, 0, 385974
1672115063755, 0, 385974
1672115064755, 0, 385974
1672115065755, 0, 385974
1672115066755, 0, 385974
1672115067756, 0, 385974
1672115068756, 0, 385974
1672115069756, 0, 385974
1672115070756, 0, 385974
1672115071757, 0, 385974
1672115072757, 0, 385974
1672115073757, 0, 385974
1672115074757, 0, 385974
1672115075758, 0, 385974
1672115076758, 0, 385974
1672115077758, 0, 385974
1672115078758, 0, 385974
1672115079759, 0, 385974
1672115080759, 0, 385974
1672115081759, 0, 385974
1672115082759, 0, 385974
1672115083760, 0, 385974
1672115084760, 0, 385974
1672115085760, 0, 385974
1672115086760, 0, 385974
1672115087761, 0, 385974
21:24:48,282 ERROR [main-EventThread] TopologyManager:465 - org.apache.zookeeper.KeeperException$SessionExpiredException: KeeperErrorCode = Session expired for /ringpaxos/topology1/nodes
21:24:48,383 ERROR [main-EventThread] RingManager:232 - org.apache.zookeeper.KeeperException$SessionExpiredException: KeeperErrorCode = Session expired for /ringpaxos/topology1/nodes
21:24:48,384 ERROR [main-EventThread] TopologyManager:465 - org.apache.zookeeper.KeeperException$SessionExpiredException: KeeperErrorCode = Session expired for /ringpaxos/topology1/learners
