04:06:00,839 INFO  [main] RawABListener:48 - Initing a RawABListener...
04:06:00,849 INFO  [main] Node:101 - PID: 124877
04:06:01,088 INFO  [main] NetworkManager:117 - NetworkManager tcp_nodelay: true
04:06:01,094 INFO  [main] NetworkManager:123 - NetworkManager tcp_crc: false
04:06:01,095 INFO  [main] NetworkManager:127 - NetworkManager buf_size: 2097152
04:06:01,125 INFO  [main] ElasticLearnerRole:93 - ElasticLearnerRole replication group 1
04:06:01,126 INFO  [main] ElasticLearnerRole:97 - ElasticLearnerRole initial ring 1
04:06:01,126 INFO  [main] ElasticLearnerRole:102 - ElasticLearnerRole deliver_skip_messages: enabled
04:06:01,131 INFO  [ElasticLearner] LearnerRole:102 - Learner recovery: disabled
04:06:01,133 INFO  [ElasticLearner] LearnerRole:108 - Learner auto_trim: disabled
04:06:01,135 INFO  [main-EventThread] RingManager:133 - RingManager ring 1 changed: [1, 2, 13] (succsessor: 1 at /10.10.1.3:2935)
04:06:01,157 INFO  [main] Replica:188 - Token [0], ringId [null], nodeId [13], snapshot_modulo [0], zoo_host [10.10.1.1], pathPrefix[/media/disk1/], path [/media/disk1/04334260-3c48-435d-8ba2-1dc2feaff856], embebedLog [false], useDiskDb [false] with complex constructor
1710929161158, 0, 0
Reading from stdin
04:06:01,249 INFO  [main-EventThread] RingManager:133 - RingManager ring 1 changed: [1, 2, 13, 14] (succsessor: 14 at /10.10.1.6:2129)
1710929162158, 0, 0
1710929163159, 0, 0
1710929164159, 0, 0
1710929165160, 0, 0
1710929166160, 4064, 4064
1710929167161, 61281, 65345
1710929168161, 70268, 135613
1710929169162, 56878, 192491
1710929170163, 44739, 237230
1710929171164, 38606, 275836
1710929172165, 45222, 321058
1710929173167, 44645, 365703
1710929174171, 47258, 412961
1710929175171, 48544, 461505
1710929176171, 52659, 514164
1710929177172, 85629, 599793
1710929178172, 87832, 687625
1710929179173, 53508, 741133
1710929180173, 42134, 783267
1710929181174, 60047, 843314
1710929182175, 59772, 903086
1710929183175, 56503, 959589
1710929184176, 51105, 1010694
1710929185177, 39214, 1049908
1710929186178, 39029, 1088937
1710929187179, 53169, 1142106
1710929188179, 82404, 1224510
1710929189180, 61555, 1286065
1710929190181, 78983, 1365048
1710929191181, 60817, 1425865
1710929192184, 66876, 1492741
1710929193185, 66157, 1558898
1710929194185, 71403, 1630301
1710929195186, 48513, 1678814
1710929196187, 28277, 1707091
1710929197188, 0, 1707091
1710929198188, 162, 1707253
1710929199188, 486, 1707739
1710929200189, 495, 1708234
1710929201189, 18, 1708252
1710929202190, 0, 1708252
1710929203190, 0, 1708252
1710929204190, 0, 1708252
1710929205191, 212, 1708464
1710929206191, 0, 1708464
04:06:46,535 INFO  [main-EventThread] RingManager:133 - RingManager ring 1 changed: [1, 13] (succsessor: 1 at /10.10.1.3:2935)
04:06:46,537 ERROR [TCPListener] SessionHandler:120 - Error in SessionHandler during reading!
java.nio.channels.ClosedSelectorException
	at java.base/sun.nio.ch.EPollSelectorImpl.ensureOpen(EPollSelectorImpl.java:98)
	at java.base/sun.nio.ch.EPollSelectorImpl.setEventOps(EPollSelectorImpl.java:243)
	at java.base/sun.nio.ch.SelectionKeyImpl.interestOps(SelectionKeyImpl.java:101)
	at ch.usi.da.paxos.ring.SessionHandler.handleReadable(SessionHandler.java:68)
	at ch.usi.da.paxos.ring.TCPListener.run(TCPListener.java:89)
	at java.base/java.lang.Thread.run(Thread.java:830)
04:06:46,548 ERROR [main-EventThread] TopologyManager:465 - org.apache.zookeeper.KeeperException$SessionExpiredException: KeeperErrorCode = Session expired for /ringpaxos/topology1/learners
04:06:46,649 ERROR [main-EventThread] TopologyManager:465 - org.apache.zookeeper.KeeperException$SessionExpiredException: KeeperErrorCode = Session expired for /ringpaxos/topology1/nodes
04:06:46,649 ERROR [main-EventThread] RingManager:232 - org.apache.zookeeper.KeeperException$SessionExpiredException: KeeperErrorCode = Session expired for /ringpaxos/topology1/nodes
1710929207191, 0, 1708464
