08:46:19,913 INFO  [main] RawABListener:48 - Initing a RawABListener...
08:46:19,923 INFO  [main] Node:101 - PID: 138291
08:46:20,149 INFO  [main] NetworkManager:117 - NetworkManager tcp_nodelay: true
08:46:20,154 INFO  [main] NetworkManager:123 - NetworkManager tcp_crc: false
08:46:20,154 INFO  [main] NetworkManager:127 - NetworkManager buf_size: 2097152
08:46:20,183 INFO  [main] ElasticLearnerRole:93 - ElasticLearnerRole replication group 1
08:46:20,183 INFO  [main] ElasticLearnerRole:97 - ElasticLearnerRole initial ring 1
08:46:20,184 INFO  [main] ElasticLearnerRole:102 - ElasticLearnerRole deliver_skip_messages: enabled
08:46:20,189 INFO  [ElasticLearner] LearnerRole:102 - Learner recovery: disabled
08:46:20,191 INFO  [ElasticLearner] LearnerRole:108 - Learner auto_trim: disabled
08:46:20,197 INFO  [main-EventThread] RingManager:133 - RingManager ring 1 changed: [1, 2, 14] (succsessor: 1 at /155.98.36.29:2725)
08:46:20,215 INFO  [main] Replica:188 - Token [0], ringId [null], nodeId [14], snapshot_modulo [0], zoo_host [10.10.1.1], pathPrefix[/media/disk5/], path [/media/disk5/c24159de-7e03-4f10-9e74-e42a26e72406], embebedLog [false], useDiskDb [false] with complex constructor
1710341180215, 0, 0
Reading from stdin
08:46:20,227 INFO  [main-EventThread] RingManager:133 - RingManager ring 1 changed: [1, 2, 13, 14] (succsessor: 1 at /155.98.36.29:2725)
1710341181216, 0, 0
1710341182217, 0, 0
1710341183217, 0, 0
1710341184217, 0, 0
1710341185218, 2709, 2709
1710341186218, 16317, 19026
1710341187219, 19152, 38178
1710341188220, 19179, 57357
1710341189221, 18054, 75411
1710341190221, 18144, 93555
1710341191222, 18252, 111807
1710341192222, 17550, 129357
1710341193223, 18135, 147492
1710341194225, 18396, 165888
1710341195225, 19044, 184932
1710341196226, 20664, 205596
1710341197226, 20785, 226381
1710341198227, 23144, 249525
1710341199227, 22851, 272376
1710341200228, 22221, 294597
1710341201229, 21771, 316368
1710341202229, 21780, 338148
1710341203230, 22212, 360360
1710341204231, 21888, 382248
1710341205231, 21708, 403956
1710341206232, 22167, 426123
1710341207233, 23031, 449154
1710341208233, 23436, 472590
1710341209234, 21159, 493749
1710341210234, 21375, 515124
1710341211235, 22428, 537552
1710341212236, 22194, 559746
1710341213237, 24046, 583792
1710341214237, 21980, 605772
1710341215238, 20409, 626181
1710341216238, 0, 626181
1710341217239, 0, 626181
1710341218239, 0, 626181
1710341219240, 0, 626181
1710341220240, 0, 626181
1710341221240, 0, 626181
1710341222241, 279, 626460
08:47:02,865 ERROR [main-EventThread] TopologyManager:465 - org.apache.zookeeper.KeeperException$SessionExpiredException: KeeperErrorCode = Session expired for /ringpaxos/topology1/nodes
08:47:02,964 ERROR [main-EventThread] RingManager:232 - org.apache.zookeeper.KeeperException$SessionExpiredException: KeeperErrorCode = Session expired for /ringpaxos/topology1/nodes
08:47:02,965 ERROR [main-EventThread] TopologyManager:465 - org.apache.zookeeper.KeeperException$SessionExpiredException: KeeperErrorCode = Session expired for /ringpaxos/topology1/learners
1710341223241, 0, 626460
1710341224241, 0, 626460
