21:12:09,753 INFO  [main] RawABListener:48 - Initing a RawABListener...
21:12:09,761 INFO  [main] Node:101 - PID: 28412
21:12:09,946 INFO  [main] NetworkManager:117 - NetworkManager tcp_nodelay: true
21:12:09,950 INFO  [main] NetworkManager:123 - NetworkManager tcp_crc: false
21:12:09,950 INFO  [main] NetworkManager:127 - NetworkManager buf_size: 2097152
21:12:09,967 INFO  [main] ElasticLearnerRole:93 - ElasticLearnerRole replication group 1
21:12:09,968 INFO  [main] ElasticLearnerRole:97 - ElasticLearnerRole initial ring 1
21:12:09,971 INFO  [main] ElasticLearnerRole:102 - ElasticLearnerRole deliver_skip_messages: enabled
21:12:09,976 INFO  [ElasticLearner] LearnerRole:102 - Learner recovery: disabled
21:12:09,978 INFO  [ElasticLearner] LearnerRole:108 - Learner auto_trim: disabled
21:12:09,984 INFO  [main-EventThread] RingManager:133 - RingManager ring 1 changed: [1, 4, 13, 14] (succsessor: 14 at /10.10.1.5:2519)
21:12:09,995 INFO  [main-EventThread] RingManager:133 - RingManager ring 1 changed: [1, 2, 4, 13, 14] (succsessor: 14 at /10.10.1.5:2519)
21:12:09,996 INFO  [main] Replica:169 - Token [0], ringId [null], nodeId [13], snapshot_modulo [0], zoo_host [null], path [null], embebedLog [false], useDiskDb [false] with simple constructor
1672114329997, 0, 0
Reading from stdin
21:12:10,031 INFO  [main-EventThread] RingManager:133 - RingManager ring 1 changed: [1, 2, 4, 13, 14, 15] (succsessor: 14 at /10.10.1.5:2519)
1672114330997, 0, 0
1672114331998, 0, 0
1672114332998, 0, 0
1672114333999, 0, 0
1672114334999, 2435, 2435
1672114335999, 29691, 32126
1672114337000, 34416, 66542
1672114338000, 35460, 102002
1672114339001, 30816, 132818
1672114340001, 28524, 161342
1672114341003, 25353, 186695
1672114342003, 23193, 209888
1672114343003, 22941, 232829
1672114344004, 23373, 256202
1672114345004, 23112, 279314
1672114346005, 27252, 306566
1672114347005, 23030, 329596
1672114348006, 27050, 356646
1672114349006, 30624, 387270
1672114350007, 33100, 420370
1672114351008, 32532, 452902
1672114352008, 35037, 487939
1672114353009, 32654, 520593
1672114354009, 34034, 554627
1672114355010, 31101, 585728
1672114356010, 29628, 615356
1672114357011, 34020, 649376
1672114358012, 31697, 681073
1672114359012, 32679, 713752
1672114360013, 25918, 739670
1672114361013, 35163, 774833
1672114362013, 33838, 808671
1672114363014, 35819, 844490
1672114364014, 34984, 879474
1672114365015, 16610, 896084
1672114366015, 351, 896435
1672114367015, 0, 896435
1672114368016, 108, 896543
1672114369016, 189, 896732
1672114370016, 189, 896921
1672114371017, 27, 896948
1672114372017, 54, 897002
1672114373017, 0, 897002
1672114374018, 0, 897002
1672114375018, 36, 897038
21:12:55,992 ERROR [main-EventThread] TopologyManager:465 - org.apache.zookeeper.KeeperException$ConnectionLossException: KeeperErrorCode = ConnectionLoss for /ringpaxos/topology1/nodes
1672114376018, 0, 897038
21:12:56,095 ERROR [main-EventThread] RingManager:232 - org.apache.zookeeper.KeeperException$SessionExpiredException: KeeperErrorCode = Session expired for /ringpaxos/topology1/nodes
21:12:56,099 ERROR [main-EventThread] TopologyManager:465 - org.apache.zookeeper.KeeperException$SessionExpiredException: KeeperErrorCode = Session expired for /ringpaxos/topology1/learners
