00:13:41,494 INFO  [main] RawABListener:48 - Initing a RawABListener...
00:13:41,505 INFO  [main] Node:101 - PID: 67722
00:13:41,728 INFO  [main] NetworkManager:117 - NetworkManager tcp_nodelay: true
00:13:41,733 INFO  [main] NetworkManager:123 - NetworkManager tcp_crc: false
00:13:41,734 INFO  [main] NetworkManager:127 - NetworkManager buf_size: 2097152
00:13:41,758 INFO  [main] ElasticLearnerRole:93 - ElasticLearnerRole replication group 1
00:13:41,759 INFO  [main] ElasticLearnerRole:97 - ElasticLearnerRole initial ring 1
00:13:41,760 INFO  [main] ElasticLearnerRole:102 - ElasticLearnerRole deliver_skip_messages: enabled
00:13:41,766 INFO  [ElasticLearner] LearnerRole:102 - Learner recovery: disabled
00:13:41,768 INFO  [ElasticLearner] LearnerRole:108 - Learner auto_trim: disabled
00:13:41,771 INFO  [main-EventThread] RingManager:133 - RingManager ring 1 changed: [1, 2, 13] (succsessor: 1 at /10.10.1.3:2184)
00:13:41,796 INFO  [main] Replica:188 - Token [0], ringId [null], nodeId [13], snapshot_modulo [0], zoo_host [10.10.1.1], pathPrefix[/media/disk1/], path [/media/disk1/5ac11c9f-9130-40d5-b262-92099e719783], embebedLog [true], useDiskDb [false] with complex constructor
1710915221796, 0, 0
Reading from stdin
00:13:41,957 INFO  [main-EventThread] RingManager:133 - RingManager ring 1 changed: [1, 2, 13, 14] (succsessor: 14 at /10.10.1.6:2471)
1710915222797, 0, 0
1710915223797, 0, 0
1710915224798, 0, 0
1710915225798, 0, 0
1710915226799, 4122, 4122
1710915227799, 28822, 32944
1710915228799, 34574, 67518
1710915229800, 33928, 101446
1710915230800, 28622, 130068
1710915231801, 28866, 158934
1710915232801, 34502, 193436
1710915233802, 36829, 230265
1710915234802, 35002, 265267
1710915235802, 32466, 297733
1710915236802, 32262, 329995
1710915237803, 36467, 366462
1710915238803, 35577, 402039
1710915239809, 31732, 433771
1710915240810, 36454, 470225
1710915241811, 36209, 506434
1710915242811, 35665, 542099
1710915243811, 30226, 572325
1710915244813, 38299, 610624
1710915245814, 35819, 646443
1710915246814, 35444, 681887
1710915247815, 36612, 718499
1710915248815, 34992, 753491
1710915249816, 37648, 791139
1710915250816, 35584, 826723
1710915251816, 31691, 858414
1710915252817, 40711, 899125
1710915253818, 40254, 939379
1710915254818, 39421, 978800
1710915255818, 35478, 1014278
1710915256819, 23684, 1037962
1710915257819, 6162, 1044124
1710915258819, 0, 1044124
1710915259820, 0, 1044124
1710915260820, 0, 1044124
1710915261821, 0, 1044124
1710915262821, 0, 1044124
1710915263821, 0, 1044124
1710915264822, 0, 1044124
1710915265822, 0, 1044124
1710915266822, 35, 1044159
1710915267822, 0, 1044159
00:14:27,852 ERROR [main-EventThread] TopologyManager:465 - org.apache.zookeeper.KeeperException$SessionExpiredException: KeeperErrorCode = Session expired for /ringpaxos/topology1/learners
00:14:27,853 ERROR [main-EventThread] TopologyManager:465 - org.apache.zookeeper.KeeperException$SessionExpiredException: KeeperErrorCode = Session expired for /ringpaxos/topology1/nodes
00:14:27,854 ERROR [main-EventThread] RingManager:232 - org.apache.zookeeper.KeeperException$SessionExpiredException: KeeperErrorCode = Session expired for /ringpaxos/topology1/nodes
