23:34:34,564 INFO  [main] RawABListener:48 - Initing a RawABListener...
23:34:34,575 INFO  [main] Node:101 - PID: 9982
23:34:34,773 INFO  [main] NetworkManager:117 - NetworkManager tcp_nodelay: true
23:34:34,777 INFO  [main] NetworkManager:123 - NetworkManager tcp_crc: false
23:34:34,778 INFO  [main] NetworkManager:127 - NetworkManager buf_size: 2097152
23:34:34,796 INFO  [main] ElasticLearnerRole:93 - ElasticLearnerRole replication group 1
23:34:34,796 INFO  [main] ElasticLearnerRole:97 - ElasticLearnerRole initial ring 1
23:34:34,797 INFO  [main] ElasticLearnerRole:102 - ElasticLearnerRole deliver_skip_messages: enabled
23:34:34,806 INFO  [ElasticLearner] LearnerRole:102 - Learner recovery: disabled
23:34:34,808 INFO  [ElasticLearner] LearnerRole:108 - Learner auto_trim: disabled
23:34:34,813 INFO  [main-EventThread] RingManager:133 - RingManager ring 1 changed: [1, 2, 13, 14, 15] (succsessor: 14 at /10.10.1.5:2550)
23:34:34,832 INFO  [main] Replica:169 - Token [0], ringId [null], nodeId [13], snapshot_modulo [0], zoo_host [null], path [null], embebedLog [true], useDiskDb [false] with simple constructor
1671604474832, 0, 0
Reading from stdin
1671604475832, 0, 0
1671604476833, 0, 0
1671604477833, 0, 0
1671604478834, 0, 0
1671604479834, 26, 26
1671604480834, 9172, 9198
1671604481835, 9523, 18721
1671604482835, 11594, 30315
1671604483836, 9771, 40086
1671604484836, 12201, 52287
1671604485837, 13050, 65337
1671604486838, 13325, 78662
1671604487838, 11641, 90303
1671604488839, 11191, 101494
1671604489839, 12232, 113726
1671604490840, 13508, 127234
1671604491840, 12464, 139698
1671604492840, 11759, 151457
1671604493840, 9283, 160740
1671604494841, 10585, 171325
1671604495842, 10019, 181344
1671604496842, 11337, 192681
1671604497843, 7699, 200380
1671604498843, 11600, 211980
1671604499843, 9740, 221720
1671604500844, 10752, 232472
1671604501845, 12354, 244826
1671604502845, 12253, 257079
1671604503845, 11921, 269000
1671604504845, 7729, 276729
1671604505846, 10990, 287719
1671604506846, 9664, 297383
1671604507847, 12735, 310118
1671604508847, 14269, 324387
1671604509847, 9368, 333755
1671604510848, 1795, 335550
1671604511848, 0, 335550
1671604512848, 0, 335550
1671604513849, 0, 335550
1671604514849, 0, 335550
1671604515849, 0, 335550
1671604516849, 0, 335550
1671604517850, 0, 335550
1671604518850, 0, 335550
1671604519850, 0, 335550
1671604520850, 0, 335550
23:35:21,717 ERROR [main-EventThread] TopologyManager:465 - org.apache.zookeeper.KeeperException$SessionExpiredException: KeeperErrorCode = Session expired for /ringpaxos/topology1/nodes
23:35:21,816 ERROR [main-EventThread] RingManager:232 - org.apache.zookeeper.KeeperException$SessionExpiredException: KeeperErrorCode = Session expired for /ringpaxos/topology1/nodes
23:35:21,817 ERROR [main-EventThread] TopologyManager:465 - org.apache.zookeeper.KeeperException$SessionExpiredException: KeeperErrorCode = Session expired for /ringpaxos/topology1/learners
