00:55:00,510 INFO  [main] RawABListener:48 - Initing a RawABListener...
00:55:00,520 INFO  [main] Node:101 - PID: 8083
00:55:00,691 INFO  [main] NetworkManager:117 - NetworkManager tcp_nodelay: true
00:55:00,694 INFO  [main] NetworkManager:123 - NetworkManager tcp_crc: false
00:55:00,695 INFO  [main] NetworkManager:127 - NetworkManager buf_size: 2097152
00:55:00,714 INFO  [main] ElasticLearnerRole:93 - ElasticLearnerRole replication group 2
00:55:00,715 INFO  [main] ElasticLearnerRole:97 - ElasticLearnerRole initial ring 2
00:55:00,715 INFO  [main] ElasticLearnerRole:102 - ElasticLearnerRole deliver_skip_messages: enabled
00:55:00,723 INFO  [ElasticLearner] LearnerRole:102 - Learner recovery: disabled
00:55:00,725 INFO  [ElasticLearner] LearnerRole:108 - Learner auto_trim: disabled
00:55:00,727 INFO  [main-EventThread] RingManager:133 - RingManager ring 2 changed: [22, 23, 24, 25] (succsessor: 24 at /10.10.1.10:2480)
00:55:00,747 INFO  [main-EventThread] RingManager:133 - RingManager ring 2 changed: [21, 22, 23, 24, 25] (succsessor: 24 at /10.10.1.10:2480)
00:55:06,282 INFO  [main] Replica:169 - Token [0], ringId [null], nodeId [23], snapshot_modulo [0], zoo_host [null], path [null], embebedLog [true], useDiskDb [false] with simple constructor
1671609306283, 0, 0
Reading from stdin
1671609307284, 7660, 7660
1671609308284, 9233, 16893
1671609309285, 9667, 26560
1671609310285, 8618, 35178
1671609311286, 6609, 41787
1671609312578, 10625, 52412
1671609313579, 9760, 62172
1671609314580, 11584, 73756
1671609315580, 13820, 87576
1671609316581, 11235, 98811
1671609317581, 12150, 110961
1671609318581, 13269, 124230
1671609319582, 12726, 136956
1671609320582, 9944, 146900
1671609321583, 12285, 159185
1671609322583, 10507, 169692
1671609323583, 11366, 181058
1671609324584, 13123, 194181
1671609325584, 12702, 206883
1671609326584, 6899, 213782
1671609327585, 9456, 223238
1671609328585, 11502, 234740
1671609329585, 11437, 246177
1671609330585, 10466, 256643
1671609331586, 11499, 268142
1671609332588, 13950, 282092
1671609333588, 14364, 296456
1671609334588, 14066, 310522
1671609335589, 14260, 324782
1671609336589, 14517, 339299
1671609337589, 8323, 347622
1671609338590, 0, 347622
00:55:38,597 ERROR [TCPListener] SessionHandler:120 - Error in SessionHandler during reading!
java.nio.channels.ClosedSelectorException
	at java.base/sun.nio.ch.EPollSelectorImpl.ensureOpen(EPollSelectorImpl.java:98)
	at java.base/sun.nio.ch.EPollSelectorImpl.setEventOps(EPollSelectorImpl.java:243)
	at java.base/sun.nio.ch.SelectionKeyImpl.interestOps(SelectionKeyImpl.java:101)
	at ch.usi.da.paxos.ring.SessionHandler.handleReadable(SessionHandler.java:68)
	at ch.usi.da.paxos.ring.TCPListener.run(TCPListener.java:89)
	at java.base/java.lang.Thread.run(Thread.java:830)
00:55:38,604 ERROR [main-EventThread] RingManager:232 - org.apache.zookeeper.KeeperException$ConnectionLossException: KeeperErrorCode = ConnectionLoss for /ringpaxos/topology2/nodes
00:55:38,604 ERROR [main-EventThread] TopologyManager:465 - org.apache.zookeeper.KeeperException$ConnectionLossException: KeeperErrorCode = ConnectionLoss for /ringpaxos/topology2/nodes
00:55:38,707 ERROR [main-EventThread] RingManager:232 - org.apache.zookeeper.KeeperException$SessionExpiredException: KeeperErrorCode = Session expired for /ringpaxos/topology2/nodes
00:55:38,707 ERROR [main-EventThread] TopologyManager:465 - org.apache.zookeeper.KeeperException$SessionExpiredException: KeeperErrorCode = Session expired for /ringpaxos/topology2/learners
