15:33:01,601 INFO  [main] RawABListener:48 - Initing a RawABListener...
15:33:01,608 INFO  [main] Node:101 - PID: 33019
15:33:01,808 INFO  [main] NetworkManager:117 - NetworkManager tcp_nodelay: true
15:33:01,811 INFO  [main] NetworkManager:123 - NetworkManager tcp_crc: false
15:33:01,812 INFO  [main] NetworkManager:127 - NetworkManager buf_size: 2097152
15:33:01,830 INFO  [main] ElasticLearnerRole:93 - ElasticLearnerRole replication group 1
15:33:01,830 INFO  [main] ElasticLearnerRole:97 - ElasticLearnerRole initial ring 1
15:33:01,831 INFO  [main] ElasticLearnerRole:102 - ElasticLearnerRole deliver_skip_messages: enabled
15:33:01,836 INFO  [ElasticLearner] LearnerRole:102 - Learner recovery: disabled
15:33:01,838 INFO  [ElasticLearner] LearnerRole:108 - Learner auto_trim: disabled
15:33:01,843 INFO  [main-EventThread] RingManager:133 - RingManager ring 1 changed: [14] (succsessor: 14 at /10.10.1.6:2727)
15:33:01,857 INFO  [main] Replica:165 - Token [0], ringId [null], nodeId [14], snapshot_modulo [0], zoo_host [null], path [null], embebedLog [false], useDiskDb [false] with simple constructor
1670193181857, 0, 0
Reading from stdin
15:33:01,936 INFO  [main-EventThread] RingManager:133 - RingManager ring 1 changed: [1, 14] (succsessor: 1 at /10.10.1.2:2492)
15:33:01,966 INFO  [main-EventThread] RingManager:133 - RingManager ring 1 changed: [1, 14, 15] (succsessor: 15 at /10.10.1.7:2910)
15:33:01,999 INFO  [main-EventThread] RingManager:133 - RingManager ring 1 changed: [1, 2, 14, 15] (succsessor: 15 at /10.10.1.7:2910)
15:33:02,029 INFO  [main-EventThread] RingManager:133 - RingManager ring 1 changed: [1, 2, 13, 14, 15] (succsessor: 15 at /10.10.1.7:2910)
1670193182858, 0, 0
1670193183858, 0, 0
1670193184859, 0, 0
1670193185859, 0, 0
1670193186859, 0, 0
1670193187860, 501, 501
1670193188860, 510, 1011
1670193189861, 509, 1520
1670193190861, 509, 2029
1670193191862, 492, 2521
15:33:12,342 INFO  [main-EventThread] RingManager:133 - RingManager ring 1 changed: [1, 2, 4, 13, 14, 15] (succsessor: 15 at /10.10.1.7:2910)
15:33:12,386 ERROR [TCPListener] LearnerRole:219 - Learner received decision without value! [Decision from:2 to:Learner instance:2446 ballot:11 v_ballot:0 value:<none> (893703450203431)]
15:33:12,855 WARN  [Learner-1] LearnerRole:133 - Learner re-request missing instance 2446
1670193192862, 236, 2757
1670193193862, 512, 3269
1670193194863, 486, 3755
1670193195863, 508, 4263
1670193196863, 513, 4776
1670193197864, 523, 5299
1670193198864, 507, 5806
1670193199864, 503, 6309
1670193200865, 514, 6823
1670193201865, 513, 7336
1670193202866, 503, 7839
1670193203867, 489, 8328
1670193204867, 500, 8828
1670193205868, 513, 9341
1670193206868, 493, 9834
1670193207868, 506, 10340
1670193208869, 508, 10848
1670193209869, 511, 11359
1670193210869, 490, 11849
1670193211869, 501, 12350
1670193212870, 500, 12850
1670193213870, 528, 13378
1670193214870, 514, 13892
1670193215871, 514, 14406
1670193216871, 509, 14915
1670193217871, 492, 15407
1670193218872, 491, 15898
1670193219872, 494, 16392
1670193220872, 509, 16901
1670193221873, 509, 17410
1670193222873, 488, 17898
1670193223873, 497, 18395
1670193224873, 515, 18910
1670193225874, 509, 19419
1670193226874, 520, 19939
1670193227874, 494, 20433
1670193228874, 490, 20923
1670193229875, 508, 21431
1670193230875, 496, 21927
1670193231875, 503, 22430
1670193232876, 500, 22930
1670193233876, 511, 23441
1670193234876, 496, 23937
1670193235877, 508, 24445
1670193236877, 497, 24942
1670193237878, 508, 25450
1670193238878, 494, 25944
1670193239878, 505, 26449
1670193240878, 515, 26964
1670193241879, 522, 27486
1670193242879, 489, 27975
1670193243879, 502, 28477
1670193244879, 507, 28984
1670193245880, 509, 29493
1670193246880, 508, 30001
1670193247880, 519, 30520
1670193248881, 529, 31049
1670193249881, 505, 31554
1670193250881, 490, 32044
1670193251881, 503, 32547
1670193252882, 528, 33075
1670193253882, 510, 33585
1670193254882, 514, 34099
1670193255882, 510, 34609
1670193256883, 504, 35113
1670193257883, 500, 35613
1670193258883, 509, 36122
1670193259883, 504, 36626
1670193260884, 502, 37128
1670193261884, 505, 37633
1670193262884, 500, 38133
1670193263885, 500, 38633
1670193264885, 507, 39140
1670193265885, 521, 39661
1670193266886, 510, 40171
1670193267886, 500, 40671
1670193268886, 521, 41192
1670193269886, 525, 41717
1670193270886, 497, 42214
1670193271887, 500, 42714
1670193272887, 506, 43220
1670193273887, 493, 43713
1670193274888, 508, 44221
1670193275888, 510, 44731
1670193276888, 73, 44804
1670193277888, 0, 44804
1670193278889, 0, 44804
1670193279889, 0, 44804
1670193280889, 0, 44804
1670193281889, 0, 44804
1670193282890, 0, 44804
1670193283890, 0, 44804
15:34:44,005 INFO  [main-EventThread] RingManager:133 - RingManager ring 1 changed: [1, 2, 4, 14, 15] (succsessor: 15 at /10.10.1.7:2910)
1670193284890, 0, 44804
1670193285890, 0, 44804
1670193286891, 0, 44804
1670193287891, 0, 44804
1670193288891, 0, 44804
1670193289892, 0, 44804
15:34:50,004 INFO  [main-EventThread] RingManager:133 - RingManager ring 1 changed: [2, 4, 14, 15] (succsessor: 15 at /10.10.1.7:2910)
1670193290892, 0, 44804
1670193291892, 0, 44804
1670193292892, 0, 44804
1670193293893, 0, 44804
15:34:54,004 INFO  [main-EventThread] RingManager:133 - RingManager ring 1 changed: [4, 14, 15] (succsessor: 15 at /10.10.1.7:2910)
