06:54:22,545 INFO  [main] RawABListener:48 - Initing a RawABListener...
06:54:22,556 INFO  [main] Node:101 - PID: 41125
06:54:22,756 INFO  [main] NetworkManager:117 - NetworkManager tcp_nodelay: true
06:54:22,760 INFO  [main] NetworkManager:123 - NetworkManager tcp_crc: false
06:54:22,761 INFO  [main] NetworkManager:127 - NetworkManager buf_size: 2097152
06:54:22,780 INFO  [main] ElasticLearnerRole:93 - ElasticLearnerRole replication group 1
06:54:22,782 INFO  [main] ElasticLearnerRole:97 - ElasticLearnerRole initial ring 1
06:54:22,783 INFO  [main] ElasticLearnerRole:102 - ElasticLearnerRole deliver_skip_messages: enabled
06:54:22,788 INFO  [ElasticLearner] LearnerRole:102 - Learner recovery: disabled
06:54:22,790 INFO  [ElasticLearner] LearnerRole:108 - Learner auto_trim: disabled
06:54:22,795 INFO  [main-EventThread] RingManager:133 - RingManager ring 1 changed: [1, 2, 13] (succsessor: 1 at /10.10.1.3:2672)
06:54:23,077 INFO  [main-EventThread] RingManager:133 - RingManager ring 1 changed: [1, 2, 13, 14] (succsessor: 14 at /10.10.1.6:2220)
06:54:28,334 INFO  [main] Replica:172 - Token [0], ringId [null], nodeId [13], snapshot_modulo [0], zoo_host [null], path [null], embebedLog [false], useDiskDb [true] with simple constructor
1681995268335, 0, 0
Reading from stdin
1681995269336, 290, 290
1681995270336, 254, 544
1681995271336, 253, 797
1681995272337, 241, 1038
1681995273337, 258, 1296
1681995274337, 242, 1538
1681995275338, 250, 1788
1681995276338, 254, 2042
1681995277339, 246, 2288
1681995278339, 258, 2546
1681995279339, 243, 2789
1681995280339, 265, 3054
1681995281340, 250, 3304
1681995282340, 256, 3560
1681995283340, 256, 3816
1681995284341, 271, 4087
1681995285341, 253, 4340
1681995286341, 261, 4601
1681995287342, 254, 4855
1681995288342, 248, 5103
1681995289342, 259, 5362
1681995290343, 258, 5620
1681995291343, 263, 5883
1681995292343, 247, 6130
1681995293344, 265, 6395
1681995294344, 248, 6643
1681995295344, 268, 6911
1681995296345, 257, 7168
1681995297345, 178, 7346
1681995298345, 0, 7346
06:54:58,468 ERROR [TCPListener] SessionHandler:120 - Error in SessionHandler during reading!
java.nio.channels.ClosedSelectorException
	at java.base/sun.nio.ch.EPollSelectorImpl.ensureOpen(EPollSelectorImpl.java:98)
	at java.base/sun.nio.ch.EPollSelectorImpl.setEventOps(EPollSelectorImpl.java:243)
	at java.base/sun.nio.ch.SelectionKeyImpl.interestOps(SelectionKeyImpl.java:101)
	at ch.usi.da.paxos.ring.SessionHandler.handleReadable(SessionHandler.java:68)
	at ch.usi.da.paxos.ring.TCPListener.run(TCPListener.java:89)
	at java.base/java.lang.Thread.run(Thread.java:830)
06:54:58,472 INFO  [main-EventThread] RingManager:133 - RingManager ring 1 changed: [1, 13] (succsessor: 1 at /10.10.1.3:2672)
06:54:58,577 ERROR [main-EventThread] TopologyManager:465 - org.apache.zookeeper.KeeperException$SessionExpiredException: KeeperErrorCode = Session expired for /ringpaxos/topology1/learners
06:54:58,582 ERROR [main-EventThread] TopologyManager:465 - org.apache.zookeeper.KeeperException$SessionExpiredException: KeeperErrorCode = Session expired for /ringpaxos/topology1/nodes
06:54:58,582 ERROR [main-EventThread] RingManager:232 - org.apache.zookeeper.KeeperException$SessionExpiredException: KeeperErrorCode = Session expired for /ringpaxos/topology1/nodes
06:54:58,582 ERROR [main-EventThread] TopologyManager:465 - org.apache.zookeeper.KeeperException$SessionExpiredException: KeeperErrorCode = Session expired for /ringpaxos/topology1/nodes
06:54:58,583 ERROR [main-EventThread] RingManager:232 - org.apache.zookeeper.KeeperException$SessionExpiredException: KeeperErrorCode = Session expired for /ringpaxos/topology1/nodes
