20:49:09,600 INFO  [main] RawABListener:48 - Initing a RawABListener...
20:49:09,608 INFO  [main] Node:101 - PID: 79169
20:49:09,806 INFO  [main] NetworkManager:117 - NetworkManager tcp_nodelay: true
20:49:09,810 INFO  [main] NetworkManager:123 - NetworkManager tcp_crc: false
20:49:09,811 INFO  [main] NetworkManager:127 - NetworkManager buf_size: 2097152
20:49:09,835 INFO  [main] ElasticLearnerRole:93 - ElasticLearnerRole replication group 1
20:49:09,838 INFO  [main] ElasticLearnerRole:97 - ElasticLearnerRole initial ring 1
20:49:09,839 INFO  [main] ElasticLearnerRole:102 - ElasticLearnerRole deliver_skip_messages: enabled
20:49:09,843 INFO  [ElasticLearner] LearnerRole:102 - Learner recovery: disabled
20:49:09,845 INFO  [ElasticLearner] LearnerRole:108 - Learner auto_trim: disabled
20:49:09,848 INFO  [main-EventThread] RingManager:133 - RingManager ring 1 changed: [4, 14, 15] (succsessor: 15 at /10.10.1.6:2892)
20:49:09,865 INFO  [main] Replica:169 - Token [0], ringId [null], nodeId [14], snapshot_modulo [0], zoo_host [null], path [null], embebedLog [false], useDiskDb [false] with simple constructor
1670730549865, 0, 0
Reading from stdin
20:49:09,940 INFO  [main-EventThread] RingManager:133 - RingManager ring 1 changed: [4, 13, 14, 15] (succsessor: 15 at /10.10.1.6:2892)
20:49:09,946 INFO  [main-EventThread] RingManager:133 - RingManager ring 1 changed: [1, 4, 13, 14, 15] (succsessor: 15 at /10.10.1.6:2892)
20:49:09,958 INFO  [main-EventThread] RingManager:133 - RingManager ring 1 changed: [1, 2, 4, 13, 14, 15] (succsessor: 15 at /10.10.1.6:2892)
1670730550865, 0, 0
1670730551866, 0, 0
1670730552866, 0, 0
1670730553867, 0, 0
1670730554867, 0, 0
1670730555870, 3796, 3796
1670730556871, 3918, 7714
1670730557871, 3878, 11592
1670730558872, 3959, 15551
1670730559872, 3820, 19371
1670730560872, 3881, 23252
1670730561873, 3891, 27143
1670730562873, 3862, 31005
1670730563874, 3896, 34901
1670730564875, 3996, 38897
1670730565875, 4078, 42975
1670730566876, 4073, 47048
1670730567876, 4064, 51112
1670730568876, 4012, 55124
1670730569877, 4033, 59157
1670730570877, 3660, 62817
1670730571877, 3579, 66396
1670730572878, 3522, 69918
1670730573878, 3479, 73397
1670730574879, 3468, 76865
1670730575879, 3589, 80454
1670730576879, 3575, 84029
1670730577880, 3598, 87627
1670730578880, 3576, 91203
1670730579880, 3585, 94788
1670730580881, 3889, 98677
1670730581882, 4125, 102802
1670730582882, 4073, 106875
1670730583882, 3577, 110452
1670730584883, 3480, 113932
1670730585883, 3403, 117335
1670730586883, 3443, 120778
1670730587884, 3456, 124234
1670730588884, 3399, 127633
1670730589885, 3431, 131064
1670730590885, 3447, 134511
1670730591885, 3487, 137998
1670730592886, 3457, 141455
1670730593887, 3892, 145347
1670730594887, 4095, 149442
1670730595887, 4086, 153528
1670730596888, 4016, 157544
1670730597888, 3999, 161543
1670730598888, 3945, 165488
1670730599888, 4000, 169488
1670730600889, 3825, 173313
1670730601889, 3684, 176997
1670730602889, 3703, 180700
1670730603889, 3681, 184381
1670730604890, 3596, 187977
1670730605890, 3672, 191649
1670730606890, 3593, 195242
1670730607891, 3624, 198866
1670730608891, 3595, 202461
1670730609892, 3579, 206040
1670730610892, 3676, 209716
1670730611892, 3885, 213601
1670730612893, 3816, 217417
1670730613893, 3887, 221304
1670730614893, 3844, 225148
1670730615894, 3502, 228650
1670730616894, 3532, 232182
1670730617894, 3674, 235856
1670730618894, 3382, 239238
1670730619895, 3432, 242670
1670730620895, 3355, 246025
1670730621895, 3394, 249419
1670730622896, 3164, 252583
1670730623896, 3093, 255676
1670730624896, 3231, 258907
1670730625896, 3539, 262446
1670730626897, 3592, 266038
1670730627897, 3494, 269532
1670730628897, 3748, 273280
1670730629897, 3722, 277002
1670730630898, 3725, 280727
1670730631898, 3733, 284460
1670730632898, 4045, 288505
1670730633899, 4009, 292514
1670730634899, 3643, 296157
1670730635899, 3618, 299775
1670730636899, 3655, 303430
1670730637900, 3635, 307065
1670730638900, 3659, 310724
1670730639900, 3597, 314321
1670730640901, 2726, 317047
1670730641901, 2621, 319668
1670730642901, 2646, 322314
1670730643901, 2672, 324986
1670730644902, 365, 325351
1670730645902, 0, 325351
1670730646902, 0, 325351
1670730647902, 0, 325351
1670730648903, 0, 325351
1670730649903, 2, 325353
1670730650903, 30, 325383
20:50:51,686 ERROR [main-EventThread] TopologyManager:465 - org.apache.zookeeper.KeeperException$SessionExpiredException: KeeperErrorCode = Session expired for /ringpaxos/topology1/nodes
20:50:51,785 ERROR [main-EventThread] RingManager:232 - org.apache.zookeeper.KeeperException$SessionExpiredException: KeeperErrorCode = Session expired for /ringpaxos/topology1/nodes
20:50:51,785 ERROR [main-EventThread] TopologyManager:465 - org.apache.zookeeper.KeeperException$SessionExpiredException: KeeperErrorCode = Session expired for /ringpaxos/topology1/learners
