15:40:51,478 INFO  [main] RawABListener:48 - Initing a RawABListener...
15:40:51,488 INFO  [main] Node:101 - PID: 34061
15:40:51,674 INFO  [main] NetworkManager:117 - NetworkManager tcp_nodelay: true
15:40:51,678 INFO  [main] NetworkManager:123 - NetworkManager tcp_crc: false
15:40:51,679 INFO  [main] NetworkManager:127 - NetworkManager buf_size: 2097152
15:40:51,699 INFO  [main] ElasticLearnerRole:93 - ElasticLearnerRole replication group 1
15:40:51,700 INFO  [main] ElasticLearnerRole:97 - ElasticLearnerRole initial ring 1
15:40:51,703 INFO  [main] ElasticLearnerRole:102 - ElasticLearnerRole deliver_skip_messages: enabled
15:40:51,708 INFO  [ElasticLearner] LearnerRole:102 - Learner recovery: disabled
15:40:51,710 INFO  [ElasticLearner] LearnerRole:108 - Learner auto_trim: disabled
15:40:51,716 INFO  [main-EventThread] RingManager:133 - RingManager ring 1 changed: [1, 2, 13, 14, 15] (succsessor: 1 at /10.10.1.2:2197)
15:40:51,730 INFO  [main] Replica:165 - Token [0], ringId [null], nodeId [15], snapshot_modulo [0], zoo_host [null], path [null], embebedLog [false], useDiskDb [false] with simple constructor
1670193651730, 0, 0
Reading from stdin
1670193652731, 0, 0
1670193653731, 0, 0
1670193654732, 0, 0
1670193655732, 0, 0
1670193656732, 297, 297
1670193657733, 2000, 2297
1670193658733, 2024, 4321
1670193659734, 2057, 6378
1670193660734, 2013, 8391
1670193661735, 2005, 10396
15:41:01,754 INFO  [main-EventThread] RingManager:133 - RingManager ring 1 changed: [1, 2, 4, 13, 14, 15] (succsessor: 1 at /10.10.1.2:2197)
15:41:01,774 ERROR [TCPListener] LearnerRole:219 - Learner received decision without value! [Decision from:2 to:Learner instance:5038 ballot:11 v_ballot:0 value:<none> (898397525994641)]
15:41:01,775 ERROR [TCPListener] LearnerRole:219 - Learner received decision without value! [Decision from:2 to:Learner instance:5042 ballot:11 v_ballot:0 value:<none> (898397563368911)]
1670193662735, 207, 10603
1670193663735, 2016, 12619
1670193664736, 2008, 14627
1670193665736, 2021, 16648
1670193666737, 1996, 18644
1670193667737, 2006, 20650
1670193668737, 2014, 22664
1670193669738, 1999, 24663
1670193670739, 2000, 26663
1670193671739, 2011, 28674
1670193672739, 2008, 30682
1670193673740, 2007, 32689
1670193674740, 1996, 34685
1670193675741, 2006, 36691
1670193676741, 2051, 38742
1670193677742, 2010, 40752
1670193678742, 2019, 42771
1670193679742, 2019, 44790
1670193680743, 2032, 46822
1670193681743, 2008, 48830
1670193682744, 2028, 50858
1670193683744, 2049, 52907
1670193684744, 2020, 54927
1670193685745, 1977, 56904
1670193686745, 1978, 58882
1670193687745, 2026, 60908
1670193688746, 2015, 62923
1670193689746, 1988, 64911
1670193690746, 2014, 66925
1670193691747, 2047, 68972
1670193692747, 2000, 70972
1670193693748, 2020, 72992
1670193694748, 1984, 74976
1670193695748, 2022, 76998
1670193696749, 1978, 78976
1670193697749, 2014, 80990
1670193698749, 2020, 83010
1670193699749, 2043, 85053
1670193700750, 2021, 87074
1670193701750, 1997, 89071
1670193702750, 2090, 91161
1670193703751, 2046, 93207
1670193704752, 2029, 95236
1670193705752, 2027, 97263
1670193706753, 2035, 99298
1670193707753, 2026, 101324
1670193708753, 1981, 103305
1670193709753, 2044, 105349
1670193710754, 2043, 107392
1670193711754, 2037, 109429
1670193712754, 2033, 111462
1670193713755, 2026, 113488
1670193714755, 1980, 115468
1670193715755, 2026, 117494
1670193716756, 1993, 119487
1670193717756, 1980, 121467
1670193718756, 2043, 123510
1670193719757, 2064, 125574
1670193720757, 2043, 127617
1670193721757, 2036, 129653
1670193722757, 2044, 131697
1670193723758, 2036, 133733
1670193724758, 2033, 135766
1670193725758, 1990, 137756
1670193726759, 2026, 139782
1670193727759, 2012, 141794
1670193728759, 2008, 143802
1670193729760, 2004, 145806
1670193730760, 2059, 147865
1670193731760, 2031, 149896
1670193732761, 2024, 151920
1670193733761, 1991, 153911
1670193734761, 2007, 155918
1670193735761, 2043, 157961
1670193736762, 2045, 160006
1670193737762, 2007, 162013
1670193738763, 2049, 164062
1670193739764, 2058, 166120
1670193740764, 2023, 168143
1670193741764, 2051, 170194
1670193742765, 1971, 172165
1670193743765, 2062, 174227
1670193744765, 2025, 176252
1670193745765, 2002, 178254
1670193746766, 544, 178798
1670193747766, 0, 178798
1670193748766, 0, 178798
1670193749766, 0, 178798
1670193750767, 0, 178798
1670193751767, 0, 178798
1670193752767, 0, 178798
1670193753767, 0, 178798
15:42:34,006 INFO  [main-EventThread] RingManager:133 - RingManager ring 1 changed: [1, 2, 4, 14, 15] (succsessor: 1 at /10.10.1.2:2197)
1670193754768, 0, 178798
1670193755768, 0, 178798
1670193756768, 0, 178798
1670193757768, 0, 178798
1670193758769, 0, 178798
1670193759769, 0, 178798
15:42:40,004 INFO  [main-EventThread] RingManager:133 - RingManager ring 1 changed: [2, 4, 14, 15] (succsessor: 2 at /10.10.1.4:2627)
15:42:40,011 ERROR [main-EventThread] NetworkManager:298 - NetworkManager client connect error
java.net.ConnectException: Connection refused
	at java.base/sun.nio.ch.Net.connect0(Native Method)
	at java.base/sun.nio.ch.Net.connect(Net.java:493)
	at java.base/sun.nio.ch.Net.connect(Net.java:482)
	at java.base/sun.nio.ch.SocketChannelImpl.connect(SocketChannelImpl.java:730)
	at ch.usi.da.paxos.ring.NetworkManager.connectClient(NetworkManager.java:291)
	at ch.usi.da.paxos.ring.RingManager.notifyRingChanged(RingManager.java:136)
	at ch.usi.da.paxos.ring.RingManager.process(RingManager.java:210)
	at org.apache.zookeeper.ClientCnxn$EventThread.processEvent(ClientCnxn.java:535)
	at org.apache.zookeeper.ClientCnxn$EventThread.run(ClientCnxn.java:510)
1670193760769, 0, 178798
1670193761770, 0, 178798
1670193762770, 0, 178798
1670193763770, 0, 178798
15:42:44,004 INFO  [main-EventThread] RingManager:133 - RingManager ring 1 changed: [4, 14, 15] (succsessor: 4 at /10.10.1.9:2954)
15:42:44,005 ERROR [main-EventThread] NetworkManager:298 - NetworkManager client connect error
java.net.ConnectException: Connection refused
	at java.base/sun.nio.ch.Net.connect0(Native Method)
	at java.base/sun.nio.ch.Net.connect(Net.java:493)
	at java.base/sun.nio.ch.Net.connect(Net.java:482)
	at java.base/sun.nio.ch.SocketChannelImpl.connect(SocketChannelImpl.java:730)
	at ch.usi.da.paxos.ring.NetworkManager.connectClient(NetworkManager.java:291)
	at ch.usi.da.paxos.ring.RingManager.notifyRingChanged(RingManager.java:136)
	at ch.usi.da.paxos.ring.RingManager.process(RingManager.java:210)
	at org.apache.zookeeper.ClientCnxn$EventThread.processEvent(ClientCnxn.java:535)
	at org.apache.zookeeper.ClientCnxn$EventThread.run(ClientCnxn.java:510)
1670193764770, 0, 178798
1670193765771, 0, 178798
15:42:46,004 INFO  [main-EventThread] RingManager:133 - RingManager ring 1 changed: [14, 15] (succsessor: 14 at /10.10.1.6:2315)
15:42:46,004 ERROR [main-EventThread] NetworkManager:298 - NetworkManager client connect error
java.net.ConnectException: Connection refused
	at java.base/sun.nio.ch.Net.connect0(Native Method)
	at java.base/sun.nio.ch.Net.connect(Net.java:493)
	at java.base/sun.nio.ch.Net.connect(Net.java:482)
	at java.base/sun.nio.ch.SocketChannelImpl.connect(SocketChannelImpl.java:730)
	at ch.usi.da.paxos.ring.NetworkManager.connectClient(NetworkManager.java:291)
	at ch.usi.da.paxos.ring.RingManager.notifyRingChanged(RingManager.java:136)
	at ch.usi.da.paxos.ring.RingManager.process(RingManager.java:210)
	at org.apache.zookeeper.ClientCnxn$EventThread.processEvent(ClientCnxn.java:535)
	at org.apache.zookeeper.ClientCnxn$EventThread.run(ClientCnxn.java:510)
