02:01:38,563 INFO  [main] RawABListener:48 - Initing a RawABListener...
02:01:38,572 INFO  [main] Node:101 - PID: 102628
02:01:38,805 INFO  [main] NetworkManager:117 - NetworkManager tcp_nodelay: true
02:01:38,811 INFO  [main] NetworkManager:123 - NetworkManager tcp_crc: false
02:01:38,811 INFO  [main] NetworkManager:127 - NetworkManager buf_size: 2097152
02:01:38,834 INFO  [main] ElasticLearnerRole:93 - ElasticLearnerRole replication group 2
02:01:38,835 INFO  [main] ElasticLearnerRole:97 - ElasticLearnerRole initial ring 2
02:01:38,835 INFO  [main] ElasticLearnerRole:102 - ElasticLearnerRole deliver_skip_messages: enabled
02:01:38,841 INFO  [ElasticLearner] LearnerRole:102 - Learner recovery: disabled
02:01:38,843 INFO  [ElasticLearner] LearnerRole:108 - Learner auto_trim: disabled
02:01:38,847 INFO  [main-EventThread] RingManager:133 - RingManager ring 2 changed: [21, 22, 23, 24] (succsessor: 21 at /10.10.1.3:2052)
02:01:38,872 INFO  [main] Replica:188 - Token [0], ringId [null], nodeId [24], snapshot_modulo [0], zoo_host [10.10.1.1], pathPrefix[/media/disk6/], path [/media/disk6/56c2f9d6-8c2f-48a4-a063-709a266f066a], embebedLog [true], useDiskDb [true] with complex constructor
1710921698872, 0, 0
Reading from stdin
1710921699873, 0, 0
1710921700873, 0, 0
1710921701874, 0, 0
1710921702874, 0, 0
1710921703895, 2912, 2912
1710921704896, 27379, 30291
1710921705896, 35572, 65863
1710921706897, 31149, 97012
1710921707897, 37462, 134474
1710921708898, 39896, 174370
1710921709920, 38739, 213109
1710921710921, 41333, 254442
1710921711922, 26662, 281104
1710921712922, 28748, 309852
1710921713923, 35973, 345825
1710921714923, 37791, 383616
1710921715924, 41409, 425025
1710921716924, 41071, 466096
1710921717925, 20497, 486593
1710921718925, 30235, 516828
1710921719926, 28908, 545736
1710921720927, 34563, 580299
1710921721928, 32612, 612911
1710921722928, 42601, 655512
1710921723929, 40876, 696388
1710921724930, 26846, 723234
1710921725930, 21050, 744284
1710921726931, 26158, 770442
1710921727931, 36917, 807359
1710921728931, 35673, 843032
1710921729932, 33463, 876495
1710921730932, 29009, 905504
1710921731932, 27964, 933468
1710921733073, 27557, 961025
1710921734073, 4735, 965760
02:02:14,796 ERROR [main-EventThread] RingManager:232 - org.apache.zookeeper.KeeperException$SessionExpiredException: KeeperErrorCode = Session expired for /ringpaxos/topology2/nodes
02:02:14,895 ERROR [main-EventThread] TopologyManager:465 - org.apache.zookeeper.KeeperException$SessionExpiredException: KeeperErrorCode = Session expired for /ringpaxos/topology2/learners
02:02:14,895 ERROR [main-EventThread] TopologyManager:465 - org.apache.zookeeper.KeeperException$SessionExpiredException: KeeperErrorCode = Session expired for /ringpaxos/topology2/nodes
02:02:14,896 ERROR [main-EventThread] RingManager:232 - org.apache.zookeeper.KeeperException$SessionExpiredException: KeeperErrorCode = Session expired for /ringpaxos/topology2/nodes
1710921735074, 0, 965760
1710921736075, 0, 965760
