21:28:06,894 INFO  [main] RawABListener:48 - Initing a RawABListener...
21:28:06,903 INFO  [main] Node:101 - PID: 17352
21:28:07,081 INFO  [main] NetworkManager:117 - NetworkManager tcp_nodelay: true
21:28:07,086 INFO  [main] NetworkManager:123 - NetworkManager tcp_crc: false
21:28:07,087 INFO  [main] NetworkManager:127 - NetworkManager buf_size: 2097152
21:28:07,104 INFO  [main] ElasticLearnerRole:93 - ElasticLearnerRole replication group 2
21:28:07,106 INFO  [main] ElasticLearnerRole:97 - ElasticLearnerRole initial ring 2
21:28:07,107 INFO  [main] ElasticLearnerRole:102 - ElasticLearnerRole deliver_skip_messages: enabled
21:28:07,113 INFO  [ElasticLearner] LearnerRole:102 - Learner recovery: disabled
21:28:07,115 INFO  [ElasticLearner] LearnerRole:108 - Learner auto_trim: disabled
21:28:07,120 INFO  [main-EventThread] RingManager:133 - RingManager ring 2 changed: [5, 21, 22, 25] (succsessor: 5 at /10.10.1.9:2557)
21:28:07,125 INFO  [main-EventThread] RingManager:133 - RingManager ring 2 changed: [5, 21, 22, 23, 25] (succsessor: 5 at /10.10.1.9:2557)
21:28:07,135 INFO  [main] Replica:169 - Token [0], ringId [null], nodeId [25], snapshot_modulo [0], zoo_host [null], path [null], embebedLog [false], useDiskDb [true] with simple constructor
Reading from stdin
1671510487136, 0, 0
21:28:07,149 INFO  [main-EventThread] RingManager:133 - RingManager ring 2 changed: [5, 21, 22, 23, 24, 25] (succsessor: 5 at /10.10.1.9:2557)
1671510488137, 0, 0
1671510489137, 0, 0
1671510490137, 0, 0
1671510491138, 0, 0
1671510492138, 0, 0
1671510493139, 97, 97
1671510494139, 124, 221
1671510495139, 123, 344
1671510496140, 128, 472
1671510497140, 121, 593
1671510498140, 124, 717
1671510499141, 125, 842
1671510500141, 138, 980
1671510501141, 126, 1106
1671510502142, 133, 1239
1671510503142, 127, 1366
1671510504142, 131, 1497
1671510505143, 127, 1624
1671510506143, 119, 1743
1671510507143, 128, 1871
1671510508144, 127, 1998
1671510509144, 123, 2121
1671510510144, 121, 2242
1671510511145, 124, 2366
1671510512145, 133, 2499
1671510513145, 122, 2621
1671510514146, 130, 2751
1671510515146, 125, 2876
1671510516146, 130, 3006
1671510517146, 120, 3126
1671510518147, 120, 3246
1671510519147, 129, 3375
1671510520147, 125, 3500
1671510521148, 122, 3622
1671510522148, 112, 3734
1671510523148, 0, 3734
21:28:43,467 ERROR [main-EventThread] TopologyManager:465 - org.apache.zookeeper.KeeperException$ConnectionLossException: KeeperErrorCode = ConnectionLoss for /ringpaxos/topology2/nodes
21:28:43,468 ERROR [main-EventThread] RingManager:232 - org.apache.zookeeper.KeeperException$ConnectionLossException: KeeperErrorCode = ConnectionLoss for /ringpaxos/topology2/nodes
21:28:43,569 ERROR [main-EventThread] TopologyManager:465 - org.apache.zookeeper.KeeperException$SessionExpiredException: KeeperErrorCode = Session expired for /ringpaxos/topology2/learners
