21:28:06,889 INFO  [main] RawABListener:48 - Initing a RawABListener...
21:28:06,898 INFO  [main] Node:101 - PID: 13407
21:28:07,085 INFO  [main] NetworkManager:117 - NetworkManager tcp_nodelay: true
21:28:07,090 INFO  [main] NetworkManager:123 - NetworkManager tcp_crc: false
21:28:07,090 INFO  [main] NetworkManager:127 - NetworkManager buf_size: 2097152
21:28:07,111 INFO  [main] ElasticLearnerRole:93 - ElasticLearnerRole replication group 2
21:28:07,112 INFO  [main] ElasticLearnerRole:97 - ElasticLearnerRole initial ring 2
21:28:07,112 INFO  [main] ElasticLearnerRole:102 - ElasticLearnerRole deliver_skip_messages: enabled
21:28:07,116 INFO  [ElasticLearner] LearnerRole:102 - Learner recovery: disabled
21:28:07,118 INFO  [ElasticLearner] LearnerRole:108 - Learner auto_trim: disabled
21:28:07,125 INFO  [main-EventThread] RingManager:133 - RingManager ring 2 changed: [5, 21, 22, 23, 25] (succsessor: 25 at /10.10.1.11:2249)
21:28:07,149 INFO  [main-EventThread] RingManager:133 - RingManager ring 2 changed: [5, 21, 22, 23, 24, 25] (succsessor: 24 at /10.10.1.10:2672)
21:28:07,177 INFO  [main] Replica:169 - Token [0], ringId [null], nodeId [23], snapshot_modulo [0], zoo_host [null], path [null], embebedLog [false], useDiskDb [true] with simple constructor
1671510487178, 0, 0
Reading from stdin
1671510488178, 0, 0
1671510489179, 0, 0
1671510490179, 0, 0
1671510491179, 0, 0
1671510492180, 0, 0
1671510493180, 103, 103
1671510494180, 121, 224
1671510495181, 125, 349
1671510496181, 127, 476
1671510497182, 123, 599
1671510498182, 123, 722
1671510499183, 125, 847
1671510500183, 138, 985
1671510501183, 128, 1113
1671510502183, 132, 1245
1671510503184, 127, 1372
1671510504184, 131, 1503
1671510505184, 124, 1627
1671510506185, 122, 1749
1671510507185, 125, 1874
1671510508185, 128, 2002
1671510509186, 124, 2126
1671510510186, 121, 2247
1671510511186, 124, 2371
1671510512187, 131, 2502
1671510513187, 127, 2629
1671510514187, 130, 2759
1671510515188, 123, 2882
1671510516188, 130, 3012
1671510517188, 118, 3130
1671510518188, 122, 3252
1671510519189, 129, 3381
1671510520189, 125, 3506
1671510521189, 121, 3627
1671510522189, 107, 3734
1671510523190, 0, 3734
21:28:43,467 ERROR [main-EventThread] TopologyManager:465 - org.apache.zookeeper.KeeperException$SessionExpiredException: KeeperErrorCode = Session expired for /ringpaxos/topology2/nodes
21:28:43,567 ERROR [main-EventThread] RingManager:232 - org.apache.zookeeper.KeeperException$SessionExpiredException: KeeperErrorCode = Session expired for /ringpaxos/topology2/nodes
21:28:43,567 ERROR [main-EventThread] TopologyManager:465 - org.apache.zookeeper.KeeperException$SessionExpiredException: KeeperErrorCode = Session expired for /ringpaxos/topology2/learners
