14:13:05,205 INFO  [main] RawABListener:48 - Initing a RawABListener...
14:13:05,213 INFO  [main] Node:101 - PID: 30360
14:13:05,321 ERROR [main] TopologyManager:208 - Node ID 15 in topology 1 already registred!
14:13:05,386 INFO  [main] NetworkManager:117 - NetworkManager tcp_nodelay: true
14:13:05,387 INFO  [main] NetworkManager:123 - NetworkManager tcp_crc: false
14:13:05,388 INFO  [main] NetworkManager:127 - NetworkManager buf_size: 2097152
14:13:05,401 ERROR [main] TopologyManager:286 - Node ID 15 in topology 1 already registred!
14:13:05,406 INFO  [main] ElasticLearnerRole:93 - ElasticLearnerRole replication group 1
14:13:05,406 INFO  [main] ElasticLearnerRole:97 - ElasticLearnerRole initial ring 1
14:13:05,407 INFO  [main] ElasticLearnerRole:102 - ElasticLearnerRole deliver_skip_messages: enabled
14:13:05,411 INFO  [ElasticLearner] LearnerRole:102 - Learner recovery: disabled
14:13:05,413 INFO  [ElasticLearner] LearnerRole:108 - Learner auto_trim: disabled
14:13:05,420 ERROR [ElasticLearner] TopologyManager:500 - org.apache.zookeeper.KeeperException$NodeExistsException: KeeperErrorCode = NodeExists for /ringpaxos/topology1/learners/15
14:13:05,531 INFO  [main-EventThread] RingManager:133 - RingManager ring 1 changed: [1, 2, 13, 14, 15] (succsessor: 1 at /10.10.1.2:2327)
14:13:48,538 INFO  [main] Replica:165 - Token [0], ringId [null], nodeId [15], snapshot_modulo [0], zoo_host [null], path [null], embebedLog [true], useDiskDb [false] with simple constructor
1670188428539, 0, 0
Reading from stdin
1670188429540, 0, 0
1670188430540, 0, 0
1670188431541, 0, 0
1670188432541, 0, 0
1670188433541, 0, 0
1670188434808, 0, 0
1670188435809, 0, 0
1670188436809, 0, 0
1670188438170, 0, 0
1670188439170, 0, 0
1670188440170, 0, 0
1670188441621, 0, 0
1670188442622, 0, 0
1670188443622, 0, 0
1670188445011, 0, 0
1670188446011, 0, 0
1670188447011, 0, 0
1670188448263, 0, 0
1670188449263, 0, 0
1670188450264, 0, 0
1670188451525, 0, 0
1670188452525, 0, 0
1670188453525, 0, 0
1670188454718, 0, 0
1670188455718, 0, 0
1670188456719, 0, 0
1670188458028, 0, 0
1670188459028, 0, 0
1670188460028, 0, 0
1670188461273, 0, 0
1670188462274, 0, 0
1670188463274, 0, 0
1670188464479, 0, 0
1670188465480, 0, 0
1670188466480, 0, 0
1670188467744, 0, 0
1670188468745, 0, 0
1670188469745, 0, 0
1670188471055, 0, 0
1670188472055, 0, 0
1670188473056, 0, 0
1670188474217, 0, 0
1670188475217, 0, 0
1670188476218, 0, 0
1670188477504, 0, 0
1670188478504, 0, 0
1670188479504, 0, 0
1670188480629, 0, 0
1670188481629, 0, 0
1670188482629, 0, 0
1670188483630, 0, 0
1670188484630, 0, 0
1670188485630, 0, 0
1670188486631, 0, 0
1670188487631, 0, 0
14:14:48,006 INFO  [main-EventThread] RingManager:133 - RingManager ring 1 changed: [1, 2, 14, 15] (succsessor: 1 at /10.10.1.2:2327)
1670188488631, 0, 0
1670188489632, 0, 0
1670188490632, 0, 0
1670188491632, 0, 0
1670188492632, 0, 0
1670188493633, 0, 0
14:14:54,008 INFO  [main-EventThread] RingManager:133 - RingManager ring 1 changed: [2, 14, 15] (succsessor: 2 at /10.10.1.4:2129)
14:14:54,012 ERROR [main-EventThread] NetworkManager:298 - NetworkManager client connect error
java.net.ConnectException: Connection refused
	at java.base/sun.nio.ch.Net.connect0(Native Method)
	at java.base/sun.nio.ch.Net.connect(Net.java:493)
	at java.base/sun.nio.ch.Net.connect(Net.java:482)
	at java.base/sun.nio.ch.SocketChannelImpl.connect(SocketChannelImpl.java:730)
	at ch.usi.da.paxos.ring.NetworkManager.connectClient(NetworkManager.java:291)
	at ch.usi.da.paxos.ring.RingManager.notifyRingChanged(RingManager.java:136)
	at ch.usi.da.paxos.ring.RingManager.process(RingManager.java:210)
	at org.apache.zookeeper.ClientCnxn$EventThread.processEvent(ClientCnxn.java:535)
	at org.apache.zookeeper.ClientCnxn$EventThread.run(ClientCnxn.java:510)
1670188494633, 0, 0
1670188495638, 0, 0
1670188496639, 0, 0
1670188497639, 0, 0
14:14:58,007 INFO  [main-EventThread] RingManager:133 - RingManager ring 1 changed: [14, 15] (succsessor: 14 at /10.10.1.6:2087)
1670188498639, 0, 0
1670188499639, 0, 0
1670188500640, 0, 0
1670188501640, 0, 0
                                                                                                                                                                                                                                                                                                                                                                                                                                                                                                                                                                                                                                                                                                                                                                                                                                                                                                                                                                                                                                                                                                                                                                                                                                                                                                                                                                                                                                                                                                                                                                                                                                                                                                                                                                                                                                                                                                                                                                                                                                                                                                                                                                                                                                                                                                                                                                                                                                                                                                                                                                                                                                                                                                                                                                                                                                                                                                                                                                                                                                                                                                                                                                                                                                                                                                                                                                                                                                                                                                                                                                                                                                                                                                                                                                                                                                                                                                                                                                                                                                                                                                                                                                                                                                                                                                                                                                                                                                                                                                                                                                                                                                                                                                                                                                                                                                                                                                                                                                                                                                                                                                                                                                                                                                                                                                                                                                                                                                                                                                                                                                                                                                                                                                                                                                                                                                                                                                                                                                                                                                                                                                                                                                                                                                                                                                                                                                                                                                                                                                                                                                                                                                                                                                                                                                                                                                                                                                                                                                                                                                                                                                                                                                                                                                                                                                                                                                                                                                                                                                                                                                                                                                                                                                                                                                                                                                                                                                                                                                                                                                                                                                                                                                                                                                                                                                                                                                                                                                                                                                                                                                                                                                                                                                                                                                                                                                                                                                                                                                                                                                                                                                                                                                                                                                                                                                                                                                                                                                                                                                                                                                                                                                                                                                                                                                                                                                                                                                                                                                                                                                                                                                                                                                                                                                                                                                                                                                                                                                                                                                                                                                                                                                                                                                                                                                                                                                                                                                                                                                                                                                                                                                                                                                                                                                                                                                                                                                                                                                                                                                                                                                                                                                                                                                                                                                                                                                                                                                                                                                                                                                                                                                                                                                   1670188385065, 0, 751733
14:13:05,519 INFO  [main-EventThread] RingManager:133 - RingManager ring 1 changed: [1, 2, 13, 14, 15] (succsessor: 1 at /10.10.1.2:2327)
1670188386066, 0, 751733
1670188387066, 0, 751733
1670188388124, 0, 751733
1670188389291, 0, 751733
1670188390494, 0, 751733
1670188391602, 1942, 753675
1670188392854, 2506, 756181
1670188393855, 1729, 757910
1670188395033, 2175, 760085
1670188396277, 2181, 762266
1670188397538, 1983, 764249
1670188398788, 1916, 766165
1670188399788, 2369, 768534
1670188400788, 1841, 770375
1670188401949, 2430, 772805
1670188402949, 1609, 774414
1670188404081, 2426, 776840
1670188405081, 1827, 778667
1670188406281, 2173, 780840
1670188407281, 2157, 782997
1670188408524, 2446, 785443
1670188409796, 2560, 788003
1670188411037, 2544, 790547
1670188412315, 2592, 793139
1670188413316, 1732, 794871
1670188414451, 2392, 797263
1670188415451, 2060, 799323
1670188416723, 2184, 801507
1670188417723, 1647, 803154
1670188418875, 2123, 805277
1670188419875, 1970, 807247
1670188420875, 2256, 809503
1670188421875, 2007, 811510
1670188423102, 2449, 813959
1670188424373, 2485, 816444
1670188425641, 3231, 819675
1670188426927, 3816, 823491
1670188427927, 2818, 826309
1670188429046, 6835, 833144
1670188430046, 3278, 836422
1670188431215, 5940, 842362
1670188432216, 3995, 846357
1670188433216, 3662, 850019
1670188434808, 6618, 856637
1670188435809, 3851, 860488
1670188436809, 2859, 863347
1670188438170, 6128, 869475
1670188439170, 3803, 873278
1670188440170, 3513, 876791
1670188441621, 6289, 883080
1670188442622, 4033, 887113
1670188443622, 3063, 890176
1670188445011, 6435, 896611
1670188446011, 4027, 900638
1670188447011, 2658, 903296
1670188448263, 6367, 909663
1670188449263, 4048, 913711
1670188450263, 2754, 916465
1670188451525, 6249, 922714
1670188452525, 4002, 926716
1670188453525, 2939, 929655
1670188454718, 5920, 935575
1670188455718, 4048, 939623
1670188456718, 3042, 942665
1670188458028, 6220, 948885
1670188459028, 4014, 952899
1670188460028, 2739, 955638
1670188461273, 6235, 961873
1670188462274, 4025, 965898
1670188463274, 2669, 968567
1670188464479, 6193, 974760
1670188465480, 4006, 978766
1670188466480, 2837, 981603
1670188467753, 6221, 987824
1670188468753, 3928, 991752
1670188469753, 2813, 994565
1670188471055, 6415, 1000980
1670188472055, 4012, 1004992
1670188473055, 2401, 1007393
1670188474217, 6236, 1013629
1670188475217, 3954, 1017583
1670188476218, 2811, 1020394
1670188477504, 6294, 1026688
1670188478504, 3986, 1030674
1670188479504, 2238, 1032912
1670188480629, 3851, 1036763
1670188481629, 0, 1036763
1670188482629, 0, 1036763
1670188483630, 0, 1036763
1670188484630, 0, 1036763
1670188485630, 0, 1036763
1670188486630, 0, 1036763
1670188487630, 0, 1036763
14:14:48,006 INFO  [main-EventThread] RingManager:133 - RingManager ring 1 changed: [1, 2, 14, 15] (succsessor: 1 at /10.10.1.2:2327)
1670188488630, 0, 1036763
1670188489631, 0, 1036763
1670188490631, 0, 1036763
1670188491631, 0, 1036763
1670188492631, 0, 1036763
1670188493631, 0, 1036763
14:14:54,003 INFO  [main-EventThread] RingManager:133 - RingManager ring 1 changed: [2, 14, 15] (succsessor: 2 at /10.10.1.4:2129)
14:14:54,010 ERROR [main-EventThread] NetworkManager:298 - NetworkManager client connect error
java.net.ConnectException: Connection refused
	at java.base/sun.nio.ch.Net.connect0(Native Method)
	at java.base/sun.nio.ch.Net.connect(Net.java:493)
	at java.base/sun.nio.ch.Net.connect(Net.java:482)
	at java.base/sun.nio.ch.SocketChannelImpl.connect(SocketChannelImpl.java:730)
	at ch.usi.da.paxos.ring.NetworkManager.connectClient(NetworkManager.java:291)
	at ch.usi.da.paxos.ring.RingManager.notifyRingChanged(RingManager.java:136)
	at ch.usi.da.paxos.ring.RingManager.process(RingManager.java:210)
	at org.apache.zookeeper.ClientCnxn$EventThread.processEvent(ClientCnxn.java:535)
	at org.apache.zookeeper.ClientCnxn$EventThread.run(ClientCnxn.java:510)
1670188494632, 0, 1036763
1670188495632, 0, 1036763
1670188496632, 0, 1036763
1670188497632, 0, 1036763
14:14:58,004 INFO  [main-EventThread] RingManager:133 - RingManager ring 1 changed: [14, 15] (succsessor: 14 at /10.10.1.6:2087)
1670188498632, 0, 1036763
1670188499633, 0, 1036763
1670188500633, 0, 1036763
1670188501633, 0, 1036763
