05:22:36,089 INFO  [main] RawABListener:48 - Initing a RawABListener...
05:22:36,101 INFO  [main] Node:101 - PID: 84136
05:22:36,355 INFO  [main] NetworkManager:117 - NetworkManager tcp_nodelay: true
05:22:36,362 INFO  [main] NetworkManager:123 - NetworkManager tcp_crc: false
05:22:36,363 INFO  [main] NetworkManager:127 - NetworkManager buf_size: 2097152
05:22:36,387 INFO  [main] ElasticLearnerRole:93 - ElasticLearnerRole replication group 1
05:22:36,389 INFO  [main] ElasticLearnerRole:97 - ElasticLearnerRole initial ring 1
05:22:36,390 INFO  [main] ElasticLearnerRole:102 - ElasticLearnerRole deliver_skip_messages: enabled
05:22:36,397 INFO  [ElasticLearner] LearnerRole:102 - Learner recovery: disabled
05:22:36,399 INFO  [ElasticLearner] LearnerRole:108 - Learner auto_trim: disabled
05:22:36,403 INFO  [main-EventThread] RingManager:133 - RingManager ring 1 changed: [1, 2, 13] (succsessor: 1 at /155.98.36.29:2727)
05:22:36,444 INFO  [main-EventThread] RingManager:133 - RingManager ring 1 changed: [1, 2, 13, 14] (succsessor: 14 at /10.10.1.6:2637)
05:22:36,708 INFO  [main] Replica:188 - Token [0], ringId [null], nodeId [13], snapshot_modulo [0], zoo_host [10.10.1.1], pathPrefix[/media/disk1/], path [/media/disk1/17ffa798-e0f2-4629-9e69-e916d63c968f], embebedLog [false], useDiskDb [true] with complex constructor
1710328956710, 0, 0
Reading from stdin
1710328957710, 0, 0
1710328958711, 0, 0
1710328959711, 0, 0
1710328960712, 0, 0
1710328961713, 11414, 11414
1710328962713, 24893, 36307
1710328963714, 22500, 58807
1710328964738, 26913, 85720
1710328965745, 28508, 114228
1710328966746, 27378, 141606
1710328967747, 24162, 165768
1710328968748, 26938, 192706
1710328969749, 28993, 221699
1710328970750, 28096, 249795
1710328971751, 29370, 279165
1710328972752, 21519, 300684
1710328973753, 20358, 321042
1710328974753, 19350, 340392
1710328975754, 20916, 361308
1710328976755, 20487, 381795
1710328977755, 21883, 403678
1710328978756, 24665, 428343
1710328979757, 23457, 451800
1710328980758, 24590, 476390
1710328981759, 21701, 498091
1710328982760, 27879, 525970
1710328983761, 30320, 556290
1710328984762, 27912, 584202
1710328985762, 21498, 605700
1710328986763, 23591, 629291
1710328987764, 19894, 649185
1710328988764, 22337, 671522
1710328989765, 22410, 693932
1710328990765, 22354, 716286
1710328991766, 6893, 723179
05:23:12,741 ERROR [main-EventThread] RingManager:232 - org.apache.zookeeper.KeeperException$SessionExpiredException: KeeperErrorCode = Session expired for /ringpaxos/topology1/nodes
1710328992767, 0, 723179
05:23:12,842 ERROR [main-EventThread] TopologyManager:465 - org.apache.zookeeper.KeeperException$SessionExpiredException: KeeperErrorCode = Session expired for /ringpaxos/topology1/learners
05:23:12,843 ERROR [main-EventThread] TopologyManager:465 - org.apache.zookeeper.KeeperException$SessionExpiredException: KeeperErrorCode = Session expired for /ringpaxos/topology1/nodes
05:23:12,854 ERROR [main-EventThread] RingManager:232 - org.apache.zookeeper.KeeperException$SessionExpiredException: KeeperErrorCode = Session expired for /ringpaxos/topology1/nodes
