17:05:40,639 INFO  [main] RawABListener:48 - Initing a RawABListener...
17:05:40,649 INFO  [main] Node:101 - PID: 3896
17:05:40,848 INFO  [main] NetworkManager:117 - NetworkManager tcp_nodelay: true
17:05:40,853 INFO  [main] NetworkManager:123 - NetworkManager tcp_crc: false
17:05:40,854 INFO  [main] NetworkManager:127 - NetworkManager buf_size: 2097152
17:05:40,876 INFO  [main] ElasticLearnerRole:93 - ElasticLearnerRole replication group 1
17:05:40,877 INFO  [main] ElasticLearnerRole:97 - ElasticLearnerRole initial ring 1
17:05:40,878 INFO  [main] ElasticLearnerRole:102 - ElasticLearnerRole deliver_skip_messages: enabled
17:05:40,886 INFO  [ElasticLearner] LearnerRole:102 - Learner recovery: disabled
17:05:40,888 INFO  [ElasticLearner] LearnerRole:108 - Learner auto_trim: disabled
17:05:40,892 INFO  [main-EventThread] RingManager:133 - RingManager ring 1 changed: [1, 2, 13, 15] (succsessor: 15 at /10.10.1.6:2360)
17:05:40,900 INFO  [main-EventThread] RingManager:133 - RingManager ring 1 changed: [1, 2, 13, 15] (succsessor: 15 at /10.10.1.6:2360)
17:05:40,911 INFO  [main] Replica:169 - Token [0], ringId [null], nodeId [13], snapshot_modulo [0], zoo_host [null], path [null], embebedLog [false], useDiskDb [false] with simple constructor
1672704340912, 0, 0
Reading from stdin
17:05:40,985 INFO  [main-EventThread] RingManager:133 - RingManager ring 1 changed: [1, 2, 13, 14, 15] (succsessor: 14 at /10.10.1.5:2825)
1672704341912, 0, 0
1672704342913, 0, 0
1672704343913, 0, 0
1672704344914, 0, 0
1672704345914, 837, 837
1672704346915, 11250, 12087
1672704347915, 11286, 23373
1672704348916, 11393, 34766
1672704349916, 11355, 46121
1672704350917, 11303, 57424
1672704351917, 11374, 68798
1672704352918, 11173, 79971
1672704353918, 11361, 91332
1672704354919, 11487, 102819
1672704355920, 11975, 114794
1672704356920, 16333, 131127
1672704357920, 16602, 147729
1672704358921, 16439, 164168
1672704359921, 16490, 180658
1672704360922, 16221, 196879
1672704361922, 16440, 213319
1672704362923, 16379, 229698
1672704363923, 16327, 246025
1672704364924, 16621, 262646
1672704365924, 16311, 278957
1672704366925, 16343, 295300
1672704367926, 16482, 311782
1672704368926, 16388, 328170
1672704369926, 16352, 344522
1672704370927, 16392, 360914
1672704371927, 16529, 377443
1672704372927, 16478, 393921
1672704373928, 16470, 410391
1672704374928, 16549, 426940
1672704375929, 1714, 428654
17:06:16,483 ERROR [TCPListener] SessionHandler:120 - Error in SessionHandler during reading!
java.nio.channels.ClosedSelectorException
	at java.base/sun.nio.ch.EPollSelectorImpl.ensureOpen(EPollSelectorImpl.java:98)
	at java.base/sun.nio.ch.EPollSelectorImpl.setEventOps(EPollSelectorImpl.java:243)
	at java.base/sun.nio.ch.SelectionKeyImpl.interestOps(SelectionKeyImpl.java:101)
	at ch.usi.da.paxos.ring.SessionHandler.handleReadable(SessionHandler.java:68)
	at ch.usi.da.paxos.ring.TCPListener.run(TCPListener.java:89)
	at java.base/java.lang.Thread.run(Thread.java:830)
17:06:16,490 ERROR [main-EventThread] TopologyManager:387 - org.apache.zookeeper.KeeperException$ConnectionLossException: KeeperErrorCode = ConnectionLoss for /ringpaxos/topology1/nodes/14
17:06:16,494 INFO  [main-EventThread] RingManager:133 - RingManager ring 1 changed: [1, 13, 14] (succsessor: 14 at null)
17:06:16,495 ERROR [main-EventThread] ClientCnxn:537 - Error while calling watcher 
java.lang.NullPointerException
	at java.base/sun.nio.ch.Net.checkAddress(Net.java:126)
	at java.base/sun.nio.ch.SocketChannelImpl.checkRemote(SocketChannelImpl.java:706)
	at java.base/sun.nio.ch.SocketChannelImpl.connect(SocketChannelImpl.java:720)
	at ch.usi.da.paxos.ring.NetworkManager.connectClient(NetworkManager.java:291)
	at ch.usi.da.paxos.ring.RingManager.notifyRingChanged(RingManager.java:136)
	at ch.usi.da.paxos.ring.RingManager.process(RingManager.java:210)
	at org.apache.zookeeper.ClientCnxn$EventThread.processEvent(ClientCnxn.java:535)
	at org.apache.zookeeper.ClientCnxn$EventThread.run(ClientCnxn.java:510)
17:06:16,591 ERROR [main-EventThread] TopologyManager:465 - org.apache.zookeeper.KeeperException$SessionExpiredException: KeeperErrorCode = Session expired for /ringpaxos/topology1/learners
17:06:16,592 ERROR [main-EventThread] TopologyManager:465 - org.apache.zookeeper.KeeperException$SessionExpiredException: KeeperErrorCode = Session expired for /ringpaxos/topology1/nodes
17:06:16,592 ERROR [main-EventThread] RingManager:232 - org.apache.zookeeper.KeeperException$SessionExpiredException: KeeperErrorCode = Session expired for /ringpaxos/topology1/nodes
17:06:16,592 ERROR [main-EventThread] TopologyManager:465 - org.apache.zookeeper.KeeperException$SessionExpiredException: KeeperErrorCode = Session expired for /ringpaxos/topology1/nodes
17:06:16,593 ERROR [main-EventThread] RingManager:232 - org.apache.zookeeper.KeeperException$SessionExpiredException: KeeperErrorCode = Session expired for /ringpaxos/topology1/nodes
