21:31:17,874 INFO  [main] RawABListener:48 - Initing a RawABListener...
21:31:17,887 INFO  [main] Node:101 - PID: 27575
21:31:18,123 INFO  [main] NetworkManager:117 - NetworkManager tcp_nodelay: true
21:31:18,127 INFO  [main] NetworkManager:123 - NetworkManager tcp_crc: false
21:31:18,127 INFO  [main] NetworkManager:127 - NetworkManager buf_size: 2097152
21:31:18,155 INFO  [main] ElasticLearnerRole:93 - ElasticLearnerRole replication group 1
21:31:18,155 INFO  [main] ElasticLearnerRole:97 - ElasticLearnerRole initial ring 1
21:31:18,156 INFO  [main] ElasticLearnerRole:102 - ElasticLearnerRole deliver_skip_messages: enabled
21:31:18,161 INFO  [ElasticLearner] LearnerRole:102 - Learner recovery: disabled
21:31:18,163 INFO  [ElasticLearner] LearnerRole:108 - Learner auto_trim: disabled
21:31:18,170 INFO  [main-EventThread] RingManager:133 - RingManager ring 1 changed: [1, 2, 13, 14] (succsessor: 14 at /10.10.1.6:2948)
21:31:18,193 INFO  [main] Replica:181 - Token [0], ringId [null], nodeId [13], snapshot_modulo [0], zoo_host [null], path [null], embebedLog [false], useDiskDb [false] with simple constructor
1710300678193, 0, 0
Reading from stdin
1710300679194, 0, 0
1710300680195, 0, 0
1710300681195, 0, 0
21:31:21,500 INFO  [main-EventThread] RingManager:133 - RingManager ring 1 changed: [1, 2, 4, 13, 14] (succsessor: 14 at /10.10.1.6:2948)
1710300682196, 0, 0
1710300683196, 2655, 2655
1710300684196, 10692, 13347
1710300685197, 11133, 24480
1710300686198, 10647, 35127
1710300687198, 10872, 45999
1710300688199, 9747, 55746
1710300689200, 9828, 65574
1710300690202, 9999, 75573
1710300691202, 10998, 86571
1710300692203, 10621, 97192
1710300693203, 10791, 107983
1710300694204, 10908, 118891
1710300695204, 10413, 129304
1710300696205, 10350, 139654
1710300697205, 10269, 149923
1710300698206, 10800, 160723
1710300699206, 10566, 171289
1710300700207, 13149, 184438
1710300701207, 10926, 195364
1710300702208, 11790, 207154
1710300703210, 12546, 219700
1710300704210, 11286, 230986
1710300705211, 11196, 242182
1710300706212, 9819, 252001
1710300707212, 12069, 264070
1710300708213, 10872, 274942
1710300709215, 11574, 286516
1710300710215, 10404, 296920
1710300711216, 10683, 307603
1710300712217, 10593, 318196
1710300713217, 10647, 328843
1710300714218, 10640, 339483
1710300715219, 18, 339501
1710300716219, 0, 339501
1710300717220, 0, 339501
1710300718221, 0, 339501
1710300719221, 0, 339501
1710300720222, 0, 339501
1710300721222, 0, 339501
1710300722222, 0, 339501
1710300723223, 0, 339501
21:32:03,825 ERROR [main-EventThread] RingManager:232 - org.apache.zookeeper.KeeperException$SessionExpiredException: KeeperErrorCode = Session expired for /ringpaxos/topology1/nodes
21:32:03,924 ERROR [main-EventThread] TopologyManager:465 - org.apache.zookeeper.KeeperException$SessionExpiredException: KeeperErrorCode = Session expired for /ringpaxos/topology1/learners
21:32:03,925 ERROR [main-EventThread] TopologyManager:465 - org.apache.zookeeper.KeeperException$SessionExpiredException: KeeperErrorCode = Session expired for /ringpaxos/topology1/nodes
21:32:03,934 ERROR [main-EventThread] RingManager:232 - org.apache.zookeeper.KeeperException$SessionExpiredException: KeeperErrorCode = Session expired for /ringpaxos/topology1/nodes
1710300724223, 0, 339501
1710300725224, 0, 339501
