21:31:17,677 INFO  [main] RawABListener:48 - Initing a RawABListener...
21:31:17,698 INFO  [main] Node:101 - PID: 41346
21:31:17,914 INFO  [main] NetworkManager:117 - NetworkManager tcp_nodelay: true
21:31:17,920 INFO  [main] NetworkManager:123 - NetworkManager tcp_crc: false
21:31:17,920 INFO  [main] NetworkManager:127 - NetworkManager buf_size: 2097152
21:31:17,943 INFO  [main] ElasticLearnerRole:93 - ElasticLearnerRole replication group 2
21:31:17,944 INFO  [main] ElasticLearnerRole:97 - ElasticLearnerRole initial ring 2
21:31:17,945 INFO  [main] ElasticLearnerRole:102 - ElasticLearnerRole deliver_skip_messages: enabled
21:31:17,950 INFO  [ElasticLearner] LearnerRole:102 - Learner recovery: disabled
21:31:17,952 INFO  [ElasticLearner] LearnerRole:108 - Learner auto_trim: disabled
21:31:17,960 INFO  [main-EventThread] RingManager:133 - RingManager ring 2 changed: [21, 22, 24] (succsessor: 21 at /155.98.36.29:2981)
21:31:17,978 INFO  [main] Replica:181 - Token [0], ringId [null], nodeId [24], snapshot_modulo [0], zoo_host [null], path [null], embebedLog [false], useDiskDb [false] with simple constructor
1710300677979, 0, 0
Reading from stdin
21:31:18,182 INFO  [main-EventThread] RingManager:133 - RingManager ring 2 changed: [21, 22, 23, 24] (succsessor: 21 at /155.98.36.29:2981)
1710300678979, 0, 0
1710300679980, 0, 0
1710300680980, 0, 0
21:31:21,724 INFO  [main-EventThread] RingManager:133 - RingManager ring 2 changed: [5, 21, 22, 23, 24] (succsessor: 5 at /10.10.1.6:2703)
1710300681981, 0, 0
1710300682981, 1079, 1079
1710300683982, 26849, 27928
1710300684982, 42963, 70891
1710300685983, 38543, 109434
1710300686983, 39343, 148777
1710300687984, 39013, 187790
1710300688986, 40074, 227864
1710300689986, 38300, 266164
1710300690987, 38765, 304929
1710300691987, 40333, 345262
1710300692988, 38430, 383692
1710300693988, 38662, 422354
1710300694989, 41614, 463968
1710300695989, 41670, 505638
1710300696990, 42144, 547782
1710300697990, 42429, 590211
1710300698991, 41796, 632007
1710300699992, 33105, 665112
1710300700992, 38771, 703883
1710300701993, 39558, 743441
1710300702994, 33039, 776480
1710300703995, 39053, 815533
1710300704995, 39663, 855196
1710300705996, 34938, 890134
1710300706997, 37290, 927424
1710300707998, 42832, 970256
1710300708998, 37318, 1007574
1710300709999, 41877, 1049451
1710300710999, 41869, 1091320
1710300712000, 41852, 1133172
1710300713000, 35810, 1168982
1710300714126, 37053, 1206035
1710300715126, 1686, 1207721
1710300716127, 0, 1207721
1710300717127, 2, 1207723
1710300718127, 0, 1207723
1710300719128, 0, 1207723
1710300720128, 0, 1207723
1710300721129, 0, 1207723
1710300722129, 442, 1208165
1710300723129, 280, 1208445
21:32:03,830 ERROR [main-EventThread] RingManager:232 - org.apache.zookeeper.KeeperException$SessionExpiredException: KeeperErrorCode = Session expired for /ringpaxos/topology2/nodes
21:32:03,930 ERROR [main-EventThread] TopologyManager:465 - org.apache.zookeeper.KeeperException$SessionExpiredException: KeeperErrorCode = Session expired for /ringpaxos/topology2/learners
21:32:03,936 ERROR [main-EventThread] TopologyManager:465 - org.apache.zookeeper.KeeperException$SessionExpiredException: KeeperErrorCode = Session expired for /ringpaxos/topology2/nodes
21:32:03,936 ERROR [main-EventThread] RingManager:232 - org.apache.zookeeper.KeeperException$SessionExpiredException: KeeperErrorCode = Session expired for /ringpaxos/topology2/nodes
1710300724130, 0, 1208445
1710300725130, 0, 1208445
1710300726130, 0, 1208445
