19:30:53,183 INFO  [main] RawABListener:48 - Initing a RawABListener...
19:30:53,193 INFO  [main] Node:101 - PID: 16853
19:30:53,414 INFO  [main] NetworkManager:117 - NetworkManager tcp_nodelay: true
19:30:53,419 INFO  [main] NetworkManager:123 - NetworkManager tcp_crc: false
19:30:53,420 INFO  [main] NetworkManager:127 - NetworkManager buf_size: 2097152
19:30:53,445 INFO  [main] ElasticLearnerRole:93 - ElasticLearnerRole replication group 1
19:30:53,446 INFO  [main] ElasticLearnerRole:97 - ElasticLearnerRole initial ring 1
19:30:53,447 INFO  [main] ElasticLearnerRole:102 - ElasticLearnerRole deliver_skip_messages: enabled
19:30:53,457 INFO  [ElasticLearner] LearnerRole:102 - Learner recovery: disabled
19:30:53,460 INFO  [ElasticLearner] LearnerRole:108 - Learner auto_trim: disabled
19:30:53,464 INFO  [main-EventThread] RingManager:133 - RingManager ring 1 changed: [1, 2, 13, 14] (succsessor: 1 at /10.10.1.3:2053)
19:30:53,485 INFO  [main] Replica:188 - Token [0], ringId [null], nodeId [14], snapshot_modulo [0], zoo_host [10.10.1.1], pathPrefix[/media/disk5/], path [/media/disk5/77aedf7d-9aa3-410f-95ba-dc87d90f5337], embebedLog [false], useDiskDb [false] with complex constructor
1710898253486, 0, 0
Reading from stdin
1710898254486, 0, 0
1710898255487, 0, 0
1710898256487, 0, 0
1710898257488, 0, 0
1710898258488, 3613, 3613
1710898259489, 51847, 55460
1710898260489, 55643, 111103
1710898261490, 40653, 151756
1710898262490, 31844, 183600
1710898263491, 41980, 225580
1710898264491, 43527, 269107
1710898265492, 42717, 311824
1710898266493, 42469, 354293
1710898267493, 43302, 397595
1710898268494, 45695, 443290
1710898269495, 91133, 534423
1710898270495, 61302, 595725
1710898271496, 63763, 659488
1710898272610, 30247, 689735
1710898273610, 95939, 785674
1710898274611, 61961, 847635
1710898275612, 54749, 902384
1710898276613, 82327, 984711
1710898277613, 67595, 1052306
1710898278614, 68016, 1120322
1710898279615, 70228, 1190550
1710898280616, 49493, 1240043
1710898281616, 59073, 1299116
1710898282617, 87723, 1386839
1710898283617, 89023, 1475862
1710898284726, 84272, 1560134
1710898285727, 98959, 1659093
1710898286729, 63573, 1722666
1710898287803, 16852, 1739518
1710898288804, 6221, 1745739
1710898289805, 225, 1745964
1710898290805, 0, 1745964
1710898291806, 0, 1745964
1710898292806, 18, 1745982
1710898293807, 0, 1745982
1710898294807, 18, 1746000
1710898295808, 0, 1746000
1710898296808, 623, 1746623
1710898297808, 0, 1746623
19:31:38,089 ERROR [main-EventThread] TopologyManager:465 - org.apache.zookeeper.KeeperException$SessionExpiredException: KeeperErrorCode = Session expired for /ringpaxos/topology1/nodes
19:31:38,188 ERROR [main-EventThread] RingManager:232 - org.apache.zookeeper.KeeperException$SessionExpiredException: KeeperErrorCode = Session expired for /ringpaxos/topology1/nodes
19:31:38,189 ERROR [main-EventThread] TopologyManager:465 - org.apache.zookeeper.KeeperException$SessionExpiredException: KeeperErrorCode = Session expired for /ringpaxos/topology1/learners
1710898298809, 0, 1746623
