02:08:39,952 INFO  [main] RawABListener:48 - Initing a RawABListener...
02:08:39,962 INFO  [main] Node:101 - PID: 92629
02:08:40,185 INFO  [main] NetworkManager:117 - NetworkManager tcp_nodelay: true
02:08:40,190 INFO  [main] NetworkManager:123 - NetworkManager tcp_crc: false
02:08:40,190 INFO  [main] NetworkManager:127 - NetworkManager buf_size: 2097152
02:08:40,215 INFO  [main] ElasticLearnerRole:93 - ElasticLearnerRole replication group 2
02:08:40,216 INFO  [main] ElasticLearnerRole:97 - ElasticLearnerRole initial ring 2
02:08:40,216 INFO  [main] ElasticLearnerRole:102 - ElasticLearnerRole deliver_skip_messages: enabled
02:08:40,223 INFO  [ElasticLearner] LearnerRole:102 - Learner recovery: disabled
02:08:40,225 INFO  [ElasticLearner] LearnerRole:108 - Learner auto_trim: disabled
02:08:40,230 INFO  [main-EventThread] RingManager:133 - RingManager ring 2 changed: [21, 22, 23] (succsessor: 21 at /10.10.1.3:2964)
02:08:40,252 INFO  [main] Replica:188 - Token [0], ringId [null], nodeId [23], snapshot_modulo [0], zoo_host [10.10.1.1], pathPrefix[/media/disk2/], path [/media/disk2/2d33ef68-7361-4b4c-9baa-13eb7c12085f], embebedLog [false], useDiskDb [true] with complex constructor
1710922120252, 0, 0
Reading from stdin
02:08:40,369 INFO  [main-EventThread] RingManager:133 - RingManager ring 2 changed: [21, 22, 23, 24] (succsessor: 24 at /10.10.1.6:2912)
1710922121253, 0, 0
1710922122253, 0, 0
1710922123254, 0, 0
1710922124255, 0, 0
1710922125255, 9, 9
1710922126255, 25064, 25073
1710922127256, 30727, 55800
1710922128256, 35937, 91737
1710922129257, 33343, 125080
1710922130259, 31143, 156223
1710922131272, 34941, 191164
1710922132276, 35711, 226875
1710922133277, 35286, 262161
1710922134278, 32955, 295116
1710922135278, 35416, 330532
1710922136279, 35889, 366421
1710922137280, 31627, 398048
1710922138281, 37074, 435122
1710922139282, 37062, 472184
1710922140282, 34794, 506978
1710922141283, 35735, 542713
1710922142283, 36259, 578972
1710922143284, 35839, 614811
1710922144285, 34160, 648971
1710922145286, 35252, 684223
1710922146286, 33343, 717566
1710922147287, 31389, 748955
1710922148288, 36141, 785096
1710922149288, 37443, 822539
1710922150289, 36591, 859130
1710922151289, 33467, 892597
1710922152290, 36138, 928735
1710922153291, 31800, 960535
1710922154292, 36115, 996650
1710922155293, 27424, 1024074
1710922156294, 0, 1024074
1710922157294, 0, 1024074
1710922158295, 0, 1024074
1710922159296, 0, 1024074
1710922160296, 0, 1024074
1710922161296, 0, 1024074
1710922162297, 0, 1024074
1710922163297, 0, 1024074
1710922164298, 0, 1024074
1710922165298, 0, 1024074
1710922166298, 0, 1024074
02:09:26,501 ERROR [main-EventThread] TopologyManager:465 - org.apache.zookeeper.KeeperException$SessionExpiredException: KeeperErrorCode = Session expired for /ringpaxos/topology2/nodes
02:09:26,599 ERROR [main-EventThread] RingManager:232 - org.apache.zookeeper.KeeperException$SessionExpiredException: KeeperErrorCode = Session expired for /ringpaxos/topology2/nodes
02:09:26,600 ERROR [main-EventThread] TopologyManager:465 - org.apache.zookeeper.KeeperException$SessionExpiredException: KeeperErrorCode = Session expired for /ringpaxos/topology2/learners
1710922167298, 0, 1024074
