21:24:26,361 INFO  [main] RawABListener:48 - Initing a RawABListener...
21:24:26,368 INFO  [main] Node:101 - PID: 16899
21:24:26,550 INFO  [main] NetworkManager:117 - NetworkManager tcp_nodelay: true
21:24:26,553 INFO  [main] NetworkManager:123 - NetworkManager tcp_crc: false
21:24:26,554 INFO  [main] NetworkManager:127 - NetworkManager buf_size: 2097152
21:24:26,577 INFO  [main] ElasticLearnerRole:93 - ElasticLearnerRole replication group 2
21:24:26,578 INFO  [main] ElasticLearnerRole:97 - ElasticLearnerRole initial ring 2
21:24:26,579 INFO  [main] ElasticLearnerRole:102 - ElasticLearnerRole deliver_skip_messages: enabled
21:24:26,582 INFO  [ElasticLearner] LearnerRole:102 - Learner recovery: disabled
21:24:26,584 INFO  [ElasticLearner] LearnerRole:108 - Learner auto_trim: disabled
21:24:26,587 INFO  [main-EventThread] RingManager:133 - RingManager ring 2 changed: [21, 22, 23, 24] (succsessor: 21 at /10.10.1.6:2661)
21:24:26,608 INFO  [main] Replica:169 - Token [0], ringId [null], nodeId [24], snapshot_modulo [0], zoo_host [null], path [null], embebedLog [true], useDiskDb [true] with simple constructor
1671510266609, 0, 0
Reading from stdin
21:24:26,611 INFO  [main-EventThread] RingManager:133 - RingManager ring 2 changed: [21, 22, 23, 24, 25] (succsessor: 25 at /10.10.1.11:2361)
1671510267609, 0, 0
1671510268610, 0, 0
1671510269610, 0, 0
1671510270611, 0, 0
1671510271611, 29, 29
1671510272611, 968, 997
1671510273612, 987, 1984
1671510274612, 993, 2977
1671510275613, 982, 3959
1671510276613, 1000, 4959
1671510277613, 976, 5935
1671510278614, 1007, 6942
1671510279614, 973, 7915
1671510280614, 991, 8906
1671510281615, 983, 9889
1671510282615, 1003, 10892
1671510283615, 968, 11860
1671510284616, 1002, 12862
1671510285616, 1002, 13864
1671510286616, 994, 14858
1671510287617, 984, 15842
1671510288617, 991, 16833
1671510289617, 1037, 17870
1671510290618, 964, 18834
1671510291618, 1010, 19844
1671510292618, 971, 20815
1671510293619, 984, 21799
1671510294619, 1028, 22827
1671510295619, 1010, 23837
1671510296620, 993, 24830
1671510297620, 999, 25829
1671510298621, 980, 26809
1671510299621, 1002, 27811
1671510300621, 986, 28797
1671510301621, 401, 29198
21:25:02,233 ERROR [main-EventThread] TopologyManager:465 - org.apache.zookeeper.KeeperException$ConnectionLossException: KeeperErrorCode = ConnectionLoss for /ringpaxos/topology2/nodes
21:25:02,335 ERROR [main-EventThread] RingManager:232 - org.apache.zookeeper.KeeperException$SessionExpiredException: KeeperErrorCode = Session expired for /ringpaxos/topology2/nodes
21:25:02,336 ERROR [main-EventThread] TopologyManager:465 - org.apache.zookeeper.KeeperException$SessionExpiredException: KeeperErrorCode = Session expired for /ringpaxos/topology2/learners
