05:27:45,119 INFO  [main] RawABListener:48 - Initing a RawABListener...
05:27:45,128 INFO  [main] Node:101 - PID: 87021
05:27:45,358 INFO  [main] NetworkManager:117 - NetworkManager tcp_nodelay: true
05:27:45,363 INFO  [main] NetworkManager:123 - NetworkManager tcp_crc: false
05:27:45,364 INFO  [main] NetworkManager:127 - NetworkManager buf_size: 2097152
05:27:45,394 INFO  [main] ElasticLearnerRole:93 - ElasticLearnerRole replication group 1
05:27:45,396 INFO  [main] ElasticLearnerRole:97 - ElasticLearnerRole initial ring 1
05:27:45,397 INFO  [main] ElasticLearnerRole:102 - ElasticLearnerRole deliver_skip_messages: enabled
05:27:45,403 INFO  [ElasticLearner] LearnerRole:102 - Learner recovery: disabled
05:27:45,405 INFO  [ElasticLearner] LearnerRole:108 - Learner auto_trim: disabled
05:27:45,411 INFO  [main-EventThread] RingManager:133 - RingManager ring 1 changed: [1, 2, 13] (succsessor: 1 at /155.98.36.29:2861)
05:27:45,538 INFO  [main-EventThread] RingManager:133 - RingManager ring 1 changed: [1, 2, 13, 14] (succsessor: 14 at /10.10.1.6:2035)
05:27:45,608 INFO  [main] Replica:188 - Token [0], ringId [null], nodeId [13], snapshot_modulo [0], zoo_host [10.10.1.1], pathPrefix[/media/disk1/], path [/media/disk1/99b0d93c-d107-4063-94b3-8e096bc24ce2], embebedLog [false], useDiskDb [true] with complex constructor
1710329265610, 0, 0
Reading from stdin
1710329266610, 0, 0
1710329267611, 0, 0
1710329268611, 0, 0
1710329269612, 0, 0
1710329270612, 3021, 3021
1710329271613, 31270, 34291
1710329272614, 44463, 78754
1710329273615, 19126, 97880
1710329274616, 19590, 117470
1710329275617, 21622, 139092
1710329276618, 22221, 161313
1710329277619, 19923, 181236
1710329278619, 20934, 202170
1710329279620, 22609, 224779
1710329280620, 20238, 245017
1710329281621, 25361, 270378
1710329282622, 38663, 309041
1710329283623, 47736, 356777
1710329284623, 42207, 398984
1710329285624, 48990, 447974
1710329286625, 45401, 493375
1710329287625, 49174, 542549
1710329288626, 42871, 585420
1710329289633, 25166, 610586
1710329290634, 26969, 637555
1710329291855, 26161, 663716
1710329292856, 39375, 703091
1710329293856, 61616, 764707
1710329294857, 46029, 810736
1710329295857, 31303, 842039
1710329296858, 47430, 889469
1710329297859, 38827, 928296
1710329298859, 50057, 978353
1710329299935, 39942, 1018295
1710329300936, 42453, 1060748
1710329301937, 41049, 1101797
1710329302938, 3025, 1104822
1710329303938, 0, 1104822
1710329310941, 0, 1105092
05:28:31,752 ERROR [main-EventThread] RingManager:232 - org.apache.zookeeper.KeeperException$SessionExpiredException: KeeperErrorCode = Session expired for /ringpaxos/topology1/nodes
05:28:31,851 ERROR [main-EventThread] TopologyManager:465 - org.apache.zookeeper.KeeperException$SessionExpiredException: KeeperErrorCode = Session expired for /ringpaxos/topology1/learners
05:28:31,852 ERROR [main-EventThread] TopologyManager:465 - org.apache.zookeeper.KeeperException$SessionExpiredException: KeeperErrorCode = Session expired for /ringpaxos/topology1/nodes
05:28:31,859 ERROR [main-EventThread] RingManager:232 - org.apache.zookeeper.KeeperException$SessionExpiredException: KeeperErrorCode = Session expired for /ringpaxos/topology1/nodes
1710329311941, 0, 1105092
