05:27:45,222 INFO  [main] RawABListener:48 - Initing a RawABListener...
05:27:45,242 INFO  [main] Node:101 - PID: 105501
05:27:45,462 INFO  [main] NetworkManager:117 - NetworkManager tcp_nodelay: true
05:27:45,467 INFO  [main] NetworkManager:123 - NetworkManager tcp_crc: false
05:27:45,468 INFO  [main] NetworkManager:127 - NetworkManager buf_size: 2097152
05:27:45,487 INFO  [main] ElasticLearnerRole:93 - ElasticLearnerRole replication group 2
05:27:45,488 INFO  [main] ElasticLearnerRole:97 - ElasticLearnerRole initial ring 2
05:27:45,488 INFO  [main] ElasticLearnerRole:102 - ElasticLearnerRole deliver_skip_messages: enabled
05:27:45,494 INFO  [ElasticLearner] LearnerRole:102 - Learner recovery: disabled
05:27:45,496 INFO  [ElasticLearner] LearnerRole:108 - Learner auto_trim: disabled
05:27:45,502 INFO  [main-EventThread] RingManager:133 - RingManager ring 2 changed: [21, 22, 24] (succsessor: 21 at /155.98.36.29:2565)
05:27:45,513 INFO  [main-EventThread] RingManager:133 - RingManager ring 2 changed: [21, 22, 23, 24] (succsessor: 21 at /155.98.36.29:2565)
05:27:45,627 INFO  [main] Replica:188 - Token [0], ringId [null], nodeId [24], snapshot_modulo [0], zoo_host [10.10.1.1], pathPrefix[/media/disk6/], path [/media/disk6/ebd332c0-2370-41ae-876b-1af7e8733925], embebedLog [false], useDiskDb [true] with complex constructor
1710329265628, 0, 0
Reading from stdin
1710329266628, 0, 0
1710329267629, 0, 0
1710329268629, 0, 0
1710329269630, 0, 0
1710329270631, 4892, 4892
1710329271631, 23108, 28000
1710329272631, 26466, 54466
1710329273632, 36539, 91005
1710329274633, 35569, 126574
1710329275633, 35187, 161761
1710329276634, 34542, 196303
1710329277634, 36029, 232332
1710329278635, 37897, 270229
1710329279635, 31169, 301398
1710329280636, 27378, 328776
1710329281636, 37389, 366165
1710329282637, 27576, 393741
1710329283637, 23958, 417699
1710329284638, 22873, 440572
1710329285638, 27021, 467593
1710329286639, 24208, 491801
1710329287639, 22883, 514684
1710329288640, 23350, 538034
1710329289641, 28236, 566270
1710329290641, 27182, 593452
1710329291642, 27351, 620803
1710329292642, 33261, 654064
1710329293643, 34259, 688323
1710329294643, 27207, 715530
1710329295644, 28246, 743776
1710329296644, 26708, 770484
1710329297645, 24776, 795260
1710329298645, 26141, 821401
1710329299646, 24440, 845841
1710329300646, 28643, 874484
1710329301646, 19649, 894133
1710329302647, 5747, 899880
1710329303648, 0, 899880
1710329304648, 0, 899880
1710329305648, 0, 899880
1710329306649, 0, 899880
1710329307649, 0, 899880
1710329308649, 0, 899880
1710329309650, 0, 899880
1710329310650, 682, 900562
1710329311650, 0, 900562
05:28:31,741 ERROR [main-EventThread] TopologyManager:465 - org.apache.zookeeper.KeeperException$SessionExpiredException: KeeperErrorCode = Session expired for /ringpaxos/topology2/nodes
05:28:31,842 ERROR [main-EventThread] RingManager:232 - org.apache.zookeeper.KeeperException$SessionExpiredException: KeeperErrorCode = Session expired for /ringpaxos/topology2/nodes
05:28:31,843 ERROR [main-EventThread] TopologyManager:465 - org.apache.zookeeper.KeeperException$SessionExpiredException: KeeperErrorCode = Session expired for /ringpaxos/topology2/learners
1710329312651, 0, 900562
