05:27:45,135 INFO  [main] RawABListener:48 - Initing a RawABListener...
05:27:45,144 INFO  [main] Node:101 - PID: 82869
05:27:45,361 INFO  [main] NetworkManager:117 - NetworkManager tcp_nodelay: true
05:27:45,367 INFO  [main] NetworkManager:123 - NetworkManager tcp_crc: false
05:27:45,367 INFO  [main] NetworkManager:127 - NetworkManager buf_size: 2097152
05:27:45,392 INFO  [main] ElasticLearnerRole:93 - ElasticLearnerRole replication group 3
05:27:45,393 INFO  [main] ElasticLearnerRole:97 - ElasticLearnerRole initial ring 3
05:27:45,393 INFO  [main] ElasticLearnerRole:102 - ElasticLearnerRole deliver_skip_messages: enabled
05:27:45,402 INFO  [ElasticLearner] LearnerRole:102 - Learner recovery: disabled
05:27:45,405 INFO  [ElasticLearner] LearnerRole:108 - Learner auto_trim: disabled
05:27:45,412 INFO  [main-EventThread] RingManager:133 - RingManager ring 3 changed: [31, 32, 34] (succsessor: 31 at /155.98.36.29:2962)
05:27:45,425 INFO  [main-EventThread] RingManager:133 - RingManager ring 3 changed: [31, 32, 33, 34] (succsessor: 31 at /155.98.36.29:2962)
05:27:45,667 INFO  [main] Replica:188 - Token [0], ringId [null], nodeId [34], snapshot_modulo [0], zoo_host [10.10.1.1], pathPrefix[/media/disk5/], path [/media/disk5/de1f7511-c140-4518-87e6-f32356a86128], embebedLog [false], useDiskDb [true] with complex constructor
1710329265668, 0, 0
Reading from stdin
1710329266669, 0, 0
1710329267669, 0, 0
1710329268670, 0, 0
1710329269670, 0, 0
1710329270671, 6762, 6762
1710329271671, 20738, 27500
1710329272672, 16654, 44154
1710329273673, 25506, 69660
1710329274674, 24580, 94240
1710329275674, 23876, 118116
1710329276676, 24183, 142299
1710329277677, 23842, 166141
1710329278677, 23608, 189749
1710329279678, 25488, 215237
1710329280678, 27099, 242336
1710329281679, 23117, 265453
1710329282679, 18848, 284301
1710329283680, 16681, 300982
1710329284680, 18538, 319520
1710329285681, 16911, 336431
1710329286681, 16879, 353310
1710329287682, 17965, 371275
1710329288683, 17976, 389251
1710329289684, 16813, 406064
1710329290685, 17415, 423479
1710329291685, 20224, 443703
1710329292686, 23850, 467553
1710329293686, 22923, 490476
1710329294687, 18054, 508530
1710329295687, 19737, 528267
1710329296688, 17717, 545984
1710329297688, 17370, 563354
1710329298689, 18585, 581939
1710329299689, 16416, 598355
1710329300690, 14792, 613147
1710329301690, 21447, 634594
1710329302691, 8069, 642663
1710329303691, 0, 642663
1710329304692, 0, 642663
1710329305692, 0, 642663
1710329306692, 0, 642663
1710329307693, 0, 642663
1710329308693, 0, 642663
1710329309693, 0, 642663
1710329310694, 142, 642805
1710329311694, 0, 642805
05:28:31,750 ERROR [main-EventThread] TopologyManager:465 - org.apache.zookeeper.KeeperException$SessionExpiredException: KeeperErrorCode = Session expired for /ringpaxos/topology3/nodes
05:28:31,849 ERROR [main-EventThread] RingManager:232 - org.apache.zookeeper.KeeperException$SessionExpiredException: KeeperErrorCode = Session expired for /ringpaxos/topology3/nodes
05:28:31,849 ERROR [main-EventThread] TopologyManager:465 - org.apache.zookeeper.KeeperException$SessionExpiredException: KeeperErrorCode = Session expired for /ringpaxos/topology3/learners
1710329312694, 0, 642805
