11:39:40,993 INFO  [main] RawABListener:48 - Initing a RawABListener...
11:39:41,004 INFO  [main] Node:101 - PID: 4774
11:39:41,211 INFO  [main] NetworkManager:117 - NetworkManager tcp_nodelay: true
11:39:41,214 INFO  [main] NetworkManager:123 - NetworkManager tcp_crc: false
11:39:41,215 INFO  [main] NetworkManager:127 - NetworkManager buf_size: 2097152
11:39:41,237 INFO  [main] ElasticLearnerRole:93 - ElasticLearnerRole replication group 4
11:39:41,237 INFO  [main] ElasticLearnerRole:97 - ElasticLearnerRole initial ring 4
11:39:41,238 INFO  [main] ElasticLearnerRole:102 - ElasticLearnerRole deliver_skip_messages: enabled
11:39:41,242 INFO  [ElasticLearner] LearnerRole:102 - Learner recovery: disabled
11:39:41,244 INFO  [ElasticLearner] LearnerRole:108 - Learner auto_trim: disabled
11:39:41,247 INFO  [main-EventThread] RingManager:133 - RingManager ring 4 changed: [41, 42, 43, 44] (succsessor: 44 at /10.10.1.7:2411)
11:39:41,267 INFO  [main] Replica:172 - Token [0], ringId [null], nodeId [43], snapshot_modulo [0], zoo_host [null], path [null], embebedLog [false], useDiskDb [false] with simple constructor
1681666781268, 0, 0
Reading from stdin
1681666782269, 0, 0
1681666783269, 0, 0
1681666784270, 0, 0
1681666785270, 0, 0
1681666786271, 2258, 2258
11:39:46,677 ERROR [TCPListener] SessionHandler:104 - Error in SessionHandler during de-serializing!
java.lang.IndexOutOfBoundsException: Index 0 out of bounds for length 0
	at java.base/jdk.internal.util.Preconditions.outOfBounds(Preconditions.java:64)
	at java.base/jdk.internal.util.Preconditions.outOfBoundsCheckIndex(Preconditions.java:70)
	at java.base/jdk.internal.util.Preconditions.checkIndex(Preconditions.java:248)
	at java.base/java.util.Objects.checkIndex(Objects.java:373)
	at java.base/java.util.ArrayList.get(ArrayList.java:426)
	at ch.usi.da.paxos.ring.RingManager.getRingSuccessor(RingManager.java:169)
	at ch.usi.da.paxos.ring.NetworkManager.receive(NetworkManager.java:172)
	at ch.usi.da.paxos.ring.SessionHandler.handleReadable(SessionHandler.java:99)
	at ch.usi.da.paxos.ring.TCPListener.run(TCPListener.java:89)
	at java.base/java.lang.Thread.run(Thread.java:830)
11:39:46,680 INFO  [main-EventThread] RingManager:133 - RingManager ring 4 changed: [7, 41, 42, 43, 44] (succsessor: 44 at /10.10.1.7:2411)
11:39:46,697 ERROR [TCPListener] LearnerRole:219 - Learner received decision without value! [Decision from:42 to:Learner instance:1538 ballot:51 v_ballot:0 value:<none> (259977620100141)]
11:39:46,739 INFO  [main-EventThread] RingManager:133 - RingManager ring 4 changed: [7, 8, 41, 42, 43, 44] (succsessor: 44 at /10.10.1.7:2411)
11:39:47,255 WARN  [Learner-4] LearnerRole:133 - Learner re-request missing instance 1538
1681666787271, 11385, 13643
1681666788272, 9352, 22995
1681666789272, 26485, 49480
1681666790273, 25693, 75173
1681666791273, 24190, 99363
1681666792274, 26123, 125486
1681666793275, 26208, 151694
1681666794275, 26146, 177840
1681666795276, 26315, 204155
1681666796277, 26438, 230593
1681666797277, 32383, 262976
1681666798278, 48916, 311892
1681666799279, 54904, 366796
1681666800280, 50747, 417543
1681666801281, 45804, 463347
1681666802303, 39859, 503206
1681666803304, 32362, 535568
1681666804305, 31470, 567038
1681666805306, 29233, 596271
1681666806307, 31787, 628058
1681666807309, 31926, 659984
1681666808310, 32995, 692979
1681666809310, 36808, 729787
1681666810311, 35911, 765698
1681666811312, 47843, 813541
1681666812312, 51511, 865052
1681666813313, 60566, 925618
1681666814418, 55987, 981605
1681666815421, 47441, 1029046
1681666816422, 27810, 1056856
1681666817422, 0, 1056856
1681666818423, 0, 1056856
1681666819423, 0, 1056856
1681666820436, 18, 1056874
1681666821437, 0, 1056874
1681666822438, 0, 1056874
1681666823438, 261, 1057135
1681666824439, 0, 1057135
1681666825439, 208, 1057343
1681666826439, 0, 1057343
11:40:26,738 ERROR [main-EventThread] TopologyManager:465 - org.apache.zookeeper.KeeperException$SessionExpiredException: KeeperErrorCode = Session expired for /ringpaxos/topology4/nodes
11:40:26,835 ERROR [main-EventThread] RingManager:232 - org.apache.zookeeper.KeeperException$SessionExpiredException: KeeperErrorCode = Session expired for /ringpaxos/topology4/nodes
11:40:26,835 ERROR [main-EventThread] TopologyManager:465 - org.apache.zookeeper.KeeperException$SessionExpiredException: KeeperErrorCode = Session expired for /ringpaxos/topology4/learners
