19:01:37,655 INFO  [main] RawABListener:48 - Initing a RawABListener...
19:01:37,666 INFO  [main] Node:101 - PID: 31860
19:01:37,879 INFO  [main] NetworkManager:117 - NetworkManager tcp_nodelay: true
19:01:37,884 INFO  [main] NetworkManager:123 - NetworkManager tcp_crc: false
19:01:37,885 INFO  [main] NetworkManager:127 - NetworkManager buf_size: 2097152
19:01:37,908 INFO  [main] ElasticLearnerRole:93 - ElasticLearnerRole replication group 3
19:01:37,911 INFO  [main] ElasticLearnerRole:97 - ElasticLearnerRole initial ring 3
19:01:37,912 INFO  [main] ElasticLearnerRole:102 - ElasticLearnerRole deliver_skip_messages: enabled
19:01:37,918 INFO  [ElasticLearner] LearnerRole:102 - Learner recovery: disabled
19:01:37,920 INFO  [ElasticLearner] LearnerRole:108 - Learner auto_trim: disabled
19:01:37,930 INFO  [main-EventThread] RingManager:133 - RingManager ring 3 changed: [31, 32, 33, 34] (succsessor: 31 at /10.10.1.3:2103)
19:01:37,953 INFO  [main] Replica:172 - Token [0], ringId [null], nodeId [34], snapshot_modulo [0], zoo_host [null], path [null], embebedLog [false], useDiskDb [false] with simple constructor
1681606897954, 0, 0
Reading from stdin
1681606898954, 0, 0
1681606899955, 0, 0
1681606900955, 0, 0
1681606901956, 0, 0
1681606902956, 471, 471
19:01:42,970 INFO  [main-EventThread] RingManager:133 - RingManager ring 3 changed: [6, 31, 32, 33, 34] (succsessor: 6 at /10.10.1.6:2163)
19:01:42,995 ERROR [TCPListener] LearnerRole:219 - Learner received decision without value! [Decision from:32 to:Learner instance:166 ballot:41 v_ballot:0 value:<none> (925623985292931)]
19:01:43,073 INFO  [main-EventThread] RingManager:133 - RingManager ring 3 changed: [6, 7, 31, 32, 33, 34] (succsessor: 6 at /10.10.1.6:2163)
1681606903957, 1549, 2020
1681606904958, 32514, 34534
1681606905959, 32803, 67337
1681606906960, 16688, 84025
1681606907961, 17683, 101708
1681606908962, 17732, 119440
1681606909964, 17783, 137223
1681606910965, 17847, 155070
1681606911966, 17807, 172877
1681606912966, 17516, 190393
1681606913966, 30547, 220940
1681606914967, 39006, 259946
1681606915968, 39469, 299415
1681606916969, 41242, 340657
1681606917969, 40732, 381389
1681606918970, 38778, 420167
1681606920003, 40286, 460453
1681606921003, 40837, 501290
1681606922004, 41992, 543282
1681606923006, 41453, 584735
1681606924009, 38807, 623542
1681606925009, 35265, 658807
1681606926010, 36926, 695733
1681606927011, 37726, 733459
1681606928012, 34699, 768158
1681606929013, 39732, 807890
1681606930013, 41157, 849047
1681606931014, 34771, 883818
1681606932015, 37548, 921366
1681606933016, 21208, 942574
1681606934016, 381, 942955
1681606935017, 230, 943185
1681606936018, 0, 943185
1681606937018, 0, 943185
1681606938019, 0, 943185
1681606939019, 0, 943185
1681606940020, 0, 943185
1681606941020, 0, 943185
1681606942021, 0, 943185
1681606943021, 425, 943610
19:02:23,785 ERROR [main-EventThread] TopologyManager:465 - org.apache.zookeeper.KeeperException$SessionExpiredException: KeeperErrorCode = Session expired for /ringpaxos/topology3/acceptors
19:02:23,885 ERROR [main-EventThread] RingManager:232 - org.apache.zookeeper.KeeperException$SessionExpiredException: KeeperErrorCode = Session expired for /ringpaxos/topology3/acceptors
19:02:23,885 ERROR [main-EventThread] TopologyManager:465 - org.apache.zookeeper.KeeperException$SessionExpiredException: KeeperErrorCode = Session expired for /ringpaxos/topology3/nodes
19:02:23,885 ERROR [main-EventThread] RingManager:232 - org.apache.zookeeper.KeeperException$SessionExpiredException: KeeperErrorCode = Session expired for /ringpaxos/topology3/nodes
19:02:23,886 ERROR [main-EventThread] TopologyManager:465 - org.apache.zookeeper.KeeperException$SessionExpiredException: KeeperErrorCode = Session expired for /ringpaxos/topology3/learners
