19:03:27,302 INFO  [main] RawABListener:48 - Initing a RawABListener...
19:03:27,312 INFO  [main] Node:101 - PID: 33803
19:03:27,520 INFO  [main] NetworkManager:117 - NetworkManager tcp_nodelay: true
19:03:27,526 INFO  [main] NetworkManager:123 - NetworkManager tcp_crc: false
19:03:27,526 INFO  [main] NetworkManager:127 - NetworkManager buf_size: 2097152
19:03:27,552 INFO  [main] ElasticLearnerRole:93 - ElasticLearnerRole replication group 3
19:03:27,553 INFO  [main] ElasticLearnerRole:97 - ElasticLearnerRole initial ring 3
19:03:27,554 INFO  [main] ElasticLearnerRole:102 - ElasticLearnerRole deliver_skip_messages: enabled
19:03:27,560 INFO  [ElasticLearner] LearnerRole:102 - Learner recovery: disabled
19:03:27,563 INFO  [ElasticLearner] LearnerRole:108 - Learner auto_trim: disabled
19:03:27,568 INFO  [main-EventThread] RingManager:133 - RingManager ring 3 changed: [31, 32, 33, 34] (succsessor: 34 at /10.10.1.7:2850)
19:03:53,643 INFO  [main] Replica:169 - Token [0], ringId [null], nodeId [33], snapshot_modulo [0], zoo_host [null], path [null], embebedLog [false], useDiskDb [true] with simple constructor
1681434233644, 0, 0
Reading from stdin
1681434234644, 5372, 5372
1681434235645, 6642, 12014
1681434236645, 5742, 17756
1681434237646, 6655, 24411
1681434238646, 4159, 28570
1681434239653, 4210, 32780
1681434240654, 5371, 38151
1681434241654, 6737, 44888
1681434242655, 6727, 51615
1681434243655, 4888, 56503
1681434244656, 6037, 62540
1681434245656, 1468, 64008
1681434246656, 0, 64008
1681434247657, 0, 64008
1681434248657, 0, 64008
1681434249658, 0, 64008
1681434250658, 0, 64008
19:04:10,850 ERROR [TCPListener] SessionHandler:120 - Error in SessionHandler during reading!
java.nio.channels.ClosedSelectorException
	at java.base/sun.nio.ch.EPollSelectorImpl.ensureOpen(EPollSelectorImpl.java:98)
	at java.base/sun.nio.ch.EPollSelectorImpl.setEventOps(EPollSelectorImpl.java:243)
	at java.base/sun.nio.ch.SelectionKeyImpl.interestOps(SelectionKeyImpl.java:101)
	at ch.usi.da.paxos.ring.SessionHandler.handleReadable(SessionHandler.java:68)
	at ch.usi.da.paxos.ring.TCPListener.run(TCPListener.java:89)
	at java.base/java.lang.Thread.run(Thread.java:830)
19:04:10,861 ERROR [main-EventThread] RingManager:232 - org.apache.zookeeper.KeeperException$ConnectionLossException: KeeperErrorCode = ConnectionLoss for /ringpaxos/topology3/acceptors
19:04:10,964 ERROR [main-EventThread] TopologyManager:465 - org.apache.zookeeper.KeeperException$SessionExpiredException: KeeperErrorCode = Session expired for /ringpaxos/topology3/nodes
19:04:10,965 ERROR [main-EventThread] RingManager:232 - org.apache.zookeeper.KeeperException$SessionExpiredException: KeeperErrorCode = Session expired for /ringpaxos/topology3/nodes
19:04:10,971 ERROR [main-EventThread] TopologyManager:465 - org.apache.zookeeper.KeeperException$SessionExpiredException: KeeperErrorCode = Session expired for /ringpaxos/topology3/learners
