19:03:27,301 INFO  [main] RawABListener:48 - Initing a RawABListener...
19:03:27,313 INFO  [main] Node:101 - PID: 33802
19:03:27,523 INFO  [main] NetworkManager:117 - NetworkManager tcp_nodelay: true
19:03:27,528 INFO  [main] NetworkManager:123 - NetworkManager tcp_crc: false
19:03:27,528 INFO  [main] NetworkManager:127 - NetworkManager buf_size: 2097152
19:03:27,554 INFO  [main] ElasticLearnerRole:93 - ElasticLearnerRole replication group 2
19:03:27,555 INFO  [main] ElasticLearnerRole:97 - ElasticLearnerRole initial ring 2
19:03:27,556 INFO  [main] ElasticLearnerRole:102 - ElasticLearnerRole deliver_skip_messages: enabled
19:03:27,561 INFO  [ElasticLearner] LearnerRole:102 - Learner recovery: disabled
19:03:27,564 INFO  [ElasticLearner] LearnerRole:108 - Learner auto_trim: disabled
19:03:27,566 INFO  [main-EventThread] RingManager:133 - RingManager ring 2 changed: [21, 22, 23] (succsessor: 21 at /10.10.1.3:2531)
19:03:27,603 INFO  [main-EventThread] RingManager:133 - RingManager ring 2 changed: [21, 22, 23, 24] (succsessor: 24 at /10.10.1.6:2483)
19:03:53,642 INFO  [main] Replica:169 - Token [0], ringId [null], nodeId [23], snapshot_modulo [0], zoo_host [null], path [null], embebedLog [false], useDiskDb [true] with simple constructor
1681434233644, 0, 0
Reading from stdin
1681434234644, 5116, 5116
1681434235645, 6466, 11582
1681434236645, 6619, 18201
1681434237646, 5904, 24105
1681434238646, 3356, 27461
1681434239653, 3359, 30820
1681434240654, 5389, 36209
1681434241654, 5803, 42012
1681434242654, 5155, 47167
1681434243655, 4006, 51173
1681434244655, 5788, 56961
1681434245655, 5439, 62400
1681434246656, 5693, 68093
1681434247657, 6201, 74294
1681434248657, 1379, 75673
1681434249657, 7498, 83171
1681434250657, 8199, 91370
19:04:10,859 ERROR [main-EventThread] TopologyManager:465 - org.apache.zookeeper.KeeperException$SessionExpiredException: KeeperErrorCode = Session expired for /ringpaxos/topology2/acceptors
19:04:10,961 ERROR [main-EventThread] RingManager:232 - org.apache.zookeeper.KeeperException$SessionExpiredException: KeeperErrorCode = Session expired for /ringpaxos/topology2/acceptors
19:04:10,962 ERROR [main-EventThread] TopologyManager:465 - org.apache.zookeeper.KeeperException$SessionExpiredException: KeeperErrorCode = Session expired for /ringpaxos/topology2/nodes
19:04:10,967 ERROR [main-EventThread] RingManager:232 - org.apache.zookeeper.KeeperException$SessionExpiredException: KeeperErrorCode = Session expired for /ringpaxos/topology2/nodes
19:04:10,968 ERROR [main-EventThread] TopologyManager:465 - org.apache.zookeeper.KeeperException$SessionExpiredException: KeeperErrorCode = Session expired for /ringpaxos/topology2/learners
