17:20:54,083 INFO  [main] RawABListener:48 - Initing a RawABListener...
17:20:54,093 INFO  [main] Node:101 - PID: 30260
17:20:54,320 INFO  [main] NetworkManager:117 - NetworkManager tcp_nodelay: true
17:20:54,324 INFO  [main] NetworkManager:123 - NetworkManager tcp_crc: false
17:20:54,325 INFO  [main] NetworkManager:127 - NetworkManager buf_size: 2097152
17:20:54,347 INFO  [main] ElasticLearnerRole:93 - ElasticLearnerRole replication group 2
17:20:54,348 INFO  [main] ElasticLearnerRole:97 - ElasticLearnerRole initial ring 2
17:20:54,348 INFO  [main] ElasticLearnerRole:102 - ElasticLearnerRole deliver_skip_messages: enabled
17:20:54,354 INFO  [ElasticLearner] LearnerRole:102 - Learner recovery: disabled
17:20:54,356 INFO  [ElasticLearner] LearnerRole:108 - Learner auto_trim: disabled
17:20:54,357 INFO  [main-EventThread] RingManager:133 - RingManager ring 2 changed: [21, 22, 23] (succsessor: 21 at /10.10.1.3:2943)
17:20:54,685 INFO  [main-EventThread] RingManager:133 - RingManager ring 2 changed: [21, 22, 23, 24] (succsessor: 24 at /10.10.1.6:2881)
17:20:58,851 INFO  [main] Replica:169 - Token [0], ringId [null], nodeId [23], snapshot_modulo [0], zoo_host [null], path [null], embebedLog [false], useDiskDb [true] with simple constructor
1681428058853, 0, 0
Reading from stdin
1681428059854, 1273, 1273
1681428060854, 2094, 3367
1681428061855, 2022, 5389
1681428062856, 2040, 7429
1681428063856, 2050, 9479
1681428064857, 1985, 11464
1681428065858, 2011, 13475
1681428066860, 2002, 15477
1681428067860, 2016, 17493
1681428068861, 2037, 19530
1681428069862, 1921, 21451
1681428070862, 2072, 23523
1681428071863, 2029, 25552
1681428072863, 2017, 27569
1681428073864, 1992, 29561
1681428074867, 1977, 31538
1681428075867, 2015, 33553
1681428076868, 2011, 35564
1681428077868, 2031, 37595
1681428078869, 1994, 39589
1681428079870, 1056, 40645
1681428080870, 431, 41076
1681428081871, 0, 41076
1681428082871, 1916, 42992
1681428083872, 4453, 47445
1681428084872, 3285, 50730
1681428085873, 2288, 53018
1681428086873, 2025, 55043
1681428087873, 2005, 57048
1681428088874, 325, 57373
17:21:29,566 ERROR [main-EventThread] TopologyManager:465 - org.apache.zookeeper.KeeperException$SessionExpiredException: KeeperErrorCode = Session expired for /ringpaxos/topology2/nodes
17:21:29,666 ERROR [main-EventThread] RingManager:232 - org.apache.zookeeper.KeeperException$SessionExpiredException: KeeperErrorCode = Session expired for /ringpaxos/topology2/nodes
17:21:29,666 ERROR [main-EventThread] TopologyManager:465 - org.apache.zookeeper.KeeperException$SessionExpiredException: KeeperErrorCode = Session expired for /ringpaxos/topology2/learners
