19:56:58,999 INFO  [main] RawABListener:48 - Initing a RawABListener...
19:56:59,008 INFO  [main] Node:101 - PID: 20341
19:56:59,230 INFO  [main] NetworkManager:117 - NetworkManager tcp_nodelay: true
19:56:59,237 INFO  [main] NetworkManager:123 - NetworkManager tcp_crc: false
19:56:59,237 INFO  [main] NetworkManager:127 - NetworkManager buf_size: 2097152
19:56:59,258 INFO  [main] ElasticLearnerRole:93 - ElasticLearnerRole replication group 1
19:56:59,260 INFO  [main] ElasticLearnerRole:97 - ElasticLearnerRole initial ring 1
19:56:59,261 INFO  [main] ElasticLearnerRole:102 - ElasticLearnerRole deliver_skip_messages: enabled
19:56:59,268 INFO  [ElasticLearner] LearnerRole:102 - Learner recovery: disabled
19:56:59,270 INFO  [ElasticLearner] LearnerRole:108 - Learner auto_trim: disabled
19:56:59,275 INFO  [main-EventThread] RingManager:133 - RingManager ring 1 changed: [1, 2, 13] (succsessor: 1 at /10.10.1.3:2954)
19:56:59,282 INFO  [main-EventThread] RingManager:133 - RingManager ring 1 changed: [1, 2, 13, 14] (succsessor: 14 at /10.10.1.6:2596)
19:56:59,784 INFO  [main] Replica:188 - Token [0], ringId [null], nodeId [13], snapshot_modulo [0], zoo_host [10.10.1.1], pathPrefix[/media/disk1/], path [/media/disk1/c8244eea-4dd5-4410-8425-9ad8108b31a2], embebedLog [true], useDiskDb [true] with complex constructor
1710899819785, 0, 0
Reading from stdin
1710899820786, 0, 0
1710899821786, 0, 0
1710899822787, 0, 0
1710899823787, 0, 0
1710899824788, 16154, 16154
1710899825788, 25878, 42032
1710899826789, 40229, 82261
1710899827790, 27482, 109743
1710899828791, 23805, 133548
1710899829792, 35929, 169477
1710899830792, 39839, 209316
1710899831793, 35257, 244573
1710899832794, 28901, 273474
1710899833794, 36962, 310436
1710899834795, 42892, 353328
1710899835795, 42117, 395445
1710899836796, 38270, 433715
1710899837796, 35806, 469521
1710899838797, 30616, 500137
1710899839798, 30231, 530368
1710899840798, 33762, 564130
1710899841799, 23537, 587667
1710899842800, 33932, 621599
1710899843801, 30561, 652160
1710899844802, 28936, 681096
1710899845802, 38392, 719488
1710899846803, 38453, 757941
1710899847803, 33678, 791619
1710899848804, 40386, 832005
1710899849805, 37181, 869186
1710899850805, 23195, 892381
1710899851805, 30780, 923161
1710899852806, 32276, 955437
1710899853807, 27395, 982832
1710899854807, 7220, 990052
1710899855808, 0, 990052
1710899856808, 0, 990052
1710899857809, 0, 990052
1710899858809, 0, 990052
1710899859810, 0, 990052
1710899860810, 0, 990052
1710899861810, 0, 990052
1710899862811, 0, 990052
1710899863811, 313, 990365
19:57:44,651 INFO  [main-EventThread] RingManager:133 - RingManager ring 1 changed: [1, 13, 14] (succsessor: 14 at /10.10.1.6:2596)
19:57:44,652 ERROR [TCPListener] SessionHandler:120 - Error in SessionHandler during reading!
java.nio.channels.ClosedSelectorException
	at java.base/sun.nio.ch.EPollSelectorImpl.ensureOpen(EPollSelectorImpl.java:98)
	at java.base/sun.nio.ch.EPollSelectorImpl.setEventOps(EPollSelectorImpl.java:243)
	at java.base/sun.nio.ch.SelectionKeyImpl.interestOps(SelectionKeyImpl.java:101)
	at ch.usi.da.paxos.ring.SessionHandler.handleReadable(SessionHandler.java:68)
	at ch.usi.da.paxos.ring.TCPListener.run(TCPListener.java:89)
	at java.base/java.lang.Thread.run(Thread.java:830)
19:57:44,658 INFO  [main-EventThread] RingManager:133 - RingManager ring 1 changed: [1, 13] (succsessor: 1 at /10.10.1.3:2954)
19:57:44,767 ERROR [main-EventThread] TopologyManager:465 - org.apache.zookeeper.KeeperException$SessionExpiredException: KeeperErrorCode = Session expired for /ringpaxos/topology1/learners
19:57:44,768 ERROR [main-EventThread] TopologyManager:465 - org.apache.zookeeper.KeeperException$SessionExpiredException: KeeperErrorCode = Session expired for /ringpaxos/topology1/nodes
19:57:44,768 ERROR [main-EventThread] RingManager:232 - org.apache.zookeeper.KeeperException$SessionExpiredException: KeeperErrorCode = Session expired for /ringpaxos/topology1/nodes
1710899864811, 0, 990365
