23:02:07,000 INFO  [main] RawABListener:48 - Initing a RawABListener...
23:02:07,009 INFO  [main] Node:101 - PID: 5977
23:02:07,201 INFO  [main] NetworkManager:117 - NetworkManager tcp_nodelay: true
23:02:07,205 INFO  [main] NetworkManager:123 - NetworkManager tcp_crc: false
23:02:07,205 INFO  [main] NetworkManager:127 - NetworkManager buf_size: 2097152
23:02:07,220 INFO  [main] ElasticLearnerRole:93 - ElasticLearnerRole replication group 2
23:02:07,220 INFO  [main] ElasticLearnerRole:97 - ElasticLearnerRole initial ring 2
23:02:07,221 INFO  [main] ElasticLearnerRole:102 - ElasticLearnerRole deliver_skip_messages: enabled
23:02:07,227 INFO  [ElasticLearner] LearnerRole:102 - Learner recovery: disabled
23:02:07,229 INFO  [ElasticLearner] LearnerRole:108 - Learner auto_trim: disabled
23:02:07,236 INFO  [main-EventThread] RingManager:133 - RingManager ring 2 changed: [5, 23, 24, 25] (succsessor: 25 at /10.10.1.11:2119)
23:02:07,241 INFO  [main-EventThread] RingManager:133 - RingManager ring 2 changed: [5, 22, 23, 24, 25] (succsessor: 25 at /10.10.1.11:2119)
23:02:07,252 INFO  [main] Replica:169 - Token [0], ringId [null], nodeId [24], snapshot_modulo [0], zoo_host [null], path [null], embebedLog [false], useDiskDb [false] with simple constructor
Reading from stdin
1671602527252, 0, 0
23:02:07,366 INFO  [main-EventThread] RingManager:133 - RingManager ring 2 changed: [5, 21, 22, 23, 24, 25] (succsessor: 25 at /10.10.1.11:2119)
1671602528253, 0, 0
1671602529253, 0, 0
1671602530254, 0, 0
1671602531254, 0, 0
1671602532255, 0, 0
1671602533255, 51, 51
1671602534255, 66, 117
1671602535256, 58, 175
1671602536256, 64, 239
1671602537256, 69, 308
1671602538257, 62, 370
1671602539257, 63, 433
1671602540258, 65, 498
1671602541258, 66, 564
1671602542258, 58, 622
1671602543259, 62, 684
1671602544259, 72, 756
1671602545259, 61, 817
1671602546260, 59, 876
1671602547260, 64, 940
1671602548260, 72, 1012
1671602549261, 67, 1079
1671602550261, 62, 1141
1671602551261, 65, 1206
1671602552262, 63, 1269
1671602553262, 63, 1332
1671602554262, 61, 1393
1671602555263, 63, 1456
1671602556263, 63, 1519
1671602557263, 61, 1580
1671602558263, 59, 1639
1671602559264, 70, 1709
1671602560264, 68, 1777
1671602561264, 67, 1844
1671602562265, 49, 1893
1671602563265, 0, 1893
23:02:43,464 ERROR [main-EventThread] TopologyManager:465 - org.apache.zookeeper.KeeperException$SessionExpiredException: KeeperErrorCode = Session expired for /ringpaxos/topology2/nodes
23:02:43,565 ERROR [main-EventThread] RingManager:232 - org.apache.zookeeper.KeeperException$SessionExpiredException: KeeperErrorCode = Session expired for /ringpaxos/topology2/nodes
23:02:43,568 ERROR [main-EventThread] TopologyManager:465 - org.apache.zookeeper.KeeperException$SessionExpiredException: KeeperErrorCode = Session expired for /ringpaxos/topology2/learners
