21:21:01,929 INFO  [main] RawABListener:48 - Initing a RawABListener...
21:21:01,939 INFO  [main] Node:101 - PID: 16290
21:21:02,119 INFO  [main] NetworkManager:117 - NetworkManager tcp_nodelay: true
21:21:02,123 INFO  [main] NetworkManager:123 - NetworkManager tcp_crc: false
21:21:02,123 INFO  [main] NetworkManager:127 - NetworkManager buf_size: 2097152
21:21:02,142 INFO  [main] ElasticLearnerRole:93 - ElasticLearnerRole replication group 2
21:21:02,143 INFO  [main] ElasticLearnerRole:97 - ElasticLearnerRole initial ring 2
21:21:02,143 INFO  [main] ElasticLearnerRole:102 - ElasticLearnerRole deliver_skip_messages: enabled
21:21:02,151 INFO  [ElasticLearner] LearnerRole:102 - Learner recovery: disabled
21:21:02,153 INFO  [ElasticLearner] LearnerRole:108 - Learner auto_trim: disabled
21:21:02,157 INFO  [main-EventThread] RingManager:133 - RingManager ring 2 changed: [21, 22, 24, 25] (succsessor: 25 at /10.10.1.11:2824)
21:21:02,163 INFO  [main-EventThread] RingManager:133 - RingManager ring 2 changed: [21, 22, 23, 24, 25] (succsessor: 25 at /10.10.1.11:2824)
21:21:02,167 INFO  [main-EventThread] RingManager:133 - RingManager ring 2 changed: [21, 22, 23, 24, 25] (succsessor: 25 at /10.10.1.11:2824)
21:21:02,176 INFO  [main] Replica:169 - Token [0], ringId [null], nodeId [24], snapshot_modulo [0], zoo_host [null], path [null], embebedLog [true], useDiskDb [true] with simple constructor
1671510062177, 0, 0
Reading from stdin
1671510063177, 0, 0
1671510064178, 0, 0
1671510065178, 0, 0
1671510066179, 0, 0
1671510067179, 10, 10
1671510068180, 123, 133
1671510069180, 134, 267
1671510070180, 118, 385
1671510071181, 126, 511
1671510072181, 127, 638
1671510073181, 125, 763
1671510074182, 131, 894
1671510075182, 121, 1015
1671510076183, 123, 1138
1671510077183, 126, 1264
1671510078183, 121, 1385
1671510079184, 128, 1513
1671510080184, 137, 1650
1671510081184, 128, 1778
1671510082185, 126, 1904
1671510083185, 127, 2031
1671510084185, 116, 2147
1671510085186, 120, 2267
1671510086186, 126, 2393
1671510087186, 129, 2522
1671510088187, 122, 2644
1671510089187, 137, 2781
1671510090187, 138, 2919
1671510091188, 124, 3043
1671510092188, 133, 3176
1671510093188, 123, 3299
1671510094189, 121, 3420
1671510095189, 135, 3555
1671510096190, 103, 3658
1671510097190, 0, 3658
21:21:37,505 ERROR [main-EventThread] TopologyManager:465 - org.apache.zookeeper.KeeperException$SessionExpiredException: KeeperErrorCode = Session expired for /ringpaxos/topology2/nodes
21:21:37,605 ERROR [main-EventThread] RingManager:232 - org.apache.zookeeper.KeeperException$SessionExpiredException: KeeperErrorCode = Session expired for /ringpaxos/topology2/nodes
21:21:37,609 ERROR [main-EventThread] TopologyManager:465 - org.apache.zookeeper.KeeperException$SessionExpiredException: KeeperErrorCode = Session expired for /ringpaxos/topology2/learners
