02:07:23,128 INFO  [main] RawABListener:48 - Initing a RawABListener...
02:07:23,138 INFO  [main] Node:101 - PID: 92121
02:07:23,363 INFO  [main] NetworkManager:117 - NetworkManager tcp_nodelay: true
02:07:23,367 INFO  [main] NetworkManager:123 - NetworkManager tcp_crc: false
02:07:23,368 INFO  [main] NetworkManager:127 - NetworkManager buf_size: 2097152
02:07:23,391 INFO  [main] ElasticLearnerRole:93 - ElasticLearnerRole replication group 2
02:07:23,392 INFO  [main] ElasticLearnerRole:97 - ElasticLearnerRole initial ring 2
02:07:23,392 INFO  [main] ElasticLearnerRole:102 - ElasticLearnerRole deliver_skip_messages: enabled
02:07:23,397 INFO  [ElasticLearner] LearnerRole:102 - Learner recovery: disabled
02:07:23,399 INFO  [ElasticLearner] LearnerRole:108 - Learner auto_trim: disabled
02:07:23,402 INFO  [main-EventThread] RingManager:133 - RingManager ring 2 changed: [21, 22, 23, 24] (succsessor: 24 at /10.10.1.6:2287)
02:07:23,427 INFO  [main] Replica:188 - Token [0], ringId [null], nodeId [23], snapshot_modulo [0], zoo_host [10.10.1.1], pathPrefix[/media/disk2/], path [/media/disk2/9584b51c-2d3b-468f-b719-18f35f18b466], embebedLog [false], useDiskDb [true] with complex constructor
1710922043428, 0, 0
Reading from stdin
1710922044428, 0, 0
1710922045429, 0, 0
1710922046429, 0, 0
1710922047430, 0, 0
1710922048430, 2776, 2776
1710922049431, 27743, 30519
1710922050432, 33900, 64419
1710922051433, 34187, 98606
1710922052433, 29103, 127709
1710922053434, 32451, 160160
1710922054436, 35522, 195682
1710922055437, 35224, 230906
1710922056438, 36574, 267480
1710922057438, 35920, 303400
1710922058439, 36525, 339925
1710922059439, 32719, 372644
1710922060440, 33450, 406094
1710922061441, 36240, 442334
1710922062441, 36351, 478685
1710922063442, 37170, 515855
1710922064443, 36425, 552280
1710922065444, 28077, 580357
1710922066526, 35434, 615791
1710922067527, 36691, 652482
1710922068528, 35071, 687553
1710922069529, 36087, 723640
1710922070530, 34234, 757874
1710922071530, 34544, 792418
1710922072531, 35938, 828356
1710922073532, 35495, 863851
1710922074533, 27433, 891284
1710922075535, 35230, 926514
1710922076536, 35926, 962440
1710922077536, 37445, 999885
1710922078536, 19641, 1019526
1710922079537, 0, 1019526
02:07:59,768 ERROR [TCPListener] SessionHandler:120 - Error in SessionHandler during reading!
java.nio.channels.ClosedSelectorException
	at java.base/sun.nio.ch.EPollSelectorImpl.ensureOpen(EPollSelectorImpl.java:98)
	at java.base/sun.nio.ch.EPollSelectorImpl.setEventOps(EPollSelectorImpl.java:243)
	at java.base/sun.nio.ch.SelectionKeyImpl.interestOps(SelectionKeyImpl.java:101)
	at ch.usi.da.paxos.ring.SessionHandler.handleReadable(SessionHandler.java:68)
	at ch.usi.da.paxos.ring.TCPListener.run(TCPListener.java:89)
	at java.base/java.lang.Thread.run(Thread.java:830)
02:07:59,772 INFO  [main-EventThread] RingManager:133 - RingManager ring 2 changed: [21, 23] (succsessor: 21 at /10.10.1.3:2792)
02:07:59,783 ERROR [main-EventThread] TopologyManager:465 - org.apache.zookeeper.KeeperException$SessionExpiredException: KeeperErrorCode = Session expired for /ringpaxos/topology2/learners
02:07:59,885 ERROR [main-EventThread] TopologyManager:465 - org.apache.zookeeper.KeeperException$SessionExpiredException: KeeperErrorCode = Session expired for /ringpaxos/topology2/nodes
02:07:59,893 ERROR [main-EventThread] RingManager:232 - org.apache.zookeeper.KeeperException$SessionExpiredException: KeeperErrorCode = Session expired for /ringpaxos/topology2/nodes
02:07:59,893 ERROR [main-EventThread] TopologyManager:465 - org.apache.zookeeper.KeeperException$SessionExpiredException: KeeperErrorCode = Session expired for /ringpaxos/topology2/nodes
02:07:59,894 ERROR [main-EventThread] RingManager:232 - org.apache.zookeeper.KeeperException$SessionExpiredException: KeeperErrorCode = Session expired for /ringpaxos/topology2/nodes
1710922080537, 0, 1019526
