04:24:13,914 INFO  [main] RawABListener:48 - Initing a RawABListener...
04:24:13,924 INFO  [main] Node:101 - PID: 128555
04:24:14,159 INFO  [main] NetworkManager:117 - NetworkManager tcp_nodelay: true
04:24:14,165 INFO  [main] NetworkManager:123 - NetworkManager tcp_crc: false
04:24:14,165 INFO  [main] NetworkManager:127 - NetworkManager buf_size: 2097152
04:24:14,193 INFO  [main] ElasticLearnerRole:93 - ElasticLearnerRole replication group 1
04:24:14,194 INFO  [main] ElasticLearnerRole:97 - ElasticLearnerRole initial ring 1
04:24:14,194 INFO  [main] ElasticLearnerRole:102 - ElasticLearnerRole deliver_skip_messages: enabled
04:24:14,200 INFO  [ElasticLearner] LearnerRole:102 - Learner recovery: disabled
04:24:14,203 INFO  [ElasticLearner] LearnerRole:108 - Learner auto_trim: disabled
04:24:14,206 INFO  [main-EventThread] RingManager:133 - RingManager ring 1 changed: [1, 2, 13, 14] (succsessor: 14 at /10.10.1.6:2385)
04:24:14,231 INFO  [main] Replica:188 - Token [0], ringId [null], nodeId [13], snapshot_modulo [0], zoo_host [10.10.1.1], pathPrefix[/media/disk1/], path [/media/disk1/6631114b-f578-4d9f-91bd-21ff2fae3e19], embebedLog [false], useDiskDb [false] with complex constructor
1710930254232, 0, 0
Reading from stdin
1710930255232, 0, 0
1710930256233, 0, 0
1710930257233, 0, 0
04:24:17,829 INFO  [main-EventThread] RingManager:133 - RingManager ring 1 changed: [1, 2, 4, 13, 14] (succsessor: 14 at /10.10.1.6:2385)
1710930258233, 0, 0
1710930259234, 378, 378
1710930260234, 21942, 22320
1710930261235, 33201, 55521
1710930262235, 33552, 89073
1710930263236, 30916, 119989
1710930264237, 34803, 154792
1710930265238, 32382, 187174
1710930266239, 36702, 223876
1710930267240, 38122, 261998
1710930268240, 34742, 296740
1710930269241, 36459, 333199
1710930270241, 35030, 368229
1710930271241, 35466, 403695
1710930272242, 35028, 438723
1710930273243, 36137, 474860
1710930274243, 35460, 510320
1710930275244, 35694, 546014
1710930276244, 35533, 581547
1710930277245, 35568, 617115
1710930278245, 34772, 651887
1710930279246, 31239, 683126
1710930280246, 36076, 719202
1710930281247, 33102, 752304
1710930282247, 33075, 785379
1710930283248, 32814, 818193
1710930284249, 35723, 853916
1710930285250, 34855, 888771
1710930286250, 34479, 923250
1710930287251, 35795, 959045
1710930288251, 35503, 994548
1710930289252, 29862, 1024410
1710930290252, 26, 1024436
1710930291252, 0, 1024436
1710930292253, 0, 1024436
1710930293253, 0, 1024436
1710930294254, 0, 1024436
1710930295254, 0, 1024436
1710930296255, 0, 1024436
1710930297255, 0, 1024436
1710930298255, 0, 1024436
1710930299255, 0, 1024436
1710930300256, 0, 1024436
04:25:00,485 ERROR [main-EventThread] TopologyManager:465 - org.apache.zookeeper.KeeperException$SessionExpiredException: KeeperErrorCode = Session expired for /ringpaxos/topology1/nodes
04:25:00,584 ERROR [main-EventThread] RingManager:232 - org.apache.zookeeper.KeeperException$SessionExpiredException: KeeperErrorCode = Session expired for /ringpaxos/topology1/nodes
04:25:00,584 ERROR [main-EventThread] TopologyManager:465 - org.apache.zookeeper.KeeperException$SessionExpiredException: KeeperErrorCode = Session expired for /ringpaxos/topology1/learners
1710930301256, 0, 1024436
1710930302256, 0, 1024436
