20:43:25,700 INFO  [main] RawABListener:48 - Initing a RawABListener...
20:43:25,710 INFO  [main] Node:101 - PID: 29886
20:43:25,929 INFO  [main] NetworkManager:117 - NetworkManager tcp_nodelay: true
20:43:25,935 INFO  [main] NetworkManager:123 - NetworkManager tcp_crc: false
20:43:25,936 INFO  [main] NetworkManager:127 - NetworkManager buf_size: 2097152
20:43:25,957 INFO  [main] ElasticLearnerRole:93 - ElasticLearnerRole replication group 1
20:43:25,958 INFO  [main] ElasticLearnerRole:97 - ElasticLearnerRole initial ring 1
20:43:25,959 INFO  [main] ElasticLearnerRole:102 - ElasticLearnerRole deliver_skip_messages: enabled
20:43:25,965 INFO  [ElasticLearner] LearnerRole:102 - Learner recovery: disabled
20:43:25,967 INFO  [ElasticLearner] LearnerRole:108 - Learner auto_trim: disabled
20:43:25,973 INFO  [main-EventThread] RingManager:133 - RingManager ring 1 changed: [1, 2, 13] (succsessor: 1 at /10.10.1.3:2722)
20:43:25,992 INFO  [main-EventThread] RingManager:133 - RingManager ring 1 changed: [1, 2, 13, 14] (succsessor: 14 at /10.10.1.6:2938)
20:43:26,000 INFO  [main] Replica:188 - Token [0], ringId [null], nodeId [13], snapshot_modulo [0], zoo_host [10.10.1.1], pathPrefix[/media/disk1/], path [/media/disk1/c132b100-f851-405e-aaf5-c4562c2a9787], embebedLog [false], useDiskDb [false] with complex constructor
1710902606001, 0, 0
Reading from stdin
1710902607001, 0, 0
1710902608002, 0, 0
1710902609013, 0, 0
1710902610013, 0, 0
1710902611014, 2866, 2866
1710902612014, 35180, 38046
1710902613015, 38284, 76330
1710902614015, 38574, 114904
1710902615016, 24426, 139330
1710902616018, 27575, 166905
1710902617018, 26717, 193622
1710902618019, 26786, 220408
1710902619019, 26066, 246474
1710902620020, 27456, 273930
1710902621020, 29289, 303219
1710902622021, 52076, 355295
1710902623022, 50993, 406288
1710902624022, 52423, 458711
1710902625023, 66039, 524750
1710902626024, 57588, 582338
1710902627025, 60425, 642763
1710902628026, 65333, 708096
1710902629028, 59887, 767983
1710902630028, 57486, 825469
1710902631029, 56949, 882418
1710902632030, 56568, 938986
1710902633031, 68620, 1007606
1710902634031, 55859, 1063465
1710902635032, 65598, 1129063
1710902636033, 57844, 1186907
1710902637034, 68805, 1255712
1710902638034, 48932, 1304644
1710902639035, 55944, 1360588
1710902640036, 53673, 1414261
1710902641037, 27, 1414288
20:44:01,605 ERROR [main-EventThread] RingManager:232 - org.apache.zookeeper.KeeperException$SessionExpiredException: KeeperErrorCode = Session expired for /ringpaxos/topology1/nodes
20:44:01,706 ERROR [main-EventThread] TopologyManager:465 - org.apache.zookeeper.KeeperException$SessionExpiredException: KeeperErrorCode = Session expired for /ringpaxos/topology1/learners
20:44:01,707 ERROR [main-EventThread] TopologyManager:465 - org.apache.zookeeper.KeeperException$SessionExpiredException: KeeperErrorCode = Session expired for /ringpaxos/topology1/nodes
20:44:01,713 ERROR [main-EventThread] RingManager:232 - org.apache.zookeeper.KeeperException$SessionExpiredException: KeeperErrorCode = Session expired for /ringpaxos/topology1/nodes
1710902642037, 0, 1414288
