03:31:13,632 INFO  [main] RawABListener:48 - Initing a RawABListener...
03:31:13,644 INFO  [main] Node:101 - PID: 115163
03:31:13,890 INFO  [main] NetworkManager:117 - NetworkManager tcp_nodelay: true
03:31:13,895 INFO  [main] NetworkManager:123 - NetworkManager tcp_crc: false
03:31:13,896 INFO  [main] NetworkManager:127 - NetworkManager buf_size: 2097152
03:31:13,923 INFO  [main] ElasticLearnerRole:93 - ElasticLearnerRole replication group 1
03:31:13,923 INFO  [main] ElasticLearnerRole:97 - ElasticLearnerRole initial ring 1
03:31:13,924 INFO  [main] ElasticLearnerRole:102 - ElasticLearnerRole deliver_skip_messages: enabled
03:31:13,929 INFO  [ElasticLearner] LearnerRole:102 - Learner recovery: disabled
03:31:13,931 INFO  [ElasticLearner] LearnerRole:108 - Learner auto_trim: disabled
03:31:13,935 INFO  [main-EventThread] RingManager:133 - RingManager ring 1 changed: [1, 2, 13, 14] (succsessor: 14 at /10.10.1.6:2486)
03:31:13,955 INFO  [main] Replica:188 - Token [0], ringId [null], nodeId [13], snapshot_modulo [0], zoo_host [10.10.1.1], pathPrefix[/media/disk1/], path [/media/disk1/9e72a47a-b824-4fc9-9753-a4ae5ac882d2], embebedLog [false], useDiskDb [false] with complex constructor
1710927073956, 0, 0
Reading from stdin
1710927074957, 0, 0
1710927075957, 0, 0
1710927076957, 0, 0
03:31:17,424 INFO  [main-EventThread] RingManager:133 - RingManager ring 1 changed: [1, 2, 4, 13, 14] (succsessor: 14 at /10.10.1.6:2486)
1710927077958, 0, 0
1710927078959, 3996, 3996
1710927079959, 41601, 45597
1710927080959, 44984, 90581
1710927081960, 33198, 123779
1710927082961, 33590, 157369
1710927083961, 22090, 179459
1710927084962, 19983, 199442
1710927085966, 30630, 230072
1710927086968, 39863, 269935
1710927087969, 38829, 308764
1710927088970, 39135, 347899
1710927089970, 39272, 387171
1710927090972, 40365, 427536
1710927091972, 73905, 501441
1710927092973, 80021, 581462
1710927094010, 80994, 662456
1710927095011, 59535, 721991
1710927096012, 43800, 765791
1710927097013, 26853, 792644
1710927098015, 59526, 852170
1710927099017, 48975, 901145
1710927100018, 58243, 959388
1710927101019, 64590, 1023978
1710927102020, 71163, 1095141
1710927103020, 87921, 1183062
1710927104021, 74438, 1257500
1710927105022, 64510, 1322010
1710927106025, 55553, 1377563
1710927107026, 55084, 1432647
1710927108027, 54830, 1487477
1710927109027, 37946, 1525423
1710927110028, 30768, 1556191
1710927111029, 2060, 1558251
1710927112029, 248, 1558499
1710927113030, 561, 1559060
1710927114030, 126, 1559186
1710927115030, 175, 1559361
1710927116031, 500, 1559861
1710927117031, 0, 1559861
1710927118032, 0, 1559861
03:31:58,973 ERROR [main-EventThread] TopologyManager:465 - org.apache.zookeeper.KeeperException$SessionExpiredException: KeeperErrorCode = Session expired for /ringpaxos/topology1/nodes
1710927119032, 0, 1559861
03:31:59,075 ERROR [main-EventThread] RingManager:232 - org.apache.zookeeper.KeeperException$SessionExpiredException: KeeperErrorCode = Session expired for /ringpaxos/topology1/nodes
03:31:59,076 ERROR [main-EventThread] TopologyManager:465 - org.apache.zookeeper.KeeperException$SessionExpiredException: KeeperErrorCode = Session expired for /ringpaxos/topology1/learners
1710927120032, 0, 1559861
1710927121033, 0, 1559861
