19:40:09,250 INFO  [main] RawABListener:48 - Initing a RawABListener...
19:40:09,258 INFO  [main] Node:101 - PID: 7136
19:40:09,446 INFO  [main] NetworkManager:117 - NetworkManager tcp_nodelay: true
19:40:09,449 INFO  [main] NetworkManager:123 - NetworkManager tcp_crc: false
19:40:09,450 INFO  [main] NetworkManager:127 - NetworkManager buf_size: 2097152
19:40:09,470 INFO  [main] ElasticLearnerRole:93 - ElasticLearnerRole replication group 1
19:40:09,470 INFO  [main] ElasticLearnerRole:97 - ElasticLearnerRole initial ring 1
19:40:09,471 INFO  [main] ElasticLearnerRole:102 - ElasticLearnerRole deliver_skip_messages: enabled
19:40:09,476 INFO  [ElasticLearner] LearnerRole:102 - Learner recovery: disabled
19:40:09,478 INFO  [ElasticLearner] LearnerRole:108 - Learner auto_trim: disabled
19:40:09,482 INFO  [main-EventThread] RingManager:133 - RingManager ring 1 changed: [1, 2, 4, 14] (succsessor: 1 at /10.10.1.2:2718)
19:40:09,489 INFO  [main-EventThread] RingManager:133 - RingManager ring 1 changed: [1, 2, 4, 14] (succsessor: 1 at /10.10.1.2:2718)
19:40:09,493 INFO  [main-EventThread] RingManager:133 - RingManager ring 1 changed: [1, 2, 4, 13, 14, 15] (succsessor: 15 at /10.10.1.6:2170)
19:40:09,494 INFO  [main] Replica:169 - Token [0], ringId [null], nodeId [14], snapshot_modulo [0], zoo_host [null], path [null], embebedLog [false], useDiskDb [false] with simple constructor
1671417609494, 0, 0
Reading from stdin
1671417610495, 0, 0
1671417611495, 0, 0
1671417612496, 0, 0
1671417613496, 0, 0
1671417614497, 782, 782
1671417615497, 11050, 11832
1671417616498, 11228, 23060
1671417617498, 11181, 34241
1671417618499, 11075, 45316
1671417619499, 11246, 56562
1671417620500, 11114, 67676
1671417621500, 11125, 78801
1671417622501, 11073, 89874
1671417623501, 11200, 101074
1671417624502, 11812, 112886
1671417625503, 16140, 129026
1671417626503, 16341, 145367
1671417627503, 16325, 161692
1671417628504, 16371, 178063
1671417629504, 16099, 194162
1671417630505, 16286, 210448
1671417631505, 16106, 226554
1671417632506, 15700, 242254
1671417633506, 15285, 257539
1671417634507, 14962, 272501
1671417635507, 14394, 286895
1671417636508, 15125, 302020
1671417637508, 15064, 317084
1671417638508, 15035, 332119
1671417639509, 14925, 347044
1671417640509, 14924, 361968
1671417641509, 15064, 377032
1671417642510, 14992, 392024
1671417643510, 15822, 407846
1671417644511, 8515, 416361
1671417645512, 0, 416361
1671417646512, 0, 416361
1671417647513, 0, 416361
1671417648513, 0, 416361
1671417649513, 0, 416361
1671417650514, 0, 416361
1671417651514, 0, 416361
1671417652514, 0, 416361
1671417653514, 2, 416363
19:40:54,253 ERROR [main-EventThread] TopologyManager:465 - org.apache.zookeeper.KeeperException$ConnectionLossException: KeeperErrorCode = ConnectionLoss for /ringpaxos/topology1/learners
19:40:54,355 ERROR [main-EventThread] TopologyManager:465 - org.apache.zookeeper.KeeperException$SessionExpiredException: KeeperErrorCode = Session expired for /ringpaxos/topology1/nodes
19:40:54,359 ERROR [main-EventThread] RingManager:232 - org.apache.zookeeper.KeeperException$SessionExpiredException: KeeperErrorCode = Session expired for /ringpaxos/topology1/nodes
