22:54:49,176 INFO  [main] RawABListener:48 - Initing a RawABListener...
22:54:49,189 INFO  [main] Node:101 - PID: 42778
22:54:49,416 INFO  [main] NetworkManager:117 - NetworkManager tcp_nodelay: true
22:54:49,421 INFO  [main] NetworkManager:123 - NetworkManager tcp_crc: false
22:54:49,422 INFO  [main] NetworkManager:127 - NetworkManager buf_size: 2097152
22:54:49,450 INFO  [main] ElasticLearnerRole:93 - ElasticLearnerRole replication group 1
22:54:49,450 INFO  [main] ElasticLearnerRole:97 - ElasticLearnerRole initial ring 1
22:54:49,451 INFO  [main] ElasticLearnerRole:102 - ElasticLearnerRole deliver_skip_messages: enabled
22:54:49,455 INFO  [ElasticLearner] LearnerRole:102 - Learner recovery: disabled
22:54:49,457 INFO  [ElasticLearner] LearnerRole:108 - Learner auto_trim: disabled
22:54:49,458 INFO  [main-EventThread] RingManager:133 - RingManager ring 1 changed: [1, 2, 13] (succsessor: 1 at /155.98.36.29:2670)
22:54:49,643 INFO  [main-EventThread] RingManager:133 - RingManager ring 1 changed: [1, 2, 13, 14] (succsessor: 14 at /10.10.1.6:2824)
22:54:50,038 INFO  [main] Replica:188 - Token [0], ringId [null], nodeId [13], snapshot_modulo [0], zoo_host [10.10.1.1], pathPrefix[/media/disk1/], path [/media/disk1/022e3445-4213-44f3-9ab5-c5277f8ca972], embebedLog [true], useDiskDb [true] with complex constructor
1710305690039, 0, 0
Reading from stdin
1710305691040, 0, 0
1710305692040, 0, 0
1710305693041, 0, 0
1710305694041, 0, 0
1710305695042, 9444, 9444
1710305696042, 19204, 28648
1710305697043, 18791, 47439
1710305698044, 18512, 65951
1710305699045, 17713, 83664
1710305700046, 20080, 103744
1710305701046, 20123, 123867
1710305702047, 21013, 144880
1710305703047, 22178, 167058
1710305704048, 21615, 188673
1710305705048, 21722, 210395
1710305706049, 21787, 232182
1710305707049, 20639, 252821
1710305708049, 21082, 273903
1710305709050, 21259, 295162
1710305710050, 21789, 316951
1710305711051, 20023, 336974
1710305712051, 19636, 356610
1710305713052, 24329, 380939
1710305714052, 21473, 402412
1710305715053, 20366, 422778
1710305716053, 22462, 445240
1710305717054, 23442, 468682
1710305718054, 22818, 491500
1710305719054, 22744, 514244
1710305720055, 21648, 535892
1710305721055, 23773, 559665
1710305722056, 24086, 583751
1710305723056, 23834, 607585
1710305724057, 22018, 629603
1710305725057, 759, 630362
22:55:25,639 ERROR [main-EventThread] TopologyManager:465 - org.apache.zookeeper.KeeperException$SessionExpiredException: KeeperErrorCode = Session expired for /ringpaxos/topology1/nodes
22:55:25,739 ERROR [main-EventThread] RingManager:232 - org.apache.zookeeper.KeeperException$SessionExpiredException: KeeperErrorCode = Session expired for /ringpaxos/topology1/nodes
22:55:25,740 ERROR [main-EventThread] TopologyManager:465 - org.apache.zookeeper.KeeperException$SessionExpiredException: KeeperErrorCode = Session expired for /ringpaxos/topology1/learners
1710305726057, 0, 630362
