20:00:22,116 INFO  [main] RawABListener:48 - Initing a RawABListener...
20:00:22,123 INFO  [main] Node:101 - PID: 6003
20:00:22,274 INFO  [main] NetworkManager:117 - NetworkManager tcp_nodelay: true
20:00:22,277 INFO  [main] NetworkManager:123 - NetworkManager tcp_crc: false
20:00:22,277 INFO  [main] NetworkManager:127 - NetworkManager buf_size: 2097152
20:00:22,292 INFO  [main] ElasticLearnerRole:93 - ElasticLearnerRole replication group 1
20:00:22,292 INFO  [main] ElasticLearnerRole:97 - ElasticLearnerRole initial ring 1
20:00:22,293 INFO  [main] ElasticLearnerRole:102 - ElasticLearnerRole deliver_skip_messages: enabled
20:00:22,301 INFO  [ElasticLearner] LearnerRole:102 - Learner recovery: disabled
20:00:22,303 INFO  [ElasticLearner] LearnerRole:108 - Learner auto_trim: disabled
20:00:22,312 INFO  [main-EventThread] RingManager:133 - RingManager ring 1 changed: [2, 5, 13, 14] (succsessor: 2 at /10.10.1.4:2453)
20:00:22,335 INFO  [main] Replica:165 - Token [0], ringId [null], nodeId [14], snapshot_modulo [0], zoo_host [null], path [null], embebedLog [false], useDiskDb [false] with simple constructor
Reading from stdin
1670122822335, 0, 0
20:00:22,345 INFO  [main-EventThread] RingManager:133 - RingManager ring 1 changed: [1, 2, 5, 13, 14] (succsessor: 1 at /10.10.1.2:2511)
20:00:22,454 INFO  [main-EventThread] RingManager:133 - RingManager ring 1 changed: [1, 2, 5, 13, 14, 15] (succsessor: 15 at /10.10.1.7:2121)
1670122823336, 0, 0
1670122824336, 0, 0
1670122825337, 0, 0
1670122826337, 0, 0
1670122827337, 0, 0
1670122828338, 52, 52
1670122829338, 66, 118
1670122830339, 54, 172
1670122831339, 65, 237
1670122832339, 65, 302
1670122833340, 66, 368
1670122834340, 63, 431
1670122835340, 65, 496
1670122836341, 72, 568
1670122837341, 66, 634
1670122838341, 66, 700
1670122839342, 65, 765
1670122840342, 59, 824
1670122841342, 68, 892
1670122842343, 61, 953
1670122843343, 60, 1013
1670122844343, 64, 1077
1670122845344, 62, 1139
1670122846344, 60, 1199
1670122847344, 69, 1268
1670122848345, 62, 1330
1670122849345, 60, 1390
1670122850345, 57, 1447
1670122851346, 68, 1515
1670122852346, 57, 1572
1670122853346, 61, 1633
1670122854346, 59, 1692
1670122855347, 63, 1755
1670122856347, 64, 1819
1670122857347, 63, 1882
1670122858347, 67, 1949
1670122859348, 58, 2007
1670122860348, 69, 2076
1670122861348, 67, 2143
1670122862349, 60, 2203
1670122863349, 65, 2268
1670122864349, 60, 2328
1670122865349, 65, 2393
1670122866350, 59, 2452
1670122867350, 56, 2508
1670122868350, 60, 2568
1670122869351, 60, 2628
1670122870351, 62, 2690
1670122871351, 60, 2750
1670122872351, 67, 2817
1670122873352, 62, 2879
1670122874352, 65, 2944
1670122875352, 59, 3003
1670122876353, 62, 3065
1670122877353, 63, 3128
1670122878353, 62, 3190
1670122879353, 64, 3254
1670122880354, 61, 3315
1670122881354, 67, 3382
1670122882354, 68, 3450
1670122883354, 58, 3508
1670122884355, 67, 3575
1670122885355, 62, 3637
1670122886355, 64, 3701
1670122887356, 63, 3764
1670122888356, 65, 3829
1670122889356, 61, 3890
1670122890356, 61, 3951
1670122891357, 65, 4016
1670122892357, 61, 4077
1670122893357, 67, 4144
1670122894357, 70, 4214
1670122895358, 62, 4276
1670122896358, 62, 4338
1670122897358, 59, 4397
1670122898359, 68, 4465
1670122899359, 63, 4528
1670122900359, 57, 4585
1670122901359, 68, 4653
1670122902360, 72, 4725
1670122903360, 59, 4784
1670122904360, 67, 4851
1670122905361, 68, 4919
1670122906361, 64, 4983
1670122907361, 71, 5054
1670122908361, 60, 5114
1670122909362, 59, 5173
1670122910362, 67, 5240
1670122911362, 66, 5306
1670122912362, 62, 5368
1670122913363, 66, 5434
1670122914363, 62, 5496
1670122915363, 60, 5556
1670122916364, 66, 5622
1670122917364, 38, 5660
1670122918364, 0, 5660
1670122919364, 0, 5660
1670122920365, 0, 5660
1670122921365, 0, 5660
1670122922365, 0, 5660
1670122923365, 0, 5660
1670122924366, 0, 5660
1670122925366, 0, 5660
20:02:06,006 INFO  [main-EventThread] RingManager:133 - RingManager ring 1 changed: [1, 2, 5, 14, 15] (succsessor: 15 at /10.10.1.7:2121)
1670122926366, 0, 5660
1670122927366, 0, 5660
20:02:08,005 INFO  [main-EventThread] RingManager:133 - RingManager ring 1 changed: [1, 2, 14, 15] (succsessor: 15 at /10.10.1.7:2121)
1670122928367, 0, 5660
1670122929367, 0, 5660
1670122930367, 0, 5660
1670122931368, 0, 5660
20:02:12,005 INFO  [main-EventThread] RingManager:133 - RingManager ring 1 changed: [2, 14, 15] (succsessor: 15 at /10.10.1.7:2121)
1670122932368, 0, 5660
1670122933368, 0, 5660
20:02:14,006 INFO  [main-EventThread] RingManager:133 - RingManager ring 1 changed: [14, 15] (succsessor: 15 at /10.10.1.7:2121)
1670122934368, 0, 5660
