05:14:01,928 INFO  [main] RawABListener:48 - Initing a RawABListener...
05:14:01,937 INFO  [main] Node:101 - PID: 100681
05:14:02,166 INFO  [main] NetworkManager:117 - NetworkManager tcp_nodelay: true
05:14:02,171 INFO  [main] NetworkManager:123 - NetworkManager tcp_crc: false
05:14:02,171 INFO  [main] NetworkManager:127 - NetworkManager buf_size: 2097152
05:14:02,197 INFO  [main] ElasticLearnerRole:93 - ElasticLearnerRole replication group 1
05:14:02,198 INFO  [main] ElasticLearnerRole:97 - ElasticLearnerRole initial ring 1
05:14:02,199 INFO  [main] ElasticLearnerRole:102 - ElasticLearnerRole deliver_skip_messages: enabled
05:14:02,204 INFO  [ElasticLearner] LearnerRole:102 - Learner recovery: disabled
05:14:02,207 INFO  [ElasticLearner] LearnerRole:108 - Learner auto_trim: disabled
05:14:02,214 INFO  [main-EventThread] RingManager:133 - RingManager ring 1 changed: [1, 2, 14] (succsessor: 1 at /155.98.36.29:2449)
05:14:02,233 INFO  [main] Replica:188 - Token [0], ringId [null], nodeId [14], snapshot_modulo [0], zoo_host [10.10.1.1], pathPrefix[/media/disk5/], path [/media/disk5/77d37050-4241-40e4-b0b2-04d8eb584087], embebedLog [false], useDiskDb [true] with complex constructor
1710328442234, 0, 0
Reading from stdin
05:14:02,324 INFO  [main-EventThread] RingManager:133 - RingManager ring 1 changed: [1, 2, 13, 14] (succsessor: 1 at /155.98.36.29:2449)
1710328443234, 0, 0
1710328444235, 0, 0
1710328445235, 0, 0
1710328446236, 0, 0
1710328447236, 0, 0
1710328448237, 855, 855
1710328449237, 980, 1835
1710328450238, 991, 2826
1710328451238, 1003, 3829
1710328452239, 1013, 4842
1710328453239, 1015, 5857
1710328454240, 972, 6829
1710328455240, 1012, 7841
1710328456242, 1002, 8843
1710328457242, 1002, 9845
1710328458244, 998, 10843
1710328459245, 1002, 11845
1710328460245, 999, 12844
1710328461246, 996, 13840
1710328462246, 1012, 14852
1710328463247, 973, 15825
1710328464247, 1011, 16836
1710328465248, 1023, 17859
1710328466249, 1025, 18884
1710328467249, 1004, 19888
1710328468250, 1008, 20896
1710328469250, 1011, 21907
1710328470250, 1015, 22922
1710328471251, 1023, 23945
1710328472252, 991, 24936
1710328473252, 1012, 25948
1710328474252, 1018, 26966
1710328475253, 1028, 27994
1710328476253, 1025, 29019
1710328477253, 779, 29798
1710328478254, 0, 29798
05:14:38,467 ERROR [main-EventThread] RingManager:232 - org.apache.zookeeper.KeeperException$SessionExpiredException: KeeperErrorCode = Session expired for /ringpaxos/topology1/nodes
05:14:38,566 ERROR [main-EventThread] TopologyManager:465 - org.apache.zookeeper.KeeperException$SessionExpiredException: KeeperErrorCode = Session expired for /ringpaxos/topology1/learners
05:14:38,567 ERROR [main-EventThread] TopologyManager:465 - org.apache.zookeeper.KeeperException$SessionExpiredException: KeeperErrorCode = Session expired for /ringpaxos/topology1/nodes
05:14:38,575 ERROR [main-EventThread] RingManager:232 - org.apache.zookeeper.KeeperException$SessionExpiredException: KeeperErrorCode = Session expired for /ringpaxos/topology1/nodes
1710328479254, 0, 29798
