17:18:23,518 INFO  [main] RawABListener:48 - Initing a RawABListener...
17:18:23,536 INFO  [main] Node:101 - PID: 28988
17:18:23,771 INFO  [main] NetworkManager:117 - NetworkManager tcp_nodelay: true
17:18:23,777 INFO  [main] NetworkManager:123 - NetworkManager tcp_crc: false
17:18:23,777 INFO  [main] NetworkManager:127 - NetworkManager buf_size: 2097152
17:18:23,804 INFO  [main] ElasticLearnerRole:93 - ElasticLearnerRole replication group 1
17:18:23,805 INFO  [main] ElasticLearnerRole:97 - ElasticLearnerRole initial ring 1
17:18:23,806 INFO  [main] ElasticLearnerRole:102 - ElasticLearnerRole deliver_skip_messages: enabled
17:18:23,812 INFO  [ElasticLearner] LearnerRole:102 - Learner recovery: disabled
17:18:23,815 INFO  [ElasticLearner] LearnerRole:108 - Learner auto_trim: disabled
17:18:23,819 INFO  [main-EventThread] RingManager:133 - RingManager ring 1 changed: [1, 2, 13, 14] (succsessor: 14 at /10.10.1.6:2241)
17:18:23,865 INFO  [main] Replica:169 - Token [0], ringId [null], nodeId [13], snapshot_modulo [0], zoo_host [null], path [null], embebedLog [false], useDiskDb [true] with simple constructor
1681427903866, 0, 0
Reading from stdin
1681427904867, 0, 0
1681427905868, 0, 0
1681427906868, 0, 0
1681427907869, 0, 0
1681427908869, 196, 196
1681427909870, 491, 687
1681427910870, 499, 1186
1681427911871, 484, 1670
1681427912872, 514, 2184
1681427913872, 504, 2688
1681427914873, 503, 3191
1681427915874, 493, 3684
1681427916874, 493, 4177
1681427917875, 504, 4681
1681427918876, 495, 5176
1681427919877, 514, 5690
1681427920878, 508, 6198
1681427921878, 526, 6724
1681427922879, 518, 7242
1681427923879, 481, 7723
1681427924880, 504, 8227
1681427925881, 515, 8742
1681427926881, 520, 9262
1681427927882, 499, 9761
1681427928883, 505, 10266
1681427929884, 525, 10791
1681427930884, 505, 11296
1681427931885, 499, 11795
1681427932885, 500, 12295
1681427933886, 497, 12792
1681427934886, 503, 13295
1681427935887, 496, 13791
1681427936887, 508, 14299
1681427937888, 508, 14807
1681427938889, 68, 14875
17:18:59,252 ERROR [main-EventThread] RingManager:232 - org.apache.zookeeper.KeeperException$SessionExpiredException: KeeperErrorCode = Session expired for /ringpaxos/topology1/nodes
17:18:59,354 ERROR [main-EventThread] TopologyManager:465 - org.apache.zookeeper.KeeperException$SessionExpiredException: KeeperErrorCode = Session expired for /ringpaxos/topology1/learners
17:18:59,354 ERROR [main-EventThread] TopologyManager:465 - org.apache.zookeeper.KeeperException$SessionExpiredException: KeeperErrorCode = Session expired for /ringpaxos/topology1/nodes
17:18:59,354 ERROR [main-EventThread] RingManager:232 - org.apache.zookeeper.KeeperException$SessionExpiredException: KeeperErrorCode = Session expired for /ringpaxos/topology1/nodes
