17:18:23,541 INFO  [main] RawABListener:48 - Initing a RawABListener...
17:18:23,553 INFO  [main] Node:101 - PID: 25654
17:18:23,775 INFO  [main] NetworkManager:117 - NetworkManager tcp_nodelay: true
17:18:23,779 INFO  [main] NetworkManager:123 - NetworkManager tcp_crc: false
17:18:23,780 INFO  [main] NetworkManager:127 - NetworkManager buf_size: 2097152
17:18:23,803 INFO  [main] ElasticLearnerRole:93 - ElasticLearnerRole replication group 3
17:18:23,804 INFO  [main] ElasticLearnerRole:97 - ElasticLearnerRole initial ring 3
17:18:23,804 INFO  [main] ElasticLearnerRole:102 - ElasticLearnerRole deliver_skip_messages: enabled
17:18:23,808 INFO  [ElasticLearner] LearnerRole:102 - Learner recovery: disabled
17:18:23,810 INFO  [ElasticLearner] LearnerRole:108 - Learner auto_trim: disabled
17:18:23,814 INFO  [main-EventThread] RingManager:133 - RingManager ring 3 changed: [31, 32, 34] (succsessor: 31 at /10.10.1.3:2346)
17:18:23,857 INFO  [main-EventThread] RingManager:133 - RingManager ring 3 changed: [31, 32, 33, 34] (succsessor: 31 at /10.10.1.3:2346)
17:18:24,318 INFO  [main] Replica:169 - Token [0], ringId [null], nodeId [34], snapshot_modulo [0], zoo_host [null], path [null], embebedLog [false], useDiskDb [true] with simple constructor
1681427904320, 0, 0
Reading from stdin
1681427905321, 0, 0
1681427906321, 0, 0
1681427907322, 0, 0
1681427908322, 0, 0
1681427909323, 404, 404
1681427910324, 485, 889
1681427911324, 496, 1385
1681427912325, 477, 1862
1681427913327, 484, 2346
1681427914328, 503, 2849
1681427915331, 514, 3363
1681427916332, 505, 3868
1681427917333, 500, 4368
1681427918333, 486, 4854
1681427919334, 486, 5340
1681427920334, 529, 5869
1681427921335, 504, 6373
1681427922336, 504, 6877
1681427923336, 503, 7380
1681427924337, 497, 7877
1681427925337, 491, 8368
1681427926338, 511, 8879
1681427927339, 519, 9398
1681427928340, 505, 9903
1681427929341, 482, 10385
1681427930341, 526, 10911
1681427931342, 482, 11393
1681427932342, 527, 11920
1681427933343, 506, 12426
1681427934344, 503, 12929
1681427935344, 521, 13450
1681427936345, 518, 13968
1681427937345, 506, 14474
1681427938347, 356, 14830
17:18:59,251 ERROR [main-EventThread] RingManager:232 - org.apache.zookeeper.KeeperException$SessionExpiredException: KeeperErrorCode = Session expired for /ringpaxos/topology3/nodes
1681427939347, 0, 14830
17:18:59,352 ERROR [main-EventThread] TopologyManager:465 - org.apache.zookeeper.KeeperException$SessionExpiredException: KeeperErrorCode = Session expired for /ringpaxos/topology3/learners
17:18:59,353 ERROR [main-EventThread] TopologyManager:465 - org.apache.zookeeper.KeeperException$SessionExpiredException: KeeperErrorCode = Session expired for /ringpaxos/topology3/nodes
17:18:59,360 ERROR [main-EventThread] RingManager:232 - org.apache.zookeeper.KeeperException$SessionExpiredException: KeeperErrorCode = Session expired for /ringpaxos/topology3/nodes
