16:17:28,474 INFO  [main] RawABListener:48 - Initing a RawABListener...
16:17:28,484 INFO  [main] Node:101 - PID: 24246
16:17:28,713 INFO  [main] NetworkManager:117 - NetworkManager tcp_nodelay: true
16:17:28,718 INFO  [main] NetworkManager:123 - NetworkManager tcp_crc: false
16:17:28,718 INFO  [main] NetworkManager:127 - NetworkManager buf_size: 2097152
16:17:28,750 INFO  [main] ElasticLearnerRole:93 - ElasticLearnerRole replication group 1
16:17:28,751 INFO  [main] ElasticLearnerRole:97 - ElasticLearnerRole initial ring 1
16:17:28,752 INFO  [main] ElasticLearnerRole:102 - ElasticLearnerRole deliver_skip_messages: enabled
16:17:28,756 INFO  [ElasticLearner] LearnerRole:102 - Learner recovery: disabled
16:17:28,759 INFO  [ElasticLearner] LearnerRole:108 - Learner auto_trim: disabled
16:17:28,763 INFO  [main-EventThread] RingManager:133 - RingManager ring 1 changed: [1, 2, 13] (succsessor: 1 at /10.10.1.3:2378)
16:17:28,783 INFO  [main] Replica:172 - Token [0], ringId [null], nodeId [13], snapshot_modulo [0], zoo_host [null], path [null], embebedLog [false], useDiskDb [false] with simple constructor
1709162248783, 0, 0
Reading from stdin
1709162249784, 0, 0
1709162250784, 0, 0
1709162251785, 0, 0
1709162252785, 0, 0
1709162253786, 5056, 5056
1709162254786, 64413, 69469
1709162255787, 67245, 136714
1709162256787, 69256, 205970
1709162257788, 62420, 268390
1709162258790, 66554, 334944
1709162259791, 69952, 404896
1709162260791, 67384, 472280
1709162261792, 57750, 530030
1709162262801, 66390, 596420
1709162263802, 73300, 669720
1709162264802, 69170, 738890
1709162265803, 72495, 811385
1709162266803, 67621, 879006
1709162267804, 65681, 944687
1709162268805, 66414, 1011101
1709162269805, 72379, 1083480
1709162270806, 70684, 1154164
1709162271806, 53400, 1207564
1709162272807, 68671, 1276235
1709162273924, 64709, 1340944
1709162274926, 70959, 1411903
1709162275927, 69238, 1481141
1709162276927, 63820, 1544961
1709162277928, 70331, 1615292
1709162278928, 64453, 1679745
1709162279928, 70931, 1750676
1709162280929, 66216, 1816892
1709162281930, 64356, 1881248
1709162282930, 70762, 1952010
1709162283930, 5976, 1957986
1709162284931, 18, 1958004
16:18:05,655 ERROR [main-EventThread] TopologyManager:465 - org.apache.zookeeper.KeeperException$SessionExpiredException: KeeperErrorCode = Session expired for /ringpaxos/topology1/acceptors
16:18:05,754 ERROR [main-EventThread] RingManager:232 - org.apache.zookeeper.KeeperException$SessionExpiredException: KeeperErrorCode = Session expired for /ringpaxos/topology1/acceptors
16:18:05,754 ERROR [main-EventThread] TopologyManager:465 - org.apache.zookeeper.KeeperException$SessionExpiredException: KeeperErrorCode = Session expired for /ringpaxos/topology1/nodes
16:18:05,755 ERROR [main-EventThread] RingManager:232 - org.apache.zookeeper.KeeperException$SessionExpiredException: KeeperErrorCode = Session expired for /ringpaxos/topology1/nodes
16:18:05,761 ERROR [main-EventThread] TopologyManager:465 - org.apache.zookeeper.KeeperException$SessionExpiredException: KeeperErrorCode = Session expired for /ringpaxos/topology1/learners
