11:30:22,099 INFO  [main] RawABListener:48 - Initing a RawABListener...
11:30:22,110 INFO  [main] Node:101 - PID: 23244
11:30:22,311 INFO  [main] NetworkManager:117 - NetworkManager tcp_nodelay: true
11:30:22,315 INFO  [main] NetworkManager:123 - NetworkManager tcp_crc: false
11:30:22,315 INFO  [main] NetworkManager:127 - NetworkManager buf_size: 2097152
11:30:22,334 INFO  [main] ElasticLearnerRole:93 - ElasticLearnerRole replication group 1
11:30:22,335 INFO  [main] ElasticLearnerRole:97 - ElasticLearnerRole initial ring 1
11:30:22,335 INFO  [main] ElasticLearnerRole:102 - ElasticLearnerRole deliver_skip_messages: enabled
11:30:22,346 INFO  [ElasticLearner] LearnerRole:102 - Learner recovery: disabled
11:30:22,349 INFO  [ElasticLearner] LearnerRole:108 - Learner auto_trim: disabled
11:30:22,360 INFO  [main-EventThread] RingManager:133 - RingManager ring 1 changed: [1, 2, 14, 15] (succsessor: 15 at /10.10.1.7:2325)
11:30:22,371 INFO  [main] Replica:165 - Token [0], ringId [null], nodeId [14], snapshot_modulo [0], zoo_host [null], path [null], embebedLog [false], useDiskDb [true] with simple constructor
1670178622371, 0, 0
Reading from stdin
11:30:22,446 INFO  [main-EventThread] RingManager:133 - RingManager ring 1 changed: [1, 2, 13, 14, 15] (succsessor: 15 at /10.10.1.7:2325)
1670178623372, 0, 0
1670178624372, 0, 0
1670178625372, 0, 0
1670178626373, 0, 0
1670178627373, 24, 24
1670178628374, 115, 139
1670178629374, 130, 269
1670178630374, 123, 392
1670178631375, 135, 527
1670178632375, 120, 647
1670178633376, 135, 782
1670178634376, 116, 898
1670178635376, 123, 1021
1670178636377, 123, 1144
1670178637377, 132, 1276
1670178638377, 120, 1396
1670178639378, 123, 1519
1670178640378, 131, 1650
1670178641378, 117, 1767
1670178642378, 128, 1895
1670178643379, 129, 2024
1670178644379, 125, 2149
1670178645379, 119, 2268
1670178646380, 137, 2405
1670178647380, 125, 2530
1670178648381, 128, 2658
1670178649381, 131, 2789
1670178650381, 125, 2914
1670178651382, 125, 3039
1670178652382, 128, 3167
1670178653382, 133, 3300
1670178654382, 131, 3431
1670178655383, 131, 3562
1670178656383, 128, 3690
1670178657383, 121, 3811
1670178658384, 131, 3942
1670178659384, 129, 4071
1670178660384, 130, 4201
1670178661385, 126, 4327
1670178662385, 123, 4450
1670178663385, 125, 4575
1670178664385, 123, 4698
1670178665386, 143, 4841
1670178666386, 114, 4955
1670178667386, 126, 5081
1670178668386, 135, 5216
1670178669387, 129, 5345
1670178670387, 128, 5473
1670178671388, 123, 5596
1670178672388, 128, 5724
1670178673388, 135, 5859
1670178674389, 126, 5985
1670178675389, 130, 6115
1670178676389, 139, 6254
1670178677389, 126, 6380
1670178678390, 130, 6510
1670178679390, 123, 6633
1670178680390, 133, 6766
1670178681390, 125, 6891
1670178682391, 129, 7020
1670178683391, 123, 7143
1670178684391, 133, 7276
1670178685391, 131, 7407
1670178686392, 119, 7526
1670178687392, 111, 7637
1670178688392, 132, 7769
1670178689393, 125, 7894
1670178690393, 127, 8021
1670178691393, 124, 8145
1670178692393, 130, 8275
1670178693394, 126, 8401
1670178694394, 130, 8531
1670178695394, 120, 8651
1670178696394, 122, 8773
1670178697395, 119, 8892
1670178698395, 122, 9014
1670178699395, 123, 9137
1670178700395, 123, 9260
1670178701396, 124, 9384
1670178702396, 134, 9518
1670178703396, 132, 9650
1670178704396, 113, 9763
1670178705397, 121, 9884
1670178706397, 135, 10019
1670178707397, 126, 10145
1670178708398, 124, 10269
1670178709398, 129, 10398
1670178710398, 132, 10530
1670178711398, 125, 10655
1670178712399, 126, 10781
1670178713399, 126, 10907
1670178714399, 131, 11038
1670178715399, 127, 11165
1670178716400, 117, 11282
1670178717400, 83, 11365
1670178718400, 0, 11365
1670178719400, 0, 11365
1670178720401, 0, 11365
1670178721401, 0, 11365
1670178722401, 0, 11365
1670178723401, 0, 11365
1670178724401, 0, 11365
1670178725402, 0, 11365
11:32:06,006 INFO  [main-EventThread] RingManager:133 - RingManager ring 1 changed: [1, 2, 14, 15] (succsessor: 15 at /10.10.1.7:2325)
1670178726402, 0, 11365
1670178727402, 0, 11365
1670178728403, 0, 11365
1670178729403, 0, 11365
1670178730403, 0, 11365
1670178731403, 0, 11365
11:32:12,004 INFO  [main-EventThread] RingManager:133 - RingManager ring 1 changed: [2, 14, 15] (succsessor: 15 at /10.10.1.7:2325)
1670178732404, 0, 11365
1670178733404, 0, 11365
11:32:14,004 INFO  [main-EventThread] RingManager:133 - RingManager ring 1 changed: [14, 15] (succsessor: 15 at /10.10.1.7:2325)
1670178734404, 0, 11365
