13:42:21,827 INFO  [main] RawABListener:48 - Initing a RawABListener...
13:42:21,834 INFO  [main] Node:101 - PID: 7175
13:42:21,983 INFO  [main] NetworkManager:117 - NetworkManager tcp_nodelay: true
13:42:21,986 INFO  [main] NetworkManager:123 - NetworkManager tcp_crc: false
13:42:21,987 INFO  [main] NetworkManager:127 - NetworkManager buf_size: 2097152
13:42:22,001 INFO  [main] ElasticLearnerRole:93 - ElasticLearnerRole replication group 1
13:42:22,002 INFO  [main] ElasticLearnerRole:97 - ElasticLearnerRole initial ring 1
13:42:22,002 INFO  [main] ElasticLearnerRole:102 - ElasticLearnerRole deliver_skip_messages: enabled
13:42:22,007 INFO  [ElasticLearner] LearnerRole:102 - Learner recovery: enabled
13:42:22,009 INFO  [ElasticLearner] LearnerRole:108 - Learner auto_trim: disabled
13:42:22,017 INFO  [main-EventThread] RingManager:133 - RingManager ring 1 changed: [1, 14] (succsessor: 1 at /10.10.1.2:2875)
13:42:22,035 INFO  [main-EventThread] RingManager:133 - RingManager ring 1 changed: [1, 14, 15] (succsessor: 15 at /10.10.1.6:2662)
13:42:22,156 INFO  [main-EventThread] RingManager:133 - RingManager ring 1 changed: [1, 2, 14, 15] (succsessor: 15 at /10.10.1.6:2662)
13:42:22,276 INFO  [main-EventThread] RingManager:133 - RingManager ring 1 changed: [1, 2, 13, 14, 15] (succsessor: 15 at /10.10.1.6:2662)
13:42:44,339 INFO  [main] Replica:162 - Token [0], ringId [null], nodeId [14], snapshot_modulo [0], zoo_host [null], path [null], embebedLog [false], useDiskDb [true] with simple constructor
1669236164340, 0, 0
1669236165341, 11139, 11139
1669236166341, 22913, 34052
1669236167341, 16130, 50182
1669236168342, 15711, 65893
1669236169342, 16095, 81988
1669236170343, 15358, 97346
1669236171343, 15930, 113276
1669236172344, 16230, 129506
1669236173344, 15964, 145470
1669236174344, 15898, 161368
1669236175345, 8072, 169440
1669236177386, 25886, 195326
1669236178387, 16101, 211427
1669236179387, 16092, 227519
1669236180387, 7441, 234960
1669236182142, 20553, 255513
1669236183142, 1511, 257024
1669236184142, 0, 257024
1669236185143, 0, 257024
1669236186143, 0, 257024
13:43:06,195 INFO  [main-EventThread] RingManager:133 - RingManager ring 1 changed: [14] (succsessor: 14 at /10.10.1.5:2435)
13:43:06,207 ERROR [main-EventThread] NetworkManager:298 - NetworkManager client connect error
java.net.ConnectException: Connection refused
	at java.base/sun.nio.ch.Net.connect0(Native Method)
	at java.base/sun.nio.ch.Net.connect(Net.java:493)
	at java.base/sun.nio.ch.Net.connect(Net.java:482)
	at java.base/sun.nio.ch.SocketChannelImpl.connect(SocketChannelImpl.java:730)
	at ch.usi.da.paxos.ring.NetworkManager.connectClient(NetworkManager.java:291)
	at ch.usi.da.paxos.ring.RingManager.notifyRingChanged(RingManager.java:136)
	at ch.usi.da.paxos.ring.RingManager.process(RingManager.java:210)
	at org.apache.zookeeper.ClientCnxn$EventThread.processEvent(ClientCnxn.java:535)
	at org.apache.zookeeper.ClientCnxn$EventThread.run(ClientCnxn.java:510)
13:43:06,303 ERROR [main-EventThread] TopologyManager:465 - org.apache.zookeeper.KeeperException$SessionExpiredException: KeeperErrorCode = Session expired for /ringpaxos/topology1/acceptors
13:43:06,304 ERROR [main-EventThread] RingManager:232 - org.apache.zookeeper.KeeperException$SessionExpiredException: KeeperErrorCode = Session expired for /ringpaxos/topology1/acceptors
13:43:06,304 ERROR [main-EventThread] TopologyManager:465 - org.apache.zookeeper.KeeperException$SessionExpiredException: KeeperErrorCode = Session expired for /ringpaxos/topology1/learners
13:43:06,304 ERROR [main-EventThread] TopologyManager:465 - org.apache.zookeeper.KeeperException$SessionExpiredException: KeeperErrorCode = Session expired for /ringpaxos/topology1/nodes
13:43:06,304 ERROR [main-EventThread] RingManager:232 - org.apache.zookeeper.KeeperException$SessionExpiredException: KeeperErrorCode = Session expired for /ringpaxos/topology1/nodes
13:43:06,305 ERROR [main-EventThread] TopologyManager:465 - org.apache.zookeeper.KeeperException$SessionExpiredException: KeeperErrorCode = Session expired for /ringpaxos/topology1/nodes
13:43:06,305 ERROR [main-EventThread] RingManager:232 - org.apache.zookeeper.KeeperException$SessionExpiredException: KeeperErrorCode = Session expired for /ringpaxos/topology1/nodes
