21:10:26,541 INFO  [main] RawABListener:48 - Initing a RawABListener...
21:10:26,549 INFO  [main] Node:101 - PID: 12609
21:10:26,726 INFO  [main] NetworkManager:117 - NetworkManager tcp_nodelay: true
21:10:26,730 INFO  [main] NetworkManager:123 - NetworkManager tcp_crc: false
21:10:26,730 INFO  [main] NetworkManager:127 - NetworkManager buf_size: 2097152
21:10:26,749 INFO  [main] ElasticLearnerRole:93 - ElasticLearnerRole replication group 2
21:10:26,749 INFO  [main] ElasticLearnerRole:97 - ElasticLearnerRole initial ring 2
21:10:26,750 INFO  [main] ElasticLearnerRole:102 - ElasticLearnerRole deliver_skip_messages: enabled
21:10:26,757 INFO  [ElasticLearner] LearnerRole:102 - Learner recovery: disabled
21:10:26,758 INFO  [ElasticLearner] LearnerRole:108 - Learner auto_trim: disabled
21:10:26,767 INFO  [main-EventThread] RingManager:133 - RingManager ring 2 changed: [5, 21, 22, 23] (succsessor: 5 at /10.10.1.9:2961)
21:10:26,773 INFO  [main-EventThread] RingManager:133 - RingManager ring 2 changed: [5, 21, 22, 23, 25] (succsessor: 25 at /10.10.1.12:2062)
21:10:26,893 INFO  [main-EventThread] RingManager:133 - RingManager ring 2 changed: [5, 21, 22, 23, 24, 25] (succsessor: 24 at /10.10.1.11:2579)
21:10:31,656 INFO  [main] Replica:169 - Token [0], ringId [null], nodeId [23], snapshot_modulo [0], zoo_host [null], path [null], embebedLog [false], useDiskDb [true] with simple constructor
1671423031657, 0, 0
Reading from stdin
1671423032661, 9633, 9633
1671423033662, 14651, 24284
1671423034662, 13686, 37970
1671423035663, 13266, 51236
1671423036663, 9572, 60808
1671423038581, 14472, 75280
1671423039582, 15115, 90395
1671423040582, 11657, 102052
1671423041582, 14056, 116108
1671423042583, 10757, 126865
1671423043584, 8414, 135279
1671423044584, 15180, 150459
1671423045585, 19009, 169468
1671423046585, 11997, 181465
1671423048701, 14371, 195836
1671423049702, 15983, 211819
1671423050702, 8749, 220568
1671423051704, 9501, 230069
1671423053388, 10675, 240744
1671423054388, 13561, 254305
1671423055389, 15824, 270129
1671423056389, 16427, 286556
1671423058531, 10857, 297413
1671423059532, 11758, 309171
1671423060532, 13450, 322621
1671423061533, 13087, 335708
1671423063430, 10306, 346014
1671423064430, 7029, 353043
1671423065431, 0, 353043
1671423066431, 0, 353043
1671423067431, 0, 353043
1671423068489, 0, 353043
1671423069489, 0, 353043
1671423070489, 0, 353043
1671423071490, 0, 353043
1671423072490, 0, 353043
1671423073490, 0, 353043
1671423074490, 0, 353043
1671423075491, 0, 353043
1671423076491, 0, 353043
1671423077491, 0, 353043
1671423078491, 0, 353043
1671423079492, 0, 353043
1671423080492, 0, 353043
1671423081492, 0, 353043
1671423082492, 0, 353043
1671423083493, 0, 353043
1671423084493, 0, 353043
1671423085493, 0, 353043
1671423086493, 0, 353043
1671423087494, 0, 353043
1671423088494, 0, 353043
1671423089494, 0, 353043
1671423090494, 0, 353043
1671423091495, 0, 353043
1671423092495, 0, 353043
1671423093495, 0, 353043
1671423094495, 0, 353043
1671423095496, 0, 353043
1671423096496, 0, 353043
1671423097496, 0, 353043
1671423098496, 0, 353043
1671423099496, 0, 353043
1671423100497, 0, 353043
1671423101497, 0, 353043
1671423102497, 0, 353043
1671423103498, 0, 353043
1671423104498, 0, 353043
1671423105498, 0, 353043
1671423106498, 0, 353043
1671423107498, 0, 353043
1671423108499, 0, 353043
1671423109499, 0, 353043
1671423110499, 0, 353043
1671423111500, 0, 353043
1671423112500, 0, 353043
1671423113500, 0, 353043
1671423114500, 0, 353043
1671423115501, 0, 353043
1671423116501, 0, 353043
1671423117501, 0, 353043
1671423118501, 0, 353043
1671423119502, 0, 353043
1671423120502, 0, 353043
1671423121502, 0, 353043
1671423122502, 0, 353043
1671423123503, 0, 353043
1671423124503, 0, 353043
1671423125503, 0, 353043
21:12:05,966 ERROR [TCPListener] SessionHandler:120 - Error in SessionHandler during reading!
java.nio.channels.ClosedSelectorException
	at java.base/sun.nio.ch.EPollSelectorImpl.ensureOpen(EPollSelectorImpl.java:98)
	at java.base/sun.nio.ch.EPollSelectorImpl.setEventOps(EPollSelectorImpl.java:243)
	at java.base/sun.nio.ch.SelectionKeyImpl.interestOps(SelectionKeyImpl.java:101)
	at ch.usi.da.paxos.ring.SessionHandler.handleReadable(SessionHandler.java:68)
	at ch.usi.da.paxos.ring.TCPListener.run(TCPListener.java:89)
	at java.base/java.lang.Thread.run(Thread.java:830)
21:12:05,976 ERROR [main-EventThread] TopologyManager:387 - org.apache.zookeeper.KeeperException$ConnectionLossException: KeeperErrorCode = ConnectionLoss for /ringpaxos/topology2/nodes/5
21:12:05,980 INFO  [main-EventThread] RingManager:133 - RingManager ring 2 changed: [5, 21, 23] (succsessor: 5 at null)
21:12:05,981 ERROR [main-EventThread] ClientCnxn:537 - Error while calling watcher 
java.lang.NullPointerException
	at java.base/sun.nio.ch.Net.checkAddress(Net.java:126)
	at java.base/sun.nio.ch.SocketChannelImpl.checkRemote(SocketChannelImpl.java:706)
	at java.base/sun.nio.ch.SocketChannelImpl.connect(SocketChannelImpl.java:720)
	at ch.usi.da.paxos.ring.NetworkManager.connectClient(NetworkManager.java:291)
	at ch.usi.da.paxos.ring.RingManager.notifyRingChanged(RingManager.java:136)
	at ch.usi.da.paxos.ring.RingManager.process(RingManager.java:210)
	at org.apache.zookeeper.ClientCnxn$EventThread.processEvent(ClientCnxn.java:535)
	at org.apache.zookeeper.ClientCnxn$EventThread.run(ClientCnxn.java:510)
21:12:06,078 ERROR [main-EventThread] TopologyManager:465 - org.apache.zookeeper.KeeperException$SessionExpiredException: KeeperErrorCode = Session expired for /ringpaxos/topology2/learners
21:12:06,078 ERROR [main-EventThread] TopologyManager:465 - org.apache.zookeeper.KeeperException$SessionExpiredException: KeeperErrorCode = Session expired for /ringpaxos/topology2/nodes
21:12:06,078 ERROR [main-EventThread] RingManager:232 - org.apache.zookeeper.KeeperException$SessionExpiredException: KeeperErrorCode = Session expired for /ringpaxos/topology2/nodes
