19:28:59,622 INFO  [main] RawABListener:48 - Initing a RawABListener...
19:28:59,641 INFO  [main] Node:101 - PID: 44181
19:28:59,900 INFO  [main] NetworkManager:117 - NetworkManager tcp_nodelay: true
19:28:59,906 INFO  [main] NetworkManager:123 - NetworkManager tcp_crc: false
19:28:59,907 INFO  [main] NetworkManager:127 - NetworkManager buf_size: 2097152
19:28:59,935 INFO  [main] ElasticLearnerRole:93 - ElasticLearnerRole replication group 1
19:28:59,936 INFO  [main] ElasticLearnerRole:97 - ElasticLearnerRole initial ring 1
19:28:59,937 INFO  [main] ElasticLearnerRole:102 - ElasticLearnerRole deliver_skip_messages: enabled
19:28:59,942 INFO  [ElasticLearner] LearnerRole:102 - Learner recovery: disabled
19:28:59,944 INFO  [ElasticLearner] LearnerRole:108 - Learner auto_trim: disabled
19:28:59,948 INFO  [main-EventThread] RingManager:133 - RingManager ring 1 changed: [1, 2, 13, 14] (succsessor: 14 at /10.10.1.6:2903)
19:29:03,306 INFO  [main-EventThread] RingManager:133 - RingManager ring 1 changed: [1, 2, 4, 13, 14] (succsessor: 14 at /10.10.1.6:2903)
19:29:04,522 INFO  [main-EventThread] RingManager:133 - RingManager ring 1 changed: [1, 2, 4, 5, 13, 14] (succsessor: 14 at /10.10.1.6:2903)
19:29:04,691 ERROR [TCPListener] LearnerRole:219 - Learner received decision without value! [Decision from:2 to:Learner instance:1 ballot:11 v_ballot:0 value:<none> (108979258079241)]
19:29:04,959 WARN  [Learner-1] LearnerRole:133 - Learner re-request missing instance 1
19:29:07,407 INFO  [main] Replica:172 - Token [0], ringId [null], nodeId [13], snapshot_modulo [0], zoo_host [null], path [null], embebedLog [false], useDiskDb [true] with simple constructor
1681608547412, 0, 0
Reading from stdin
1681608548413, 6385, 6385
1681608549414, 8864, 15249
1681608550414, 7707, 22956
1681608551415, 5740, 28696
1681608552416, 7925, 36621
1681608553416, 8768, 45389
1681608554417, 8553, 53942
1681608555418, 7606, 61548
1681608556418, 10340, 71888
1681608557419, 9526, 81414
1681608558419, 9293, 90707
1681608559420, 10683, 101390
1681608560420, 6843, 108233
1681608561421, 7808, 116041
1681608562422, 8005, 124046
1681608563423, 9167, 133213
1681608564423, 11429, 144642
1681608565424, 9073, 153715
1681608566424, 6674, 160389
1681608567436, 7262, 167651
1681608568437, 11333, 178984
1681608569438, 10227, 189211
1681608570438, 5312, 194523
1681608571439, 6634, 201157
1681608572441, 6912, 208069
1681608573441, 9380, 217449
1681608574442, 6794, 224243
1681608575442, 0, 224243
1681608576443, 0, 224243
1681608577443, 0, 224243
1681608578444, 0, 224243
19:29:39,295 ERROR [main-EventThread] TopologyManager:465 - org.apache.zookeeper.KeeperException$SessionExpiredException: KeeperErrorCode = Session expired for /ringpaxos/topology1/nodes
19:29:39,393 ERROR [main-EventThread] RingManager:232 - org.apache.zookeeper.KeeperException$SessionExpiredException: KeeperErrorCode = Session expired for /ringpaxos/topology1/nodes
19:29:39,393 ERROR [main-EventThread] TopologyManager:465 - org.apache.zookeeper.KeeperException$SessionExpiredException: KeeperErrorCode = Session expired for /ringpaxos/topology1/learners
