21:10:26,533 INFO  [main] RawABListener:48 - Initing a RawABListener...
21:10:26,541 INFO  [main] Node:101 - PID: 14944
21:10:26,717 INFO  [main] NetworkManager:117 - NetworkManager tcp_nodelay: true
21:10:26,723 INFO  [main] NetworkManager:123 - NetworkManager tcp_crc: false
21:10:26,724 INFO  [main] NetworkManager:127 - NetworkManager buf_size: 2097152
21:10:26,739 INFO  [main] ElasticLearnerRole:93 - ElasticLearnerRole replication group 1
21:10:26,739 INFO  [main] ElasticLearnerRole:97 - ElasticLearnerRole initial ring 1
21:10:26,742 INFO  [main] ElasticLearnerRole:102 - ElasticLearnerRole deliver_skip_messages: enabled
21:10:26,748 INFO  [ElasticLearner] LearnerRole:102 - Learner recovery: disabled
21:10:26,750 INFO  [ElasticLearner] LearnerRole:108 - Learner auto_trim: disabled
21:10:26,757 INFO  [main-EventThread] RingManager:133 - RingManager ring 1 changed: [1, 2, 4, 15] (succsessor: 1 at /10.10.1.2:2323)
21:10:26,763 INFO  [main-EventThread] RingManager:133 - RingManager ring 1 changed: [1, 2, 4, 13, 15] (succsessor: 1 at /10.10.1.2:2323)
21:10:26,770 INFO  [main] Replica:169 - Token [0], ringId [null], nodeId [15], snapshot_modulo [0], zoo_host [null], path [null], embebedLog [false], useDiskDb [true] with simple constructor
1671423026770, 0, 0
Reading from stdin
21:10:26,904 INFO  [main-EventThread] RingManager:133 - RingManager ring 1 changed: [1, 2, 4, 13, 14, 15] (succsessor: 1 at /10.10.1.2:2323)
1671423027770, 0, 0
1671423028771, 0, 0
1671423029771, 0, 0
1671423030772, 0, 0
1671423031772, 0, 0
1671423032772, 8530, 8530
1671423033773, 15455, 23985
1671423034773, 12746, 36731
1671423035774, 10096, 46827
1671423036775, 8268, 55095
1671423037775, 14155, 69250
1671423038776, 14538, 83788
1671423039776, 14200, 97988
1671423040776, 14585, 112573
1671423041777, 7712, 120285
1671423042777, 2744, 123029
1671423043777, 2629, 125658
1671423044778, 2511, 128169
1671423045778, 2930, 131099
1671423046778, 3385, 134484
1671423047779, 3413, 137897
1671423048780, 3421, 141318
1671423049780, 3440, 144758
1671423050781, 3375, 148133
1671423051781, 7429, 155562
1671423052781, 12988, 168550
1671423053782, 14811, 183361
1671423054782, 14921, 198282
1671423055782, 13715, 211997
1671423056783, 14332, 226329
1671423059212, 17231, 243560
1671423060213, 10406, 253966
1671423061228, 15890, 269856
1671423062229, 7649, 277505
1671423063851, 2818, 280323
1671423064851, 0, 280323
1671423065851, 0, 280323
1671423066852, 0, 280323
1671423067852, 0, 280323
1671423068852, 0, 280323
1671423069852, 0, 280323
1671423070853, 0, 280323
1671423071853, 0, 280323
1671423072853, 0, 280323
1671423073853, 0, 280323
1671423074854, 0, 280323
1671423075854, 0, 280323
1671423076854, 0, 280323
1671423077854, 0, 280323
1671423078855, 0, 280323
1671423079855, 0, 280323
1671423080855, 0, 280323
1671423081855, 0, 280323
1671423082856, 0, 280323
1671423083856, 0, 280323
1671423084856, 0, 280323
1671423085856, 0, 280323
1671423086857, 0, 280323
1671423087857, 0, 280323
1671423088857, 0, 280323
1671423089857, 0, 280323
1671423090858, 0, 280323
1671423091858, 0, 280323
1671423092858, 0, 280323
1671423093859, 0, 280323
1671423094859, 0, 280323
1671423095859, 0, 280323
1671423096859, 0, 280323
1671423097860, 0, 280323
1671423098860, 0, 280323
1671423099860, 0, 280323
1671423100860, 0, 280323
1671423101861, 0, 280323
1671423102861, 0, 280323
1671423103861, 0, 280323
1671423104861, 0, 280323
1671423105861, 0, 280323
1671423106862, 0, 280323
1671423107862, 0, 280323
1671423108862, 0, 280323
1671423109863, 0, 280323
1671423110863, 0, 280323
1671423111863, 0, 280323
1671423112863, 0, 280323
1671423113864, 0, 280323
1671423114864, 0, 280323
1671423115864, 0, 280323
1671423116865, 0, 280323
1671423117865, 0, 280323
1671423118865, 0, 280323
1671423119865, 0, 280323
1671423120865, 0, 280323
1671423121866, 0, 280323
1671423122866, 0, 280323
1671423123866, 0, 280323
1671423124866, 0, 280323
1671423125867, 0, 280323
21:12:05,970 ERROR [main-EventThread] TopologyManager:465 - org.apache.zookeeper.KeeperException$ConnectionLossException: KeeperErrorCode = ConnectionLoss for /ringpaxos/topology1/nodes
21:12:06,072 ERROR [main-EventThread] RingManager:232 - org.apache.zookeeper.KeeperException$SessionExpiredException: KeeperErrorCode = Session expired for /ringpaxos/topology1/nodes
21:12:06,076 ERROR [main-EventThread] TopologyManager:465 - org.apache.zookeeper.KeeperException$SessionExpiredException: KeeperErrorCode = Session expired for /ringpaxos/topology1/learners
