19:28:59,418 INFO  [main] RawABListener:48 - Initing a RawABListener...
19:28:59,428 INFO  [main] Node:101 - PID: 40470
19:28:59,664 INFO  [main] NetworkManager:117 - NetworkManager tcp_nodelay: true
19:28:59,669 INFO  [main] NetworkManager:123 - NetworkManager tcp_crc: false
19:28:59,670 INFO  [main] NetworkManager:127 - NetworkManager buf_size: 2097152
19:28:59,692 INFO  [main] ElasticLearnerRole:93 - ElasticLearnerRole replication group 2
19:28:59,692 INFO  [main] ElasticLearnerRole:97 - ElasticLearnerRole initial ring 2
19:28:59,694 INFO  [main] ElasticLearnerRole:102 - ElasticLearnerRole deliver_skip_messages: enabled
19:28:59,698 INFO  [ElasticLearner] LearnerRole:102 - Learner recovery: disabled
19:28:59,701 INFO  [ElasticLearner] LearnerRole:108 - Learner auto_trim: disabled
19:28:59,704 INFO  [main-EventThread] RingManager:133 - RingManager ring 2 changed: [21, 22, 24] (succsessor: 21 at /10.10.1.3:2921)
19:28:59,906 INFO  [main-EventThread] RingManager:133 - RingManager ring 2 changed: [21, 22, 23, 24] (succsessor: 21 at /10.10.1.3:2921)
19:29:04,781 INFO  [main-EventThread] RingManager:133 - RingManager ring 2 changed: [5, 21, 22, 23, 24] (succsessor: 5 at /10.10.1.7:2195)
19:29:04,863 INFO  [main-EventThread] RingManager:133 - RingManager ring 2 changed: [5, 6, 21, 22, 23, 24] (succsessor: 5 at /10.10.1.7:2195)
19:29:07,233 INFO  [main] Replica:172 - Token [0], ringId [null], nodeId [24], snapshot_modulo [0], zoo_host [null], path [null], embebedLog [false], useDiskDb [true] with simple constructor
1681608547234, 0, 0
Reading from stdin
1681608548234, 5022, 5022
1681608549235, 9832, 14854
1681608550235, 7084, 21938
1681608551236, 10642, 32580
1681608552236, 8375, 40955
1681608553237, 8684, 49639
1681608554238, 11501, 61140
1681608555238, 8668, 69808
1681608556239, 7382, 77190
1681608557239, 10273, 87463
1681608558239, 8673, 96136
1681608559240, 9749, 105885
1681608560240, 6485, 112370
1681608561241, 9633, 122003
1681608562241, 7920, 129923
1681608563242, 8973, 138896
1681608564242, 9542, 148438
1681608565243, 6832, 155270
1681608566243, 9809, 165079
1681608567244, 8041, 173120
1681608568244, 10798, 183918
1681608569245, 9653, 193571
1681608570245, 8291, 201862
1681608571245, 8744, 210606
1681608572246, 8523, 219129
1681608573246, 9753, 228882
1681608574246, 6335, 235217
1681608575247, 0, 235217
1681608576247, 0, 235217
1681608577248, 0, 235217
1681608578248, 0, 235217
1681608579249, 0, 235217
19:29:39,300 INFO  [main-EventThread] RingManager:133 - RingManager ring 2 changed: [5, 6, 21, 24] (succsessor: 5 at /10.10.1.7:2195)
19:29:39,409 ERROR [main-EventThread] TopologyManager:465 - org.apache.zookeeper.KeeperException$SessionExpiredException: KeeperErrorCode = Session expired for /ringpaxos/topology2/learners
19:29:39,410 ERROR [main-EventThread] TopologyManager:465 - org.apache.zookeeper.KeeperException$SessionExpiredException: KeeperErrorCode = Session expired for /ringpaxos/topology2/nodes
19:29:39,410 ERROR [main-EventThread] RingManager:232 - org.apache.zookeeper.KeeperException$SessionExpiredException: KeeperErrorCode = Session expired for /ringpaxos/topology2/nodes
