19:36:43,818 INFO  [main] RawABListener:48 - Initing a RawABListener...
19:36:43,828 INFO  [main] Node:101 - PID: 64440
19:36:44,026 INFO  [main] NetworkManager:117 - NetworkManager tcp_nodelay: true
19:36:44,030 INFO  [main] NetworkManager:123 - NetworkManager tcp_crc: false
19:36:44,031 INFO  [main] NetworkManager:127 - NetworkManager buf_size: 2097152
19:36:44,050 INFO  [main] ElasticLearnerRole:93 - ElasticLearnerRole replication group 1
19:36:44,051 INFO  [main] ElasticLearnerRole:97 - ElasticLearnerRole initial ring 1
19:36:44,053 INFO  [main] ElasticLearnerRole:102 - ElasticLearnerRole deliver_skip_messages: enabled
19:36:44,059 INFO  [ElasticLearner] LearnerRole:102 - Learner recovery: disabled
19:36:44,061 INFO  [ElasticLearner] LearnerRole:108 - Learner auto_trim: disabled
19:36:44,071 INFO  [main-EventThread] RingManager:133 - RingManager ring 1 changed: [1, 4, 13, 14] (succsessor: 14 at /10.10.1.5:2810)
19:36:44,078 INFO  [main-EventThread] RingManager:133 - RingManager ring 1 changed: [1, 2, 4, 13, 14] (succsessor: 14 at /10.10.1.5:2810)
19:36:44,083 INFO  [main] Replica:169 - Token [0], ringId [null], nodeId [13], snapshot_modulo [0], zoo_host [null], path [null], embebedLog [false], useDiskDb [true] with simple constructor
1670726204084, 0, 0
Reading from stdin
19:36:44,257 INFO  [main-EventThread] RingManager:133 - RingManager ring 1 changed: [1, 2, 4, 13, 14, 15] (succsessor: 14 at /10.10.1.5:2810)
1670726205084, 0, 0
1670726206084, 0, 0
1670726207085, 0, 0
1670726208085, 0, 0
1670726209086, 1059, 1059
1670726210086, 11001, 12060
1670726211086, 11294, 23354
1670726212087, 11422, 34776
1670726213089, 11230, 46006
1670726214089, 15413, 61419
1670726215090, 14730, 76149
1670726216090, 11531, 87680
1670726217091, 11100, 98780
1670726218091, 14319, 113099
1670726219091, 13620, 126719
1670726220092, 10387, 137106
1670726221092, 10434, 147540
1670726222093, 10759, 158299
1670726223093, 15344, 173643
1670726224094, 13190, 186833
1670726225094, 13597, 200430
1670726226094, 13907, 214337
1670726227095, 13490, 227827
1670726228096, 14255, 242082
1670726229096, 11598, 253680
1670726231261, 16010, 269690
1670726232261, 14116, 283806
1670726233261, 15608, 299414
1670726234262, 8774, 308188
1670726235970, 11018, 319206
1670726236971, 14077, 333283
1670726237971, 10633, 343916
1670726238971, 12307, 356223
1670726240831, 15035, 371258
1670726241831, 16141, 387399
1670726242831, 13439, 400838
1670726244534, 12624, 413462
1670726245534, 14423, 427885
1670726246535, 10571, 438456
1670726248058, 14535, 452991
1670726249059, 16975, 469966
1670726250059, 4837, 474803
1670726251060, 17450, 492253
1670726252060, 5922, 498175
1670726253060, 14960, 513135
1670726254060, 8506, 521641
1670726255205, 15411, 537052
1670726256205, 6924, 543976
1670726257205, 13151, 557127
1670726258206, 8065, 565192
1670726259206, 14791, 579983
1670726260206, 7875, 587858
1670726261207, 11321, 599179
1670726262433, 13620, 612799
1670726263433, 6086, 618885
1670726264434, 13000, 631885
1670726265434, 7034, 638919
1670726266434, 8677, 647596
1670726267460, 15027, 662623
1670726268897, 14693, 677316
1670726270235, 14512, 691828
1670726271505, 14140, 705968
1670726272808, 13852, 719820
1670726274025, 12897, 732717
1670726275025, 7362, 740079
1670726276025, 6778, 746857
1670726277065, 10996, 757853
1670726278066, 6184, 764037
1670726279066, 8959, 772996
1670726280397, 12789, 785785
1670726281688, 11899, 797684
1670726282688, 6446, 804130
1670726283688, 6843, 810973
1670726284689, 10147, 821120
1670726285689, 7899, 829019
1670726286689, 9077, 838096
1670726287689, 9381, 847477
1670726288760, 11999, 859476
1670726290010, 11864, 871340
1670726291323, 11869, 883209
1670726292494, 10516, 893725
1670726293495, 8224, 901949
1670726294495, 7098, 909047
1670726295495, 8980, 918027
1670726296757, 11427, 929454
1670726297903, 2607, 932061
1670726298903, 0, 932061
1670726300118, 0, 932061
1670726301296, 0, 932061
1670726302514, 0, 932061
1670726303731, 0, 932061
1670726304993, 0, 932061
1670726306159, 0, 932061
1670726307361, 0, 932061
1670726308554, 0, 932061
1670726309760, 0, 932061
1670726310925, 0, 932061
1670726312184, 0, 932061
1670726313184, 0, 932061
1670726314200, 0, 932061
1670726315200, 0, 932061
19:38:35,677 ERROR [main-EventThread] TopologyManager:465 - org.apache.zookeeper.KeeperException$SessionExpiredException: KeeperErrorCode = Session expired for /ringpaxos/topology1/nodes
19:38:35,775 ERROR [main-EventThread] RingManager:232 - org.apache.zookeeper.KeeperException$SessionExpiredException: KeeperErrorCode = Session expired for /ringpaxos/topology1/nodes
19:38:35,781 ERROR [main-EventThread] TopologyManager:465 - org.apache.zookeeper.KeeperException$SessionExpiredException: KeeperErrorCode = Session expired for /ringpaxos/topology1/learners
