04:07:24,495 INFO  [main] RawABListener:48 - Initing a RawABListener...
04:07:24,507 INFO  [main] Node:101 - PID: 88592
04:07:24,740 INFO  [main] NetworkManager:117 - NetworkManager tcp_nodelay: true
04:07:24,745 INFO  [main] NetworkManager:123 - NetworkManager tcp_crc: false
04:07:24,746 INFO  [main] NetworkManager:127 - NetworkManager buf_size: 2097152
04:07:24,772 INFO  [main] ElasticLearnerRole:93 - ElasticLearnerRole replication group 2
04:07:24,772 INFO  [main] ElasticLearnerRole:97 - ElasticLearnerRole initial ring 2
04:07:24,773 INFO  [main] ElasticLearnerRole:102 - ElasticLearnerRole deliver_skip_messages: enabled
04:07:24,778 INFO  [ElasticLearner] LearnerRole:102 - Learner recovery: disabled
04:07:24,781 INFO  [ElasticLearner] LearnerRole:108 - Learner auto_trim: disabled
04:07:24,784 INFO  [main-EventThread] RingManager:133 - RingManager ring 2 changed: [21, 22, 24] (succsessor: 21 at /155.98.36.29:2432)
04:07:24,793 INFO  [main-EventThread] RingManager:133 - RingManager ring 2 changed: [21, 22, 23, 24] (succsessor: 21 at /155.98.36.29:2432)
04:07:24,813 INFO  [main] Replica:188 - Token [0], ringId [null], nodeId [24], snapshot_modulo [0], zoo_host [10.10.1.1], pathPrefix[/media/disk6/], path [/media/disk6/75a36db2-875e-4cd6-9250-746538fd6c7a], embebedLog [true], useDiskDb [true] with complex constructor
1710324444814, 0, 0
Reading from stdin
1710324445815, 0, 0
1710324446815, 0, 0
1710324447816, 0, 0
1710324448816, 0, 0
1710324449817, 1406, 1406
1710324450817, 33389, 34795
1710324451818, 37473, 72268
1710324452818, 39187, 111455
1710324453818, 32486, 143941
1710324454819, 36185, 180126
1710324455820, 37142, 217268
1710324456820, 44785, 262053
1710324457821, 39822, 301875
1710324458821, 40786, 342661
1710324459821, 29545, 372206
1710324460822, 33077, 405283
1710324461822, 42348, 447631
1710324462823, 33393, 481024
1710324463823, 25679, 506703
1710324464824, 40775, 547478
1710324465825, 40787, 588265
1710324466825, 24199, 612464
1710324467825, 30722, 643186
1710324468826, 31098, 674284
1710324469826, 41928, 716212
1710324470827, 32224, 748436
1710324471828, 32828, 781264
1710324472828, 45296, 826560
1710324473829, 32853, 859413
1710324474849, 35394, 894807
1710324475850, 43940, 938747
1710324476850, 46409, 985156
1710324477851, 43647, 1028803
1710324478851, 29431, 1058234
1710324479852, 22408, 1080642
1710324480852, 3958, 1084600
1710324481853, 122, 1084722
04:08:02,724 ERROR [main-EventThread] TopologyManager:465 - org.apache.zookeeper.KeeperException$SessionExpiredException: KeeperErrorCode = Session expired for /ringpaxos/topology2/nodes
04:08:02,824 ERROR [main-EventThread] RingManager:232 - org.apache.zookeeper.KeeperException$SessionExpiredException: KeeperErrorCode = Session expired for /ringpaxos/topology2/nodes
04:08:02,825 ERROR [main-EventThread] TopologyManager:465 - org.apache.zookeeper.KeeperException$SessionExpiredException: KeeperErrorCode = Session expired for /ringpaxos/topology2/learners
1710324482853, 0, 1084722
1710324483853, 0, 1084722
