04:07:24,481 INFO  [main] RawABListener:48 - Initing a RawABListener...
04:07:24,491 INFO  [main] Node:101 - PID: 88593
04:07:24,723 INFO  [main] NetworkManager:117 - NetworkManager tcp_nodelay: true
04:07:24,729 INFO  [main] NetworkManager:123 - NetworkManager tcp_crc: false
04:07:24,730 INFO  [main] NetworkManager:127 - NetworkManager buf_size: 2097152
04:07:24,751 INFO  [main] ElasticLearnerRole:93 - ElasticLearnerRole replication group 1
04:07:24,752 INFO  [main] ElasticLearnerRole:97 - ElasticLearnerRole initial ring 1
04:07:24,752 INFO  [main] ElasticLearnerRole:102 - ElasticLearnerRole deliver_skip_messages: enabled
04:07:24,758 INFO  [ElasticLearner] LearnerRole:102 - Learner recovery: disabled
04:07:24,760 INFO  [ElasticLearner] LearnerRole:108 - Learner auto_trim: disabled
04:07:24,764 INFO  [main-EventThread] RingManager:133 - RingManager ring 1 changed: [1, 2, 13, 14] (succsessor: 1 at /155.98.36.29:2824)
04:07:24,792 INFO  [main] Replica:188 - Token [0], ringId [null], nodeId [14], snapshot_modulo [0], zoo_host [10.10.1.1], pathPrefix[/media/disk5/], path [/media/disk5/308b62b7-6522-4689-9025-884aae8b14aa], embebedLog [true], useDiskDb [true] with complex constructor
1710324444793, 0, 0
Reading from stdin
1710324445794, 0, 0
1710324446794, 0, 0
1710324447795, 0, 0
1710324448795, 0, 0
1710324449796, 1579, 1579
1710324450796, 32880, 34459
1710324451797, 40741, 75200
1710324452810, 29302, 104502
1710324453811, 39652, 144154
1710324454812, 37248, 181402
1710324455812, 32523, 213925
1710324456813, 25724, 239649
1710324457813, 44938, 284587
1710324458814, 45094, 329681
1710324459814, 37236, 366917
1710324460815, 36134, 403051
1710324461815, 40197, 443248
1710324462815, 44699, 487947
1710324463816, 45753, 533700
1710324464816, 42512, 576212
1710324465817, 29731, 605943
1710324466817, 35565, 641508
1710324467818, 27681, 669189
1710324468818, 28368, 697557
1710324469818, 25938, 723495
1710324470819, 28480, 751975
1710324471819, 30048, 782023
1710324472819, 51052, 833075
1710324473859, 41570, 874645
1710324474859, 46771, 921416
1710324475859, 37217, 958633
1710324476860, 29820, 988453
1710324477861, 24564, 1013017
1710324478862, 34592, 1047609
1710324479863, 23313, 1070922
1710324480863, 4294, 1075216
1710324481864, 0, 1075216
04:08:02,721 ERROR [main-EventThread] TopologyManager:465 - org.apache.zookeeper.KeeperException$SessionExpiredException: KeeperErrorCode = Session expired for /ringpaxos/topology1/nodes
04:08:02,822 ERROR [main-EventThread] RingManager:232 - org.apache.zookeeper.KeeperException$SessionExpiredException: KeeperErrorCode = Session expired for /ringpaxos/topology1/nodes
04:08:02,822 ERROR [main-EventThread] TopologyManager:465 - org.apache.zookeeper.KeeperException$SessionExpiredException: KeeperErrorCode = Session expired for /ringpaxos/topology1/learners
1710324482864, 0, 1075216
1710324483865, 0, 1075216
