19:24:59,277 INFO  [main] RawABListener:48 - Initing a RawABListener...
19:24:59,288 INFO  [main] Node:101 - PID: 38045
19:24:59,516 INFO  [main] NetworkManager:117 - NetworkManager tcp_nodelay: true
19:24:59,522 INFO  [main] NetworkManager:123 - NetworkManager tcp_crc: false
19:24:59,523 INFO  [main] NetworkManager:127 - NetworkManager buf_size: 2097152
19:24:59,544 INFO  [main] ElasticLearnerRole:93 - ElasticLearnerRole replication group 2
19:24:59,545 INFO  [main] ElasticLearnerRole:97 - ElasticLearnerRole initial ring 2
19:24:59,546 INFO  [main] ElasticLearnerRole:102 - ElasticLearnerRole deliver_skip_messages: enabled
19:24:59,552 INFO  [ElasticLearner] LearnerRole:102 - Learner recovery: disabled
19:24:59,554 INFO  [ElasticLearner] LearnerRole:108 - Learner auto_trim: disabled
19:24:59,555 INFO  [main-EventThread] RingManager:133 - RingManager ring 2 changed: [21, 22, 24] (succsessor: 21 at /10.10.1.3:2540)
19:24:59,677 INFO  [main-EventThread] RingManager:133 - RingManager ring 2 changed: [21, 22, 23, 24] (succsessor: 21 at /10.10.1.3:2540)
19:25:00,730 INFO  [main] Replica:172 - Token [0], ringId [null], nodeId [24], snapshot_modulo [0], zoo_host [null], path [null], embebedLog [false], useDiskDb [true] with simple constructor
1681608300731, 0, 0
Reading from stdin
1681608301732, 0, 0
1681608302732, 0, 0
1681608303733, 0, 0
19:25:04,576 INFO  [main-EventThread] RingManager:133 - RingManager ring 2 changed: [5, 21, 22, 23, 24] (succsessor: 5 at /10.10.1.7:2477)
19:25:04,606 ERROR [TCPListener] LearnerRole:219 - Learner received decision without value! [Decision from:22 to:Learner instance:228 ballot:31 v_ballot:0 value:<none> (1065784215056621)]
19:25:04,662 INFO  [main-EventThread] RingManager:133 - RingManager ring 2 changed: [5, 6, 21, 22, 23, 24] (succsessor: 5 at /10.10.1.7:2477)
1681608304733, 313, 313
1681608305734, 1776, 2089
1681608306748, 2067, 4156
1681608307749, 2118, 6274
1681608308750, 2032, 8306
1681608309751, 1975, 10281
1681608310752, 1927, 12208
1681608311753, 1991, 14199
1681608312754, 2056, 16255
1681608313754, 2025, 18280
1681608314755, 2005, 20285
1681608315755, 2051, 22336
1681608316756, 2043, 24379
1681608317757, 2056, 26435
1681608318757, 2041, 28476
1681608319758, 2004, 30480
1681608320759, 1947, 32427
1681608321760, 2067, 34494
1681608322760, 2063, 36557
1681608323761, 2058, 38615
1681608324762, 2018, 40633
1681608325763, 2052, 42685
1681608326764, 2053, 44738
1681608327764, 2082, 46820
1681608328765, 2026, 48846
1681608329765, 1990, 50836
1681608330766, 2070, 52906
1681608331767, 2012, 54918
1681608332767, 2055, 56973
1681608333768, 2094, 59067
1681608334768, 527, 59594
19:25:35,526 ERROR [main-EventThread] TopologyManager:465 - org.apache.zookeeper.KeeperException$SessionExpiredException: KeeperErrorCode = Session expired for /ringpaxos/topology2/nodes
19:25:35,624 ERROR [main-EventThread] RingManager:232 - org.apache.zookeeper.KeeperException$SessionExpiredException: KeeperErrorCode = Session expired for /ringpaxos/topology2/nodes
19:25:35,624 ERROR [main-EventThread] TopologyManager:465 - org.apache.zookeeper.KeeperException$SessionExpiredException: KeeperErrorCode = Session expired for /ringpaxos/topology2/learners
