19:24:59,357 INFO  [main] RawABListener:48 - Initing a RawABListener...
19:24:59,366 INFO  [main] Node:101 - PID: 42865
19:24:59,575 INFO  [main] NetworkManager:117 - NetworkManager tcp_nodelay: true
19:24:59,581 INFO  [main] NetworkManager:123 - NetworkManager tcp_crc: false
19:24:59,581 INFO  [main] NetworkManager:127 - NetworkManager buf_size: 2097152
19:24:59,606 INFO  [main] ElasticLearnerRole:93 - ElasticLearnerRole replication group 1
19:24:59,607 INFO  [main] ElasticLearnerRole:97 - ElasticLearnerRole initial ring 1
19:24:59,608 INFO  [main] ElasticLearnerRole:102 - ElasticLearnerRole deliver_skip_messages: enabled
19:24:59,613 INFO  [ElasticLearner] LearnerRole:102 - Learner recovery: disabled
19:24:59,615 INFO  [ElasticLearner] LearnerRole:108 - Learner auto_trim: disabled
19:24:59,619 INFO  [main-EventThread] RingManager:133 - RingManager ring 1 changed: [1, 2, 13] (succsessor: 1 at /10.10.1.3:2910)
19:24:59,658 INFO  [main-EventThread] RingManager:133 - RingManager ring 1 changed: [1, 2, 13, 14] (succsessor: 14 at /10.10.1.6:2311)
19:25:00,515 INFO  [main] Replica:172 - Token [0], ringId [null], nodeId [13], snapshot_modulo [0], zoo_host [null], path [null], embebedLog [false], useDiskDb [true] with simple constructor
1681608300516, 0, 0
Reading from stdin
1681608301517, 0, 0
1681608302517, 0, 0
19:25:03,068 INFO  [main-EventThread] RingManager:133 - RingManager ring 1 changed: [1, 2, 4, 13, 14] (succsessor: 14 at /10.10.1.6:2311)
1681608303518, 0, 0
19:25:04,347 INFO  [main-EventThread] RingManager:133 - RingManager ring 1 changed: [1, 2, 4, 5, 13, 14] (succsessor: 14 at /10.10.1.6:2311)
1681608304518, 69, 69
1681608305519, 1784, 1853
1681608306520, 1959, 3812
1681608307520, 1889, 5701
1681608308521, 1964, 7665
1681608309522, 1963, 9628
1681608310524, 1926, 11554
1681608311525, 1993, 13547
1681608312526, 1996, 15543
1681608313526, 2008, 17551
1681608314527, 2053, 19604
1681608315527, 1958, 21562
1681608316528, 1872, 23434
1681608317528, 1945, 25379
1681608318529, 2005, 27384
1681608319529, 1994, 29378
1681608320530, 1971, 31349
1681608321530, 2055, 33404
1681608322531, 2001, 35405
1681608323532, 2032, 37437
1681608324532, 1910, 39347
1681608325533, 1387, 40734
1681608326534, 2009, 42743
1681608327534, 2036, 44779
1681608328535, 2002, 46781
1681608329535, 1889, 48670
1681608330536, 2005, 50675
1681608331536, 2020, 52695
1681608332537, 2018, 54713
1681608333537, 1514, 56227
1681608334538, 994, 57221
19:25:35,526 ERROR [main-EventThread] TopologyManager:465 - org.apache.zookeeper.KeeperException$SessionExpiredException: KeeperErrorCode = Session expired for /ringpaxos/topology1/nodes
1681608335538, 0, 57221
19:25:35,629 ERROR [main-EventThread] RingManager:232 - org.apache.zookeeper.KeeperException$SessionExpiredException: KeeperErrorCode = Session expired for /ringpaxos/topology1/nodes
19:25:35,629 ERROR [main-EventThread] TopologyManager:465 - org.apache.zookeeper.KeeperException$SessionExpiredException: KeeperErrorCode = Session expired for /ringpaxos/topology1/learners
