04:54:12,897 INFO  [main] RawABListener:48 - Initing a RawABListener...
04:54:12,907 INFO  [main] Node:101 - PID: 92926
04:54:13,147 INFO  [main] NetworkManager:117 - NetworkManager tcp_nodelay: true
04:54:13,152 INFO  [main] NetworkManager:123 - NetworkManager tcp_crc: false
04:54:13,153 INFO  [main] NetworkManager:127 - NetworkManager buf_size: 2097152
04:54:13,182 INFO  [main] ElasticLearnerRole:93 - ElasticLearnerRole replication group 2
04:54:13,183 INFO  [main] ElasticLearnerRole:97 - ElasticLearnerRole initial ring 2
04:54:13,184 INFO  [main] ElasticLearnerRole:102 - ElasticLearnerRole deliver_skip_messages: enabled
04:54:13,189 INFO  [ElasticLearner] LearnerRole:102 - Learner recovery: disabled
04:54:13,191 INFO  [ElasticLearner] LearnerRole:108 - Learner auto_trim: disabled
04:54:13,196 INFO  [main-EventThread] RingManager:133 - RingManager ring 2 changed: [21, 22, 24] (succsessor: 21 at /155.98.36.29:2258)
04:54:13,244 INFO  [main] Replica:188 - Token [0], ringId [null], nodeId [24], snapshot_modulo [0], zoo_host [10.10.1.1], pathPrefix[/media/disk6/], path [/media/disk6/81dee3b2-67fa-455d-a21e-c3f9459bc079], embebedLog [false], useDiskDb [true] with complex constructor
1710327253245, 0, 0
Reading from stdin
04:54:13,315 INFO  [main-EventThread] RingManager:133 - RingManager ring 2 changed: [21, 22, 23, 24] (succsessor: 21 at /155.98.36.29:2258)
1710327254245, 0, 0
1710327255246, 0, 0
1710327256246, 0, 0
04:54:17,199 INFO  [main-EventThread] RingManager:133 - RingManager ring 2 changed: [5, 21, 22, 23, 24] (succsessor: 5 at /10.10.1.6:2304)
1710327257247, 0, 0
1710327258247, 46, 46
1710327259247, 7534, 7580
1710327260248, 8027, 15607
1710327261249, 7974, 23581
1710327262249, 7921, 31502
1710327263250, 7439, 38941
1710327264250, 8196, 47137
1710327265253, 7919, 55056
1710327266254, 7699, 62755
1710327267254, 7861, 70616
1710327268255, 8080, 78696
1710327269255, 7838, 86534
1710327270256, 7865, 94399
1710327271257, 7434, 101833
1710327272257, 8059, 109892
1710327273258, 7972, 117864
1710327274259, 8095, 125959
1710327275260, 7989, 133948
1710327276260, 7587, 141535
1710327277261, 8042, 149577
1710327278262, 7956, 157533
1710327279263, 7982, 165515
1710327280263, 8063, 173578
1710327281264, 8076, 181654
1710327282265, 7598, 189252
1710327283266, 8078, 197330
1710327284267, 8048, 205378
1710327285267, 7960, 213338
1710327286268, 7782, 221120
1710327287268, 8084, 229204
1710327288269, 5915, 235119
1710327289269, 0, 235119
04:54:49,516 ERROR [main-EventThread] TopologyManager:465 - org.apache.zookeeper.KeeperException$SessionExpiredException: KeeperErrorCode = Session expired for /ringpaxos/topology2/nodes
04:54:49,616 ERROR [main-EventThread] RingManager:232 - org.apache.zookeeper.KeeperException$SessionExpiredException: KeeperErrorCode = Session expired for /ringpaxos/topology2/nodes
04:54:49,626 ERROR [main-EventThread] TopologyManager:465 - org.apache.zookeeper.KeeperException$SessionExpiredException: KeeperErrorCode = Session expired for /ringpaxos/topology2/learners
1710327290270, 0, 235119
1710327291270, 0, 235119
1710327292271, 0, 235119
