04:54:13,121 INFO  [main] RawABListener:48 - Initing a RawABListener...
04:54:13,131 INFO  [main] Node:101 - PID: 72175
04:54:13,367 INFO  [main] NetworkManager:117 - NetworkManager tcp_nodelay: true
04:54:13,372 INFO  [main] NetworkManager:123 - NetworkManager tcp_crc: false
04:54:13,373 INFO  [main] NetworkManager:127 - NetworkManager buf_size: 2097152
04:54:13,396 INFO  [main] ElasticLearnerRole:93 - ElasticLearnerRole replication group 4
04:54:13,397 INFO  [main] ElasticLearnerRole:97 - ElasticLearnerRole initial ring 4
04:54:13,398 INFO  [main] ElasticLearnerRole:102 - ElasticLearnerRole deliver_skip_messages: enabled
04:54:13,402 INFO  [ElasticLearner] LearnerRole:102 - Learner recovery: disabled
04:54:13,405 INFO  [ElasticLearner] LearnerRole:108 - Learner auto_trim: disabled
04:54:13,408 INFO  [main-EventThread] RingManager:133 - RingManager ring 4 changed: [41, 42, 43, 44] (succsessor: 44 at /10.10.1.7:2796)
04:54:13,456 INFO  [main] Replica:188 - Token [0], ringId [null], nodeId [43], snapshot_modulo [0], zoo_host [10.10.1.1], pathPrefix[/media/disk4/], path [/media/disk4/5c986963-63ec-4414-97ee-151990e3fd84], embebedLog [false], useDiskDb [true] with complex constructor
1710327253456, 0, 0
Reading from stdin
1710327254457, 0, 0
1710327255457, 0, 0
1710327256458, 0, 0
04:54:17,448 INFO  [main-EventThread] RingManager:133 - RingManager ring 4 changed: [7, 41, 42, 43, 44] (succsessor: 44 at /10.10.1.7:2796)
1710327257458, 0, 0
1710327258459, 1749, 1749
1710327259459, 7710, 9459
1710327260460, 8003, 17462
1710327261461, 8297, 25759
1710327262462, 7730, 33489
1710327263462, 7346, 40835
1710327264463, 8180, 49015
1710327265464, 8000, 57015
1710327266464, 7821, 64836
1710327267486, 8131, 72967
1710327268487, 8111, 81078
1710327269488, 8032, 89110
1710327270488, 7553, 96663
1710327271489, 8103, 104766
1710327272489, 8070, 112836
1710327273490, 8218, 121054
1710327274490, 7982, 129036
1710327275491, 8065, 137101
1710327276492, 8091, 145192
1710327277492, 7467, 152659
1710327278493, 8159, 160818
1710327279494, 8196, 169014
1710327280494, 7689, 176703
1710327281495, 8231, 184934
1710327282496, 8224, 193158
1710327283496, 7364, 200522
1710327284497, 8234, 208756
1710327285498, 8189, 216945
1710327286498, 8081, 225026
1710327287499, 7449, 232475
1710327288500, 4156, 236631
1710327289500, 0, 236631
04:54:49,523 ERROR [main-EventThread] TopologyManager:465 - org.apache.zookeeper.KeeperException$SessionExpiredException: KeeperErrorCode = Session expired for /ringpaxos/topology4/nodes
04:54:49,619 ERROR [main-EventThread] RingManager:232 - org.apache.zookeeper.KeeperException$SessionExpiredException: KeeperErrorCode = Session expired for /ringpaxos/topology4/nodes
04:54:49,620 ERROR [main-EventThread] TopologyManager:465 - org.apache.zookeeper.KeeperException$SessionExpiredException: KeeperErrorCode = Session expired for /ringpaxos/topology4/learners
1710327290502, 0, 236631
1710327291503, 0, 236631
