20:29:55,369 INFO  [main] RawABListener:48 - Initing a RawABListener...
20:29:55,382 INFO  [main] Node:101 - PID: 12496
20:29:55,593 INFO  [main] NetworkManager:117 - NetworkManager tcp_nodelay: true
20:29:55,598 INFO  [main] NetworkManager:123 - NetworkManager tcp_crc: false
20:29:55,599 INFO  [main] NetworkManager:127 - NetworkManager buf_size: 2097152
20:29:55,624 INFO  [main] ElasticLearnerRole:93 - ElasticLearnerRole replication group 2
20:29:55,625 INFO  [main] ElasticLearnerRole:97 - ElasticLearnerRole initial ring 2
20:29:55,626 INFO  [main] ElasticLearnerRole:102 - ElasticLearnerRole deliver_skip_messages: enabled
20:29:55,630 INFO  [ElasticLearner] LearnerRole:102 - Learner recovery: disabled
20:29:55,632 INFO  [ElasticLearner] LearnerRole:108 - Learner auto_trim: disabled
20:29:55,638 INFO  [main-EventThread] RingManager:133 - RingManager ring 2 changed: [21, 22, 24, 25] (succsessor: 21 at /10.10.1.7:2663)
20:29:55,644 INFO  [main-EventThread] RingManager:133 - RingManager ring 2 changed: [21, 22, 23, 24, 25] (succsessor: 21 at /10.10.1.7:2663)
20:29:55,657 INFO  [main] Replica:169 - Token [0], ringId [null], nodeId [25], snapshot_modulo [0], zoo_host [null], path [null], embebedLog [true], useDiskDb [false] with simple constructor
1671420595657, 0, 0
Reading from stdin
1671420596658, 0, 0
1671420597658, 0, 0
1671420598659, 0, 0
1671420599659, 0, 0
1671420600660, 2281, 2281
1671420601660, 12513, 14794
1671420602661, 7768, 22562
1671420603661, 8165, 30727
1671420604664, 10352, 41079
1671420605664, 11326, 52405
1671420606664, 10924, 63329
1671420607665, 10794, 74123
1671420608665, 11091, 85214
1671420609666, 9874, 95088
1671420610666, 10597, 105685
1671420611666, 11567, 117252
1671420612667, 10679, 127931
1671420613668, 14302, 142233
1671420614668, 14633, 156866
1671420615668, 9254, 166120
1671420616669, 10625, 176745
1671420617669, 10955, 187700
1671420618669, 11621, 199321
1671420619670, 10932, 210253
1671420620670, 12312, 222565
1671420621671, 14975, 237540
1671420622671, 13828, 251368
1671420623672, 12643, 264011
1671420624673, 14436, 278447
1671420625673, 14536, 292983
1671420626673, 14274, 307257
1671420627674, 13872, 321129
1671420628674, 13730, 334859
1671420629674, 12953, 347812
1671420630674, 6031, 353843
1671420631675, 0, 353843
1671420632675, 0, 353843
1671420633675, 0, 353843
1671420634676, 0, 353843
1671420635676, 0, 353843
1671420636676, 0, 353843
1671420637677, 0, 353843
1671420638677, 0, 353843
1671420639677, 0, 353843
1671420640677, 0, 353843
1671420641678, 0, 353843
1671420642678, 0, 353843
1671420643678, 0, 353843
1671420644678, 0, 353843
1671420645679, 0, 353843
1671420646679, 0, 353843
1671420647679, 0, 353843
1671420648679, 0, 353843
1671420649680, 0, 353843
1671420650680, 0, 353843
1671420651680, 0, 353843
1671420652680, 0, 353843
1671420653681, 0, 353843
1671420654681, 0, 353843
1671420655681, 0, 353843
1671420656681, 0, 353843
1671420657682, 0, 353843
1671420658682, 0, 353843
1671420659682, 0, 353843
1671420660683, 0, 353843
1671420661683, 0, 353843
1671420662683, 0, 353843
1671420663683, 0, 353843
1671420664684, 0, 353843
1671420665684, 0, 353843
1671420666684, 0, 353843
1671420667684, 0, 353843
1671420668685, 0, 353843
1671420669685, 0, 353843
1671420670685, 0, 353843
1671420671685, 0, 353843
1671420672686, 0, 353843
1671420673686, 0, 353843
1671420674686, 0, 353843
1671420675686, 0, 353843
1671420676687, 0, 353843
1671420677687, 0, 353843
1671420678687, 0, 353843
1671420679687, 0, 353843
1671420680688, 0, 353843
1671420681688, 0, 353843
1671420682688, 0, 353843
1671420683688, 0, 353843
1671420684689, 0, 353843
1671420685689, 0, 353843
1671420686689, 0, 353843
1671420687689, 0, 353843
1671420688690, 0, 353843
1671420689690, 0, 353843
1671420690690, 0, 353843
1671420691690, 0, 353843
1671420692691, 0, 353843
1671420693691, 0, 353843
1671420694691, 0, 353843
1671420695691, 0, 353843
1671420696692, 0, 353843
20:31:36,748 ERROR [main-EventThread] TopologyManager:465 - org.apache.zookeeper.KeeperException$SessionExpiredException: KeeperErrorCode = Session expired for /ringpaxos/topology2/nodes
20:31:36,848 ERROR [main-EventThread] RingManager:232 - org.apache.zookeeper.KeeperException$SessionExpiredException: KeeperErrorCode = Session expired for /ringpaxos/topology2/nodes
20:31:36,848 ERROR [main-EventThread] TopologyManager:465 - org.apache.zookeeper.KeeperException$SessionExpiredException: KeeperErrorCode = Session expired for /ringpaxos/topology2/learners
