20:55:18,952 INFO  [main] RawABListener:48 - Initing a RawABListener...
20:55:18,960 INFO  [main] Node:101 - PID: 10733
20:55:19,165 INFO  [main] NetworkManager:117 - NetworkManager tcp_nodelay: true
20:55:19,169 INFO  [main] NetworkManager:123 - NetworkManager tcp_crc: false
20:55:19,170 INFO  [main] NetworkManager:127 - NetworkManager buf_size: 2097152
20:55:19,186 INFO  [main] ElasticLearnerRole:93 - ElasticLearnerRole replication group 1
20:55:19,187 INFO  [main] ElasticLearnerRole:97 - ElasticLearnerRole initial ring 1
20:55:19,188 INFO  [main] ElasticLearnerRole:102 - ElasticLearnerRole deliver_skip_messages: enabled
20:55:19,199 INFO  [ElasticLearner] LearnerRole:102 - Learner recovery: disabled
20:55:19,201 INFO  [ElasticLearner] LearnerRole:108 - Learner auto_trim: disabled
20:55:19,210 INFO  [main-EventThread] RingManager:133 - RingManager ring 1 changed: [1, 2, 13, 15] (succsessor: 1 at /10.10.1.2:2446)
20:55:19,216 INFO  [main-EventThread] RingManager:133 - RingManager ring 1 changed: [1, 2, 13, 14, 15] (succsessor: 1 at /10.10.1.2:2446)
20:55:53,387 INFO  [main] Replica:165 - Token [0], ringId [null], nodeId [15], snapshot_modulo [0], zoo_host [null], path [null], embebedLog [false], useDiskDb [true] with simple constructor
1670126153389, 0, 0
Reading from stdin
1670126154390, 9794, 9794
1670126155390, 30442, 40236
1670126156391, 30927, 71163
1670126157391, 29290, 100453
1670126158391, 10849, 111302
1670126160810, 31288, 142590
1670126161811, 28659, 171249
1670126162812, 25855, 197104
1670126165411, 29983, 227087
1670126166411, 25632, 252719
1670126167411, 15694, 268413
1670126169463, 31271, 299684
1670126170463, 26505, 326189
1670126172550, 30306, 356495
1670126173550, 17425, 373920
1670126175191, 30737, 404657
1670126176191, 9848, 414505
1670126177388, 25455, 439960
1670126178389, 9128, 449088
1670126179621, 24492, 473580
1670126180622, 8350, 481930
1670126181622, 23937, 505867
1670126183005, 20948, 526815
1670126184005, 12482, 539297
1670126185006, 15241, 554538
1670126186006, 14629, 569167
1670126187148, 18332, 587499
1670126188294, 17133, 604632
1670126189437, 16908, 621540
1670126190702, 17182, 638722
1670126191702, 17871, 656593
1670126192703, 15039, 671632
1670126193703, 11736, 683368
1670126194703, 16010, 699378
1670126195704, 18869, 718247
1670126196704, 15522, 733769
1670126197704, 16205, 749974
1670126198977, 12896, 762870
1670126200036, 17559, 780429
1670126201036, 12426, 792855
1670126202036, 12472, 805327
1670126203037, 16286, 821613
1670126204038, 15277, 836890
1670126205354, 15420, 852310
1670126206354, 16619, 868929
1670126207355, 13861, 882790
1670126208355, 13071, 895861
1670126209635, 18231, 914092
1670126210636, 15122, 929214
1670126211636, 5312, 934526
1670126212636, 0, 934526
1670126213637, 115, 934641
1670126214637, 40, 934681
1670126215637, 255, 934936
1670126216638, 0, 934936
1670126217638, 0, 934936
1670126218638, 0, 934936
1670126219638, 0, 934936
1670126220638, 0, 934936
1670126221639, 1600, 936536
1670126222639, 0, 936536
1670126223639, 0, 936536
1670126224639, 0, 936536
1670126225640, 0, 936536
1670126226640, 0, 936536
1670126227640, 0, 936536
1670126228640, 0, 936536
1670126229641, 0, 936536
1670126230641, 0, 936536
1670126231641, 0, 936536
20:57:12,007 INFO  [main-EventThread] RingManager:133 - RingManager ring 1 changed: [1, 2, 14, 15] (succsessor: 1 at /10.10.1.2:2446)
1670126232641, 0, 936536
1670126233642, 0, 936536
1670126234642, 0, 936536
1670126235642, 207, 936743
1670126236642, 0, 936743
1670126237643, 0, 936743
1670126238643, 0, 936743
1670126239643, 0, 936743
1670126240643, 0, 936743
1670126241644, 0, 936743
20:57:22,005 INFO  [main-EventThread] RingManager:133 - RingManager ring 1 changed: [2, 14, 15] (succsessor: 2 at /10.10.1.4:2948)
20:57:22,011 ERROR [main-EventThread] NetworkManager:298 - NetworkManager client connect error
java.net.ConnectException: Connection refused
	at java.base/sun.nio.ch.Net.connect0(Native Method)
	at java.base/sun.nio.ch.Net.connect(Net.java:493)
	at java.base/sun.nio.ch.Net.connect(Net.java:482)
	at java.base/sun.nio.ch.SocketChannelImpl.connect(SocketChannelImpl.java:730)
	at ch.usi.da.paxos.ring.NetworkManager.connectClient(NetworkManager.java:291)
	at ch.usi.da.paxos.ring.RingManager.notifyRingChanged(RingManager.java:136)
	at ch.usi.da.paxos.ring.RingManager.process(RingManager.java:210)
	at org.apache.zookeeper.ClientCnxn$EventThread.processEvent(ClientCnxn.java:535)
	at org.apache.zookeeper.ClientCnxn$EventThread.run(ClientCnxn.java:510)
1670126242644, 0, 936743
1670126243644, 0, 936743
1670126244644, 0, 936743
1670126245645, 0, 936743
20:57:26,004 INFO  [main-EventThread] RingManager:133 - RingManager ring 1 changed: [14, 15] (succsessor: 14 at /10.10.1.6:2158)
1670126246645, 0, 936743
1670126247645, 0, 936743
1670126248645, 0, 936743
