16:18:55,725 INFO  [main] RawABListener:48 - Initing a RawABListener...
16:18:55,733 INFO  [main] Node:101 - PID: 36589
16:18:55,925 INFO  [main] NetworkManager:117 - NetworkManager tcp_nodelay: true
16:18:55,930 INFO  [main] NetworkManager:123 - NetworkManager tcp_crc: false
16:18:55,930 INFO  [main] NetworkManager:127 - NetworkManager buf_size: 2097152
16:18:55,949 INFO  [main] ElasticLearnerRole:93 - ElasticLearnerRole replication group 1
16:18:55,949 INFO  [main] ElasticLearnerRole:97 - ElasticLearnerRole initial ring 1
16:18:55,950 INFO  [main] ElasticLearnerRole:102 - ElasticLearnerRole deliver_skip_messages: enabled
16:18:55,955 INFO  [ElasticLearner] LearnerRole:102 - Learner recovery: disabled
16:18:55,957 INFO  [ElasticLearner] LearnerRole:108 - Learner auto_trim: disabled
16:18:55,962 INFO  [main-EventThread] RingManager:133 - RingManager ring 1 changed: [1, 2, 13, 14, 15] (succsessor: 1 at /10.10.1.2:2914)
16:18:55,981 INFO  [main] Replica:165 - Token [0], ringId [null], nodeId [15], snapshot_modulo [0], zoo_host [null], path [null], embebedLog [false], useDiskDb [true] with simple constructor
1670195935981, 0, 0
Reading from stdin
1670195936982, 0, 0
1670195937982, 0, 0
1670195938983, 0, 0
1670195939983, 0, 0
1670195940984, 0, 0
1670195941984, 7193, 7193
1670195942985, 7758, 14951
1670195943985, 7650, 22601
1670195944986, 3996, 26597
1670195945986, 3449, 30046
16:19:06,325 INFO  [main-EventThread] RingManager:133 - RingManager ring 1 changed: [1, 2, 4, 13, 14, 15] (succsessor: 1 at /10.10.1.2:2914)
16:19:06,365 ERROR [TCPListener] LearnerRole:219 - Learner received decision without value! [Decision from:2 to:Learner instance:23182 ballot:11 v_ballot:0 value:<none> (921243238085421)]
16:19:06,974 WARN  [Learner-1] LearnerRole:133 - Learner re-request missing instance 23181
16:19:06,974 WARN  [Learner-1] LearnerRole:133 - Learner re-request missing instance 23182
1670195946987, 1251, 31297
1670195947987, 3431, 34728
1670195948987, 3471, 38199
1670195949988, 7173, 45372
1670195950988, 7664, 53036
1670195951989, 7802, 60838
1670195952989, 8155, 68993
1670195953989, 4837, 73830
1670195955292, 13739, 87569
1670195956292, 8182, 95751
1670195957294, 7727, 103478
1670195958294, 7778, 111256
1670195959294, 7733, 118989
1670195960295, 5962, 124951
1670195961295, 5157, 130108
1670195962296, 5528, 135636
1670195963296, 5615, 141251
1670195964296, 5710, 146961
1670195965297, 7313, 154274
1670195966297, 7543, 161817
1670195967297, 8140, 169957
1670195968298, 8052, 178009
1670195969299, 7771, 185780
1670195970299, 8321, 194101
1670195971299, 8205, 202306
1670195972300, 7792, 210098
1670195973306, 7070, 217168
1670195974306, 2323, 219491
1670195975378, 12090, 231581
1670195976378, 6842, 238423
1670195977379, 7273, 245696
1670195978379, 7918, 253614
1670195979379, 2701, 256315
1670195980379, 13016, 269331
1670195981380, 8179, 277510
1670195982380, 8188, 285698
1670195983380, 7846, 293544
1670195984381, 1759, 295303
1670195985415, 14229, 309532
1670195986415, 7544, 317076
1670195987415, 8103, 325179
1670195988416, 8208, 333387
1670195989416, 1478, 334865
1670195990464, 15041, 349906
1670195991464, 7723, 357629
1670195992464, 8119, 365748
1670195993465, 7997, 373745
1670195994465, 1317, 375062
1670195995465, 14107, 389169
1670195996465, 8192, 397361
1670195997466, 7893, 405254
1670195998466, 2357, 407611
1670195999527, 14234, 421845
1670196000527, 8179, 430024
1670196001528, 6691, 436715
1670196002996, 12146, 448861
1670196003996, 8117, 456978
1670196004996, 8223, 465201
1670196005996, 7481, 472682
1670196006997, 7675, 480357
1670196007997, 5231, 485588
1670196009229, 10576, 496164
1670196010229, 8083, 504247
1670196011229, 5129, 509376
1670196012230, 8964, 518340
1670196013230, 7688, 526028
1670196014230, 6736, 532764
1670196015230, 7514, 540278
1670196016231, 4716, 544994
1670196017300, 10371, 555365
1670196018300, 7250, 562615
1670196019646, 9215, 571830
1670196020646, 7945, 579775
1670196022072, 10735, 590510
1670196023072, 5398, 595908
1670196024215, 9987, 605895
1670196025215, 5658, 611553
1670196026346, 10146, 621699
1670196027346, 4950, 626649
1670196028465, 10519, 637168
1670196029466, 4854, 642022
1670196030466, 6704, 648726
1670196031466, 0, 648726
1670196032467, 0, 648726
1670196033467, 0, 648726
1670196034467, 0, 648726
1670196035467, 0, 648726
1670196036468, 0, 648726
1670196037468, 0, 648726
16:20:38,006 INFO  [main-EventThread] RingManager:133 - RingManager ring 1 changed: [1, 2, 4, 14, 15] (succsessor: 1 at /10.10.1.2:2914)
1670196038468, 0, 648726
1670196039468, 0, 648726
1670196040469, 0, 648726
1670196041469, 0, 648726
1670196042469, 0, 648726
1670196043469, 0, 648726
16:20:44,005 INFO  [main-EventThread] RingManager:133 - RingManager ring 1 changed: [2, 4, 14, 15] (succsessor: 2 at /10.10.1.4:2295)
16:20:44,011 ERROR [main-EventThread] NetworkManager:298 - NetworkManager client connect error
java.net.ConnectException: Connection refused
	at java.base/sun.nio.ch.Net.connect0(Native Method)
	at java.base/sun.nio.ch.Net.connect(Net.java:493)
	at java.base/sun.nio.ch.Net.connect(Net.java:482)
	at java.base/sun.nio.ch.SocketChannelImpl.connect(SocketChannelImpl.java:730)
	at ch.usi.da.paxos.ring.NetworkManager.connectClient(NetworkManager.java:291)
	at ch.usi.da.paxos.ring.RingManager.notifyRingChanged(RingManager.java:136)
	at ch.usi.da.paxos.ring.RingManager.process(RingManager.java:210)
	at org.apache.zookeeper.ClientCnxn$EventThread.processEvent(ClientCnxn.java:535)
	at org.apache.zookeeper.ClientCnxn$EventThread.run(ClientCnxn.java:510)
1670196044470, 0, 648726
1670196045470, 0, 648726
1670196046470, 0, 648726
1670196047471, 0, 648726
16:20:48,004 INFO  [main-EventThread] RingManager:133 - RingManager ring 1 changed: [4, 14, 15] (succsessor: 4 at /10.10.1.9:2838)
16:20:48,005 ERROR [main-EventThread] NetworkManager:298 - NetworkManager client connect error
java.net.ConnectException: Connection refused
	at java.base/sun.nio.ch.Net.connect0(Native Method)
	at java.base/sun.nio.ch.Net.connect(Net.java:493)
	at java.base/sun.nio.ch.Net.connect(Net.java:482)
	at java.base/sun.nio.ch.SocketChannelImpl.connect(SocketChannelImpl.java:730)
	at ch.usi.da.paxos.ring.NetworkManager.connectClient(NetworkManager.java:291)
	at ch.usi.da.paxos.ring.RingManager.notifyRingChanged(RingManager.java:136)
	at ch.usi.da.paxos.ring.RingManager.process(RingManager.java:210)
	at org.apache.zookeeper.ClientCnxn$EventThread.processEvent(ClientCnxn.java:535)
	at org.apache.zookeeper.ClientCnxn$EventThread.run(ClientCnxn.java:510)
1670196048471, 0, 648726
1670196049471, 0, 648726
16:20:50,004 INFO  [main-EventThread] RingManager:133 - RingManager ring 1 changed: [14, 15] (succsessor: 14 at /10.10.1.6:2749)
16:20:50,005 ERROR [main-EventThread] NetworkManager:298 - NetworkManager client connect error
java.net.ConnectException: Connection refused
	at java.base/sun.nio.ch.Net.connect0(Native Method)
	at java.base/sun.nio.ch.Net.connect(Net.java:493)
	at java.base/sun.nio.ch.Net.connect(Net.java:482)
	at java.base/sun.nio.ch.SocketChannelImpl.connect(SocketChannelImpl.java:730)
	at ch.usi.da.paxos.ring.NetworkManager.connectClient(NetworkManager.java:291)
	at ch.usi.da.paxos.ring.RingManager.notifyRingChanged(RingManager.java:136)
	at ch.usi.da.paxos.ring.RingManager.process(RingManager.java:210)
	at org.apache.zookeeper.ClientCnxn$EventThread.processEvent(ClientCnxn.java:535)
	at org.apache.zookeeper.ClientCnxn$EventThread.run(ClientCnxn.java:510)
1670196050471, 0, 648726
