16:18:55,699 INFO  [main] RawABListener:48 - Initing a RawABListener...
16:18:55,707 INFO  [main] Node:101 - PID: 36006
16:18:55,908 INFO  [main] NetworkManager:117 - NetworkManager tcp_nodelay: true
16:18:55,912 INFO  [main] NetworkManager:123 - NetworkManager tcp_crc: false
16:18:55,913 INFO  [main] NetworkManager:127 - NetworkManager buf_size: 2097152
16:18:55,930 INFO  [main] ElasticLearnerRole:93 - ElasticLearnerRole replication group 1
16:18:55,931 INFO  [main] ElasticLearnerRole:97 - ElasticLearnerRole initial ring 1
16:18:55,932 INFO  [main] ElasticLearnerRole:102 - ElasticLearnerRole deliver_skip_messages: enabled
16:18:55,943 INFO  [ElasticLearner] LearnerRole:102 - Learner recovery: disabled
16:18:55,945 INFO  [ElasticLearner] LearnerRole:108 - Learner auto_trim: disabled
16:18:55,951 INFO  [main-EventThread] RingManager:133 - RingManager ring 1 changed: [1, 2, 14] (succsessor: 1 at /10.10.1.2:2914)
16:18:55,960 INFO  [main-EventThread] RingManager:133 - RingManager ring 1 changed: [1, 2, 13, 14, 15] (succsessor: 15 at /10.10.1.7:2606)
16:18:55,973 INFO  [main] Replica:165 - Token [0], ringId [null], nodeId [14], snapshot_modulo [0], zoo_host [null], path [null], embebedLog [false], useDiskDb [true] with simple constructor
1670195935973, 0, 0
Reading from stdin
1670195936974, 0, 0
1670195937974, 0, 0
1670195938975, 0, 0
1670195939975, 0, 0
1670195940975, 0, 0
1670195941976, 7134, 7134
1670195942976, 7746, 14880
1670195943977, 7661, 22541
1670195944977, 4021, 26562
1670195945978, 3447, 30009
16:19:06,325 INFO  [main-EventThread] RingManager:133 - RingManager ring 1 changed: [1, 2, 4, 13, 14, 15] (succsessor: 15 at /10.10.1.7:2606)
16:19:06,366 ERROR [TCPListener] LearnerRole:219 - Learner received decision without value! [Decision from:2 to:Learner instance:23182 ballot:11 v_ballot:0 value:<none> (921243238085421)]
16:19:06,962 WARN  [Learner-1] LearnerRole:133 - Learner re-request missing instance 23181
16:19:06,966 WARN  [Learner-1] LearnerRole:133 - Learner re-request missing instance 23182
1670195946978, 1210, 31219
1670195947979, 3485, 34704
1670195948981, 3476, 38180
1670195949981, 7144, 45324
1670195950982, 7658, 52982
1670195951982, 7902, 60884
1670195952982, 8058, 68942
1670195953983, 8040, 76982
1670195954983, 8098, 85080
1670195955984, 8125, 93205
1670195956984, 7881, 101086
1670195957985, 7742, 108828
1670195958986, 7824, 116652
1670195959986, 6686, 123338
1670195960987, 5193, 128531
1670195962008, 5228, 133759
1670195963008, 5894, 139653
1670195964009, 5645, 145298
1670195965010, 6733, 152031
1670195966021, 7230, 159261
1670195967021, 8407, 167668
1670195968022, 8251, 175919
1670195969022, 7986, 183905
1670195970022, 7949, 191854
1670195971023, 8180, 200034
1670195972023, 8155, 208189
1670195973024, 7200, 215389
1670195974024, 6905, 222294
1670195975025, 6835, 229129
1670195976025, 6898, 236027
1670195977025, 6774, 242801
1670195978714, 13606, 256407
1670195979716, 7322, 263729
1670195980716, 8352, 272081
1670195981716, 8204, 280285
1670195982717, 2333, 282618
1670195983796, 14287, 296905
1670195984797, 7806, 304711
1670195985797, 7956, 312667
1670195986797, 7537, 320204
1670195987798, 1562, 321766
1670195988861, 13907, 335673
1670195989863, 9448, 345121
1670195990863, 7995, 353116
1670195991864, 7541, 360657
1670195992864, 1364, 362021
1670195993864, 15003, 377024
1670195994865, 7179, 384203
1670195995865, 8221, 392424
1670195996865, 4753, 397177
1670195998253, 14579, 411756
1670195999253, 7859, 419615
1670196000253, 7549, 427164
1670196001916, 14005, 441169
1670196002916, 7031, 448200
1670196003916, 8127, 456327
1670196004917, 8199, 464526
1670196005917, 3586, 468112
1670196006918, 11610, 479722
1670196007918, 7989, 487711
1670196008918, 5965, 493676
1670196009918, 8020, 501696
1670196010919, 8054, 509750
1670196011919, 5128, 514878
1670196012920, 8590, 523468
1670196013920, 6241, 529709
1670196015182, 10169, 539878
1670196016183, 7964, 547842
1670196017183, 6578, 554420
1670196018184, 8229, 562649
1670196019184, 5764, 568413
1670196020184, 8095, 576508
1670196021185, 6177, 582685
1670196022396, 10504, 593189
1670196023397, 5514, 598703
1670196024576, 10165, 608868
1670196025576, 5390, 614258
1670196026659, 9426, 623684
1670196027660, 5672, 629356
1670196028791, 10507, 639863
1670196029791, 5647, 645510
1670196030791, 3216, 648726
1670196031791, 0, 648726
1670196032792, 0, 648726
1670196033792, 0, 648726
1670196034792, 0, 648726
1670196035793, 0, 648726
1670196036793, 0, 648726
1670196037793, 0, 648726
16:20:38,007 INFO  [main-EventThread] RingManager:133 - RingManager ring 1 changed: [1, 2, 4, 14, 15] (succsessor: 15 at /10.10.1.7:2606)
1670196038793, 0, 648726
1670196039794, 0, 648726
1670196040794, 0, 648726
1670196041794, 0, 648726
1670196042794, 0, 648726
1670196043795, 0, 648726
16:20:44,005 INFO  [main-EventThread] RingManager:133 - RingManager ring 1 changed: [2, 4, 14, 15] (succsessor: 15 at /10.10.1.7:2606)
1670196044795, 0, 648726
1670196045795, 0, 648726
1670196046796, 0, 648726
1670196047796, 0, 648726
16:20:48,004 INFO  [main-EventThread] RingManager:133 - RingManager ring 1 changed: [4, 14, 15] (succsessor: 15 at /10.10.1.7:2606)
