16:01:39,617 INFO  [main] RawABListener:48 - Initing a RawABListener...
16:01:39,633 INFO  [main] Node:101 - PID: 34807
16:01:39,826 INFO  [main] NetworkManager:117 - NetworkManager tcp_nodelay: true
16:01:39,830 INFO  [main] NetworkManager:123 - NetworkManager tcp_crc: false
16:01:39,830 INFO  [main] NetworkManager:127 - NetworkManager buf_size: 2097152
16:01:39,849 INFO  [main] ElasticLearnerRole:93 - ElasticLearnerRole replication group 1
16:01:39,850 INFO  [main] ElasticLearnerRole:97 - ElasticLearnerRole initial ring 1
16:01:39,851 INFO  [main] ElasticLearnerRole:102 - ElasticLearnerRole deliver_skip_messages: enabled
16:01:39,860 INFO  [ElasticLearner] LearnerRole:102 - Learner recovery: disabled
16:01:39,863 INFO  [ElasticLearner] LearnerRole:108 - Learner auto_trim: disabled
16:01:39,870 INFO  [main-EventThread] RingManager:133 - RingManager ring 1 changed: [1, 2, 13, 14] (succsessor: 1 at /10.10.1.2:2325)
16:01:39,884 INFO  [main] Replica:165 - Token [0], ringId [null], nodeId [14], snapshot_modulo [0], zoo_host [null], path [null], embebedLog [false], useDiskDb [true] with simple constructor
1670194899885, 0, 0
Reading from stdin
16:01:40,114 INFO  [main-EventThread] RingManager:133 - RingManager ring 1 changed: [1, 2, 13, 14, 15] (succsessor: 15 at /10.10.1.7:2118)
1670194900885, 0, 0
1670194901886, 0, 0
1670194902886, 0, 0
1670194903886, 0, 0
1670194904887, 0, 0
1670194905887, 0, 0
1670194906888, 0, 0
1670194907888, 143, 143
1670194908888, 261, 404
1670194909889, 244, 648
16:01:50,157 INFO  [main-EventThread] RingManager:133 - RingManager ring 1 changed: [1, 2, 4, 13, 14, 15] (succsessor: 15 at /10.10.1.7:2118)
16:01:50,195 ERROR [TCPListener] LearnerRole:219 - Learner received decision without value! [Decision from:2 to:Learner instance:696 ballot:11 v_ballot:0 value:<none> (910881678758961)]
1670194910889, 84, 732
1670194911890, 250, 982
1670194912890, 249, 1231
1670194913890, 246, 1477
1670194914891, 253, 1730
1670194915891, 260, 1990
1670194916891, 246, 2236
1670194917892, 255, 2491
1670194918892, 254, 2745
1670194919892, 251, 2996
1670194920893, 245, 3241
1670194921893, 235, 3476
1670194922893, 258, 3734
1670194923894, 261, 3995
1670194924894, 244, 4239
1670194925895, 242, 4481
1670194926895, 257, 4738
1670194927895, 249, 4987
1670194928895, 257, 5244
1670194929896, 251, 5495
1670194930896, 248, 5743
1670194931896, 242, 5985
1670194932897, 240, 6225
1670194933898, 243, 6468
1670194934898, 257, 6725
1670194935898, 254, 6979
1670194936899, 271, 7250
1670194937899, 249, 7499
1670194938899, 247, 7746
1670194939900, 242, 7988
1670194940900, 254, 8242
1670194941900, 261, 8503
1670194942901, 246, 8749
1670194943901, 258, 9007
1670194944901, 271, 9278
1670194945901, 253, 9531
1670194946902, 243, 9774
1670194947902, 252, 10026
1670194948902, 243, 10269
1670194949902, 264, 10533
1670194950903, 242, 10775
1670194951903, 255, 11030
1670194952903, 250, 11280
1670194953904, 250, 11530
1670194954904, 241, 11771
1670194955904, 252, 12023
1670194956904, 249, 12272
1670194957905, 258, 12530
1670194958905, 256, 12786
1670194959905, 245, 13031
1670194960905, 256, 13287
1670194961906, 259, 13546
1670194962906, 250, 13796
1670194963906, 257, 14053
1670194964906, 244, 14297
1670194965907, 233, 14530
1670194966907, 256, 14786
1670194967907, 254, 15040
1670194968908, 243, 15283
1670194969908, 254, 15537
1670194970908, 250, 15787
1670194971908, 271, 16058
1670194972909, 246, 16304
1670194973909, 253, 16557
1670194974909, 253, 16810
1670194975909, 257, 17067
1670194976910, 243, 17310
1670194977910, 254, 17564
1670194978910, 252, 17816
1670194979911, 250, 18066
1670194980911, 243, 18309
1670194981912, 249, 18558
1670194982912, 262, 18820
1670194983912, 238, 19058
1670194984912, 240, 19298
1670194985913, 266, 19564
1670194986913, 259, 19823
1670194987913, 252, 20075
1670194988913, 252, 20327
1670194989914, 257, 20584
1670194990914, 241, 20825
1670194991914, 274, 21099
1670194992914, 275, 21374
1670194993915, 250, 21624
1670194994915, 27, 21651
1670194995915, 0, 21651
1670194996915, 0, 21651
1670194997916, 0, 21651
1670194998916, 0, 21651
1670194999916, 0, 21651
1670195000916, 0, 21651
1670195001917, 0, 21651
1670195002917, 0, 21651
1670195003917, 0, 21651
16:03:24,006 INFO  [main-EventThread] RingManager:133 - RingManager ring 1 changed: [1, 2, 4, 14, 15] (succsessor: 15 at /10.10.1.7:2118)
1670195004918, 0, 21651
1670195005918, 0, 21651
1670195006918, 0, 21651
1670195007918, 0, 21651
16:03:28,004 INFO  [main-EventThread] RingManager:133 - RingManager ring 1 changed: [2, 4, 14, 15] (succsessor: 15 at /10.10.1.7:2118)
1670195008919, 0, 21651
1670195009919, 0, 21651
16:03:30,004 INFO  [main-EventThread] RingManager:133 - RingManager ring 1 changed: [4, 14, 15] (succsessor: 15 at /10.10.1.7:2118)
1670195010919, 0, 21651
1670195011919, 0, 21651
