16:01:39,860 INFO  [main] RawABListener:48 - Initing a RawABListener...
16:01:39,875 INFO  [main] Node:101 - PID: 35411
16:01:40,095 INFO  [main] NetworkManager:117 - NetworkManager tcp_nodelay: true
16:01:40,099 INFO  [main] NetworkManager:123 - NetworkManager tcp_crc: false
16:01:40,100 INFO  [main] NetworkManager:127 - NetworkManager buf_size: 2097152
16:01:40,117 INFO  [main] ElasticLearnerRole:93 - ElasticLearnerRole replication group 1
16:01:40,117 INFO  [main] ElasticLearnerRole:97 - ElasticLearnerRole initial ring 1
16:01:40,118 INFO  [main] ElasticLearnerRole:102 - ElasticLearnerRole deliver_skip_messages: enabled
16:01:40,128 INFO  [ElasticLearner] LearnerRole:102 - Learner recovery: disabled
16:01:40,131 INFO  [ElasticLearner] LearnerRole:108 - Learner auto_trim: disabled
16:01:40,141 INFO  [main-EventThread] RingManager:133 - RingManager ring 1 changed: [1, 2, 13, 14, 15] (succsessor: 1 at /10.10.1.2:2325)
16:01:40,150 INFO  [main] Replica:165 - Token [0], ringId [null], nodeId [15], snapshot_modulo [0], zoo_host [null], path [null], embebedLog [false], useDiskDb [true] with simple constructor
1670194900151, 0, 0
Reading from stdin
1670194901151, 0, 0
1670194902152, 0, 0
1670194903152, 0, 0
1670194904153, 0, 0
1670194905153, 0, 0
1670194906154, 0, 0
1670194907154, 0, 0
1670194908155, 215, 215
1670194909155, 256, 471
1670194910156, 245, 716
16:01:50,157 INFO  [main-EventThread] RingManager:133 - RingManager ring 1 changed: [1, 2, 4, 13, 14, 15] (succsessor: 1 at /10.10.1.2:2325)
16:01:50,195 ERROR [TCPListener] LearnerRole:219 - Learner received decision without value! [Decision from:2 to:Learner instance:696 ballot:11 v_ballot:0 value:<none> (910881678758961)]
1670194911156, 81, 797
1670194912156, 256, 1053
1670194913157, 247, 1300
1670194914157, 250, 1550
1670194915157, 247, 1797
1670194916158, 261, 2058
1670194917158, 250, 2308
1670194918158, 251, 2559
1670194919158, 251, 2810
1670194920159, 256, 3066
1670194921159, 237, 3303
1670194922160, 244, 3547
1670194923160, 252, 3799
1670194924161, 261, 4060
1670194925161, 246, 4306
1670194926161, 242, 4548
1670194927162, 259, 4807
1670194928162, 248, 5055
1670194929162, 256, 5311
1670194930163, 248, 5559
1670194931163, 248, 5807
1670194932164, 244, 6051
1670194933164, 239, 6290
1670194934164, 244, 6534
1670194935165, 261, 6795
1670194936165, 257, 7052
1670194937165, 262, 7314
1670194938166, 252, 7566
1670194939166, 248, 7814
1670194940166, 243, 8057
1670194941167, 253, 8310
1670194942167, 259, 8569
1670194943167, 245, 8814
1670194944167, 259, 9073
1670194945168, 273, 9346
1670194946168, 250, 9596
1670194947168, 242, 9838
1670194948168, 247, 10085
1670194949169, 256, 10341
1670194950169, 253, 10594
1670194951169, 247, 10841
1670194952169, 256, 11097
1670194953170, 249, 11346
1670194954170, 250, 11596
1670194955170, 242, 11838
1670194956170, 253, 12091
1670194957171, 250, 12341
1670194958171, 252, 12593
1670194959171, 259, 12852
1670194960172, 243, 13095
1670194961172, 257, 13352
1670194962172, 257, 13609
1670194963172, 252, 13861
1670194964173, 254, 14115
1670194965173, 245, 14360
1670194966173, 238, 14598
1670194967173, 262, 14860
1670194968174, 245, 15105
1670194969174, 246, 15351
1670194970174, 247, 15598
1670194971175, 261, 15859
1670194972175, 269, 16128
1670194973175, 243, 16371
1670194974175, 254, 16625
1670194975176, 259, 16884
1670194976176, 247, 17131
1670194977176, 249, 17380
1670194978176, 253, 17633
1670194979177, 254, 17887
1670194980177, 246, 18133
1670194981177, 240, 18373
1670194982177, 253, 18626
1670194983178, 252, 18878
1670194984179, 240, 19118
1670194985179, 251, 19369
1670194986179, 262, 19631
1670194987180, 256, 19887
1670194988180, 255, 20142
1670194989180, 255, 20397
1670194990180, 252, 20649
1670194991181, 251, 20900
1670194992181, 270, 21170
1670194993181, 271, 21441
1670194994181, 210, 21651
1670194995182, 0, 21651
1670194996182, 0, 21651
1670194997182, 0, 21651
1670194998182, 0, 21651
1670194999183, 0, 21651
1670195000183, 0, 21651
1670195001183, 0, 21651
1670195002183, 0, 21651
1670195003184, 0, 21651
16:03:24,006 INFO  [main-EventThread] RingManager:133 - RingManager ring 1 changed: [1, 2, 4, 14, 15] (succsessor: 1 at /10.10.1.2:2325)
1670195004184, 0, 21651
1670195005184, 0, 21651
1670195006184, 0, 21651
1670195007185, 0, 21651
16:03:28,004 INFO  [main-EventThread] RingManager:133 - RingManager ring 1 changed: [2, 4, 14, 15] (succsessor: 2 at /10.10.1.4:2499)
16:03:28,015 ERROR [main-EventThread] NetworkManager:298 - NetworkManager client connect error
java.net.ConnectException: Connection refused
	at java.base/sun.nio.ch.Net.connect0(Native Method)
	at java.base/sun.nio.ch.Net.connect(Net.java:493)
	at java.base/sun.nio.ch.Net.connect(Net.java:482)
	at java.base/sun.nio.ch.SocketChannelImpl.connect(SocketChannelImpl.java:730)
	at ch.usi.da.paxos.ring.NetworkManager.connectClient(NetworkManager.java:291)
	at ch.usi.da.paxos.ring.RingManager.notifyRingChanged(RingManager.java:136)
	at ch.usi.da.paxos.ring.RingManager.process(RingManager.java:210)
	at org.apache.zookeeper.ClientCnxn$EventThread.processEvent(ClientCnxn.java:535)
	at org.apache.zookeeper.ClientCnxn$EventThread.run(ClientCnxn.java:510)
1670195008185, 0, 21651
1670195009185, 0, 21651
16:03:30,004 INFO  [main-EventThread] RingManager:133 - RingManager ring 1 changed: [4, 14, 15] (succsessor: 4 at /10.10.1.9:2359)
16:03:30,005 ERROR [main-EventThread] NetworkManager:298 - NetworkManager client connect error
java.net.ConnectException: Connection refused
	at java.base/sun.nio.ch.Net.connect0(Native Method)
	at java.base/sun.nio.ch.Net.connect(Net.java:493)
	at java.base/sun.nio.ch.Net.connect(Net.java:482)
	at java.base/sun.nio.ch.SocketChannelImpl.connect(SocketChannelImpl.java:730)
	at ch.usi.da.paxos.ring.NetworkManager.connectClient(NetworkManager.java:291)
	at ch.usi.da.paxos.ring.RingManager.notifyRingChanged(RingManager.java:136)
	at ch.usi.da.paxos.ring.RingManager.process(RingManager.java:210)
	at org.apache.zookeeper.ClientCnxn$EventThread.processEvent(ClientCnxn.java:535)
	at org.apache.zookeeper.ClientCnxn$EventThread.run(ClientCnxn.java:510)
1670195010185, 0, 21651
1670195011186, 0, 21651
1670195012186, 0, 21651
1670195013186, 0, 21651
16:03:34,003 INFO  [main-EventThread] RingManager:133 - RingManager ring 1 changed: [14, 15] (succsessor: 14 at /10.10.1.6:2081)
16:03:34,004 ERROR [main-EventThread] NetworkManager:298 - NetworkManager client connect error
java.net.ConnectException: Connection refused
	at java.base/sun.nio.ch.Net.connect0(Native Method)
	at java.base/sun.nio.ch.Net.connect(Net.java:493)
	at java.base/sun.nio.ch.Net.connect(Net.java:482)
	at java.base/sun.nio.ch.SocketChannelImpl.connect(SocketChannelImpl.java:730)
	at ch.usi.da.paxos.ring.NetworkManager.connectClient(NetworkManager.java:291)
	at ch.usi.da.paxos.ring.RingManager.notifyRingChanged(RingManager.java:136)
	at ch.usi.da.paxos.ring.RingManager.process(RingManager.java:210)
	at org.apache.zookeeper.ClientCnxn$EventThread.processEvent(ClientCnxn.java:535)
	at org.apache.zookeeper.ClientCnxn$EventThread.run(ClientCnxn.java:510)
1670195014186, 0, 21651
