22:57:17,009 INFO  [main] RawABListener:48 - Initing a RawABListener...
22:57:17,019 INFO  [main] Node:101 - PID: 55795
22:57:17,262 INFO  [main] NetworkManager:117 - NetworkManager tcp_nodelay: true
22:57:17,267 INFO  [main] NetworkManager:123 - NetworkManager tcp_crc: false
22:57:17,268 INFO  [main] NetworkManager:127 - NetworkManager buf_size: 2097152
22:57:17,293 INFO  [main] ElasticLearnerRole:93 - ElasticLearnerRole replication group 1
22:57:17,293 INFO  [main] ElasticLearnerRole:97 - ElasticLearnerRole initial ring 1
22:57:17,294 INFO  [main] ElasticLearnerRole:102 - ElasticLearnerRole deliver_skip_messages: enabled
22:57:17,300 INFO  [ElasticLearner] LearnerRole:102 - Learner recovery: disabled
22:57:17,303 INFO  [ElasticLearner] LearnerRole:108 - Learner auto_trim: disabled
22:57:17,309 INFO  [main-EventThread] RingManager:133 - RingManager ring 1 changed: [1, 2, 13, 14] (succsessor: 1 at /155.98.36.29:2779)
22:57:17,658 INFO  [main] Replica:188 - Token [0], ringId [null], nodeId [14], snapshot_modulo [0], zoo_host [10.10.1.1], pathPrefix[/media/disk5/], path [/media/disk5/9571e235-5e62-4f5a-a48c-a9be935c8e1b], embebedLog [true], useDiskDb [true] with complex constructor
1710305837659, 0, 0
Reading from stdin
1710305838660, 0, 0
1710305839660, 0, 0
1710305840661, 0, 0
1710305841661, 0, 0
1710305842662, 17296, 17296
1710305843662, 40044, 57340
1710305844663, 44312, 101652
1710305845664, 42010, 143662
1710305846664, 37799, 181461
1710305847665, 47742, 229203
1710305848666, 46665, 275868
1710305849666, 40500, 316368
1710305850667, 48632, 365000
1710305851667, 35926, 400926
1710305852668, 49534, 450460
1710305853668, 50325, 500785
1710305854668, 38797, 539582
1710305855669, 38559, 578141
1710305856669, 31818, 609959
1710305857670, 30821, 640780
1710305858670, 37346, 678126
1710305859670, 43625, 721751
1710305860671, 45751, 767502
1710305861672, 46763, 814265
1710305862672, 26706, 840971
1710305863673, 41380, 882351
1710305864673, 48450, 930801
1710305865673, 40208, 971009
1710305866674, 33938, 1004947
1710305867674, 37429, 1042376
1710305868675, 38448, 1080824
1710305869675, 35972, 1116796
1710305870676, 27181, 1143977
1710305871676, 32555, 1176532
1710305872677, 13771, 1190303
1710305873677, 0, 1190303
22:57:53,910 ERROR [main-EventThread] TopologyManager:465 - org.apache.zookeeper.KeeperException$SessionExpiredException: KeeperErrorCode = Session expired for /ringpaxos/topology1/nodes
22:57:54,011 ERROR [main-EventThread] RingManager:232 - org.apache.zookeeper.KeeperException$SessionExpiredException: KeeperErrorCode = Session expired for /ringpaxos/topology1/nodes
22:57:54,011 ERROR [main-EventThread] TopologyManager:465 - org.apache.zookeeper.KeeperException$SessionExpiredException: KeeperErrorCode = Session expired for /ringpaxos/topology1/learners
1710305874678, 0, 1190303
