14:34:34,231 INFO  [main] RawABListener:48 - Initing a RawABListener...
14:34:34,239 INFO  [main] Node:101 - PID: 37423
14:34:34,421 INFO  [main] NetworkManager:117 - NetworkManager tcp_nodelay: true
14:34:34,424 INFO  [main] NetworkManager:123 - NetworkManager tcp_crc: false
14:34:34,424 INFO  [main] NetworkManager:127 - NetworkManager buf_size: 2097152
14:34:34,443 INFO  [main] ElasticLearnerRole:93 - ElasticLearnerRole replication group 1
14:34:34,443 INFO  [main] ElasticLearnerRole:97 - ElasticLearnerRole initial ring 1
14:34:34,444 INFO  [main] ElasticLearnerRole:102 - ElasticLearnerRole deliver_skip_messages: enabled
14:34:34,456 INFO  [ElasticLearner] LearnerRole:102 - Learner recovery: disabled
14:34:34,458 INFO  [ElasticLearner] LearnerRole:108 - Learner auto_trim: disabled
14:34:34,463 INFO  [main-EventThread] RingManager:133 - RingManager ring 1 changed: [2, 13, 14, 15] (succsessor: 14 at /10.10.1.6:2454)
14:34:34,470 INFO  [main-EventThread] RingManager:133 - RingManager ring 1 changed: [2, 13, 14, 15] (succsessor: 14 at /10.10.1.6:2454)
14:34:34,480 INFO  [main] Replica:165 - Token [0], ringId [null], nodeId [13], snapshot_modulo [0], zoo_host [null], path [null], embebedLog [true], useDiskDb [true] with simple constructor
1670189674480, 0, 0
Reading from stdin
14:34:34,736 INFO  [main-EventThread] RingManager:133 - RingManager ring 1 changed: [1, 2, 13, 14, 15] (succsessor: 14 at /10.10.1.6:2454)
1670189675481, 0, 0
1670189676481, 0, 0
1670189677482, 0, 0
1670189678482, 0, 0
1670189679483, 42, 42
1670189680483, 480, 522
1670189681483, 479, 1001
1670189682484, 511, 1512
1670189683484, 490, 2002
1670189684485, 486, 2488
1670189685485, 500, 2988
1670189686485, 513, 3501
1670189687486, 494, 3995
1670189688486, 503, 4498
1670189689486, 486, 4984
1670189690487, 487, 5471
1670189691487, 518, 5989
1670189692487, 491, 6480
1670189693488, 511, 6991
1670189694489, 498, 7489
1670189695489, 492, 7981
1670189696489, 497, 8478
1670189697490, 507, 8985
1670189698490, 509, 9494
1670189699491, 495, 9989
1670189700491, 496, 10485
1670189701491, 521, 11006
1670189702492, 497, 11503
1670189703492, 505, 12008
1670189704492, 507, 12515
1670189705493, 523, 13038
1670189706493, 518, 13556
1670189707493, 517, 14073
1670189708494, 524, 14597
1670189709494, 495, 15092
1670189710494, 515, 15607
1670189711495, 515, 16122
1670189712495, 507, 16629
1670189713495, 494, 17123
1670189714496, 501, 17624
1670189715496, 517, 18141
1670189716496, 505, 18646
1670189717496, 503, 19149
1670189718497, 493, 19642
1670189719498, 509, 20151
1670189720498, 502, 20653
1670189721498, 502, 21155
1670189722498, 508, 21663
1670189723499, 511, 22174
1670189724499, 478, 22652
1670189725499, 499, 23151
1670189726499, 506, 23657
1670189727500, 529, 24186
1670189728500, 492, 24678
1670189729500, 502, 25180
1670189730500, 493, 25673
1670189731501, 483, 26156
1670189732501, 516, 26672
1670189733501, 500, 27172
1670189734501, 512, 27684
1670189735502, 506, 28190
1670189736502, 499, 28689
1670189737502, 517, 29206
1670189738503, 501, 29707
1670189739503, 486, 30193
1670189740503, 502, 30695
1670189741503, 507, 31202
1670189742504, 493, 31695
1670189743504, 506, 32201
1670189744504, 498, 32699
1670189745504, 499, 33198
1670189746505, 509, 33707
1670189747505, 518, 34225
1670189748505, 500, 34725
1670189749506, 489, 35214
1670189750506, 501, 35715
1670189751506, 503, 36218
1670189752506, 497, 36715
1670189753507, 500, 37215
1670189754507, 488, 37703
1670189755507, 498, 38201
1670189756507, 511, 38712
1670189757508, 496, 39208
1670189758508, 505, 39713
1670189759508, 490, 40203
1670189760509, 502, 40705
1670189761509, 516, 41221
1670189762510, 510, 41731
1670189763510, 506, 42237
1670189764510, 490, 42727
1670189765511, 496, 43223
1670189766511, 513, 43736
1670189767511, 509, 44245
1670189768511, 504, 44749
1670189769512, 270, 45019
1670189770512, 0, 45019
1670189771512, 0, 45019
1670189772512, 0, 45019
