14:34:34,183 INFO  [main] RawABListener:48 - Initing a RawABListener...
14:34:34,190 INFO  [main] Node:101 - PID: 31449
14:34:34,376 INFO  [main] NetworkManager:117 - NetworkManager tcp_nodelay: true
14:34:34,379 INFO  [main] NetworkManager:123 - NetworkManager tcp_crc: false
14:34:34,380 INFO  [main] NetworkManager:127 - NetworkManager buf_size: 2097152
14:34:34,399 INFO  [main] ElasticLearnerRole:93 - ElasticLearnerRole replication group 1
14:34:34,400 INFO  [main] ElasticLearnerRole:97 - ElasticLearnerRole initial ring 1
14:34:34,401 INFO  [main] ElasticLearnerRole:102 - ElasticLearnerRole deliver_skip_messages: enabled
14:34:34,408 INFO  [ElasticLearner] LearnerRole:102 - Learner recovery: disabled
14:34:34,410 INFO  [ElasticLearner] LearnerRole:108 - Learner auto_trim: disabled
14:34:34,415 INFO  [main-EventThread] RingManager:133 - RingManager ring 1 changed: [2, 15] (succsessor: 2 at /10.10.1.4:2246)
14:34:34,431 INFO  [main] Replica:165 - Token [0], ringId [null], nodeId [15], snapshot_modulo [0], zoo_host [null], path [null], embebedLog [true], useDiskDb [true] with simple constructor
1670189674432, 0, 0
Reading from stdin
14:34:34,441 INFO  [main-EventThread] RingManager:133 - RingManager ring 1 changed: [2, 13, 15] (succsessor: 2 at /10.10.1.4:2246)
14:34:34,444 INFO  [main-EventThread] RingManager:133 - RingManager ring 1 changed: [2, 13, 14, 15] (succsessor: 2 at /10.10.1.4:2246)
14:34:34,736 INFO  [main-EventThread] RingManager:133 - RingManager ring 1 changed: [1, 2, 13, 14, 15] (succsessor: 1 at /10.10.1.2:2919)
1670189675432, 0, 0
1670189676433, 0, 0
1670189677433, 0, 0
1670189678434, 0, 0
1670189679434, 16, 16
1670189680435, 479, 495
1670189681435, 484, 979
1670189682435, 505, 1484
1670189683436, 492, 1976
1670189684436, 490, 2466
1670189685437, 497, 2963
1670189686437, 513, 3476
1670189687437, 500, 3976
1670189688438, 501, 4477
1670189689438, 483, 4960
1670189690439, 489, 5449
1670189691439, 517, 5966
1670189692440, 493, 6459
1670189693440, 515, 6974
1670189694441, 492, 7466
1670189695441, 493, 7959
1670189696441, 491, 8450
1670189697442, 512, 8962
1670189698442, 510, 9472
1670189699443, 493, 9965
1670189700443, 496, 10461
1670189701443, 520, 10981
1670189702444, 498, 11479
1670189703444, 500, 11979
1670189704445, 509, 12488
1670189705445, 526, 13014
1670189706445, 522, 13536
1670189707446, 512, 14048
1670189708447, 523, 14571
1670189709447, 500, 15071
1670189710447, 508, 15579
1670189711448, 515, 16094
1670189712448, 511, 16605
1670189713449, 491, 17096
1670189714449, 500, 17596
1670189715449, 515, 18111
1670189716450, 510, 18621
1670189717450, 509, 19130
1670189718450, 488, 19618
1670189719451, 508, 20126
1670189720451, 500, 20626
1670189721451, 506, 21132
1670189722452, 505, 21637
1670189723452, 513, 22150
1670189724452, 479, 22629
1670189725452, 498, 23127
1670189726453, 507, 23634
1670189727453, 529, 24163
1670189728453, 496, 24659
1670189729454, 498, 25157
1670189730454, 491, 25648
1670189731454, 485, 26133
1670189732455, 516, 26649
1670189733455, 504, 27153
1670189734455, 506, 27659
1670189735456, 509, 28168
1670189736456, 499, 28667
1670189737456, 513, 29180
1670189738457, 506, 29686
1670189739457, 484, 30170
1670189740458, 505, 30675
1670189741458, 502, 31177
1670189742458, 495, 31672
1670189743459, 507, 32179
1670189744459, 499, 32678
1670189745459, 500, 33178
1670189746459, 504, 33682
1670189747460, 523, 34205
1670189748460, 497, 34702
1670189749460, 491, 35193
1670189750461, 498, 35691
1670189751461, 506, 36197
1670189752461, 496, 36693
1670189753462, 499, 37192
1670189754462, 491, 37683
1670189755462, 494, 38177
1670189756463, 513, 38690
1670189757464, 499, 39189
1670189758464, 504, 39693
1670189759464, 487, 40180
1670189760465, 502, 40682
1670189761465, 512, 41194
1670189762465, 515, 41709
1670189763466, 499, 42208
1670189764466, 498, 42706
1670189765466, 493, 43199
1670189766467, 513, 43712
1670189767467, 512, 44224
1670189768467, 504, 44728
1670189769467, 291, 45019
1670189770468, 0, 45019
1670189771468, 0, 45019
1670189772468, 0, 45019
1670189773468, 0, 45019
1670189774469, 0, 45019
1670189775469, 0, 45019
1670189776469, 0, 45019
1670189777470, 0, 45019
14:36:18,007 INFO  [main-EventThread] RingManager:133 - RingManager ring 1 changed: [1, 2, 14, 15] (succsessor: 1 at /10.10.1.2:2919)
1670189778470, 0, 45019
1670189779470, 0, 45019
1670189780470, 0, 45019
1670189781471, 0, 45019
1670189782471, 0, 45019
1670189783471, 0, 45019
14:36:24,004 INFO  [main-EventThread] RingManager:133 - RingManager ring 1 changed: [2, 14, 15] (succsessor: 2 at /10.10.1.4:2246)
14:36:24,011 ERROR [main-EventThread] NetworkManager:298 - NetworkManager client connect error
java.net.ConnectException: Connection refused
	at java.base/sun.nio.ch.Net.connect0(Native Method)
	at java.base/sun.nio.ch.Net.connect(Net.java:493)
	at java.base/sun.nio.ch.Net.connect(Net.java:482)
	at java.base/sun.nio.ch.SocketChannelImpl.connect(SocketChannelImpl.java:730)
	at ch.usi.da.paxos.ring.NetworkManager.connectClient(NetworkManager.java:291)
	at ch.usi.da.paxos.ring.RingManager.notifyRingChanged(RingManager.java:136)
	at ch.usi.da.paxos.ring.RingManager.process(RingManager.java:210)
	at org.apache.zookeeper.ClientCnxn$EventThread.processEvent(ClientCnxn.java:535)
	at org.apache.zookeeper.ClientCnxn$EventThread.run(ClientCnxn.java:510)
1670189784471, 0, 45019
1670189785472, 0, 45019
14:36:26,004 INFO  [main-EventThread] RingManager:133 - RingManager ring 1 changed: [14, 15] (succsessor: 14 at /10.10.1.6:2454)
1670189786472, 0, 45019
1670189787472, 0, 45019
1670189788472, 0, 45019
1670189789473, 0, 45019
