14:34:34,231 INFO  [main] RawABListener:48 - Initing a RawABListener...
14:34:34,238 INFO  [main] Node:101 - PID: 30859
14:34:34,422 INFO  [main] NetworkManager:117 - NetworkManager tcp_nodelay: true
14:34:34,427 INFO  [main] NetworkManager:123 - NetworkManager tcp_crc: false
14:34:34,427 INFO  [main] NetworkManager:127 - NetworkManager buf_size: 2097152
14:34:34,447 INFO  [main] ElasticLearnerRole:93 - ElasticLearnerRole replication group 1
14:34:34,447 INFO  [main] ElasticLearnerRole:97 - ElasticLearnerRole initial ring 1
14:34:34,448 INFO  [main] ElasticLearnerRole:102 - ElasticLearnerRole deliver_skip_messages: enabled
14:34:34,453 INFO  [ElasticLearner] LearnerRole:102 - Learner recovery: disabled
14:34:34,456 INFO  [ElasticLearner] LearnerRole:108 - Learner auto_trim: disabled
14:34:34,462 INFO  [main-EventThread] RingManager:133 - RingManager ring 1 changed: [2, 13, 14, 15] (succsessor: 15 at /10.10.1.7:2323)
14:34:34,478 INFO  [main] Replica:165 - Token [0], ringId [null], nodeId [14], snapshot_modulo [0], zoo_host [null], path [null], embebedLog [true], useDiskDb [true] with simple constructor
1670189674479, 0, 0
Reading from stdin
14:34:34,737 INFO  [main-EventThread] RingManager:133 - RingManager ring 1 changed: [1, 2, 13, 14, 15] (succsessor: 15 at /10.10.1.7:2323)
1670189675479, 0, 0
1670189676480, 0, 0
1670189677480, 0, 0
1670189678481, 0, 0
1670189679481, 40, 40
1670189680482, 482, 522
1670189681482, 479, 1001
1670189682482, 509, 1510
1670189683483, 492, 2002
1670189684483, 485, 2487
1670189685484, 501, 2988
1670189686484, 512, 3500
1670189687485, 494, 3994
1670189688485, 504, 4498
1670189689485, 486, 4984
1670189690486, 487, 5471
1670189691486, 518, 5989
1670189692487, 491, 6480
1670189693487, 511, 6991
1670189694487, 498, 7489
1670189695488, 490, 7979
1670189696489, 499, 8478
1670189697489, 506, 8984
1670189698489, 510, 9494
1670189699490, 495, 9989
1670189700490, 496, 10485
1670189701491, 521, 11006
1670189702491, 497, 11503
1670189703491, 505, 12008
1670189704492, 507, 12515
1670189705492, 523, 13038
1670189706492, 518, 13556
1670189707493, 517, 14073
1670189708493, 524, 14597
1670189709493, 495, 15092
1670189710494, 515, 15607
1670189711494, 514, 16121
1670189712495, 508, 16629
1670189713496, 495, 17124
1670189714496, 500, 17624
1670189715497, 517, 18141
1670189716497, 506, 18647
1670189717497, 503, 19150
1670189718498, 493, 19643
1670189719498, 508, 20151
1670189720498, 502, 20653
1670189721499, 502, 21155
1670189722499, 509, 21664
1670189723499, 511, 22175
1670189724499, 477, 22652
1670189725500, 499, 23151
1670189726500, 506, 23657
1670189727500, 529, 24186
1670189728501, 492, 24678
1670189729501, 502, 25180
1670189730501, 493, 25673
1670189731502, 484, 26157
1670189732502, 515, 26672
1670189733502, 502, 27174
1670189734503, 513, 27687
1670189735503, 503, 28190
1670189736503, 500, 28690
1670189737504, 516, 29206
1670189738504, 501, 29707
1670189739504, 487, 30194
1670189740505, 502, 30696
1670189741505, 506, 31202
1670189742505, 493, 31695
1670189743506, 508, 32203
1670189744506, 496, 32699
1670189745506, 500, 33199
1670189746507, 508, 33707
1670189747507, 518, 34225
1670189748507, 501, 34726
1670189749508, 489, 35215
1670189750508, 502, 35717
1670189751508, 503, 36220
1670189752508, 495, 36715
1670189753509, 501, 37216
1670189754510, 488, 37704
1670189755510, 498, 38202
1670189756510, 513, 38715
1670189757511, 494, 39209
1670189758511, 506, 39715
1670189759511, 489, 40204
1670189760512, 501, 40705
1670189761512, 517, 41222
1670189762512, 510, 41732
1670189763513, 505, 42237
1670189764513, 491, 42728
1670189765513, 496, 43224
1670189766514, 512, 43736
1670189767514, 510, 44246
1670189768514, 504, 44750
1670189769515, 269, 45019
1670189770515, 0, 45019
1670189771515, 0, 45019
1670189772515, 0, 45019
1670189773515, 0, 45019
1670189774516, 0, 45019
1670189775516, 0, 45019
1670189776516, 0, 45019
1670189777517, 0, 45019
14:36:18,007 INFO  [main-EventThread] RingManager:133 - RingManager ring 1 changed: [1, 2, 14, 15] (succsessor: 15 at /10.10.1.7:2323)
1670189778517, 0, 45019
1670189779517, 0, 45019
1670189780517, 0, 45019
1670189781518, 0, 45019
1670189782518, 0, 45019
1670189783518, 0, 45019
14:36:24,004 INFO  [main-EventThread] RingManager:133 - RingManager ring 1 changed: [2, 14, 15] (succsessor: 15 at /10.10.1.7:2323)
1670189784518, 0, 45019
1670189785519, 0, 45019
14:36:26,005 INFO  [main-EventThread] RingManager:133 - RingManager ring 1 changed: [14, 15] (succsessor: 15 at /10.10.1.7:2323)
1670189786519, 0, 45019
