13:21:47,621 INFO  [main] RawABListener:48 - Initing a RawABListener...
13:21:47,628 INFO  [main] Node:101 - PID: 28294
13:21:47,815 INFO  [main] NetworkManager:117 - NetworkManager tcp_nodelay: true
13:21:47,820 INFO  [main] NetworkManager:123 - NetworkManager tcp_crc: false
13:21:47,820 INFO  [main] NetworkManager:127 - NetworkManager buf_size: 2097152
13:21:47,837 INFO  [main] ElasticLearnerRole:93 - ElasticLearnerRole replication group 1
13:21:47,838 INFO  [main] ElasticLearnerRole:97 - ElasticLearnerRole initial ring 1
13:21:47,839 INFO  [main] ElasticLearnerRole:102 - ElasticLearnerRole deliver_skip_messages: enabled
13:21:47,848 INFO  [ElasticLearner] LearnerRole:102 - Learner recovery: disabled
13:21:47,851 INFO  [ElasticLearner] LearnerRole:108 - Learner auto_trim: disabled
13:21:47,858 INFO  [main-EventThread] RingManager:133 - RingManager ring 1 changed: [2, 13, 14, 15] (succsessor: 15 at /10.10.1.7:2742)
13:21:47,864 INFO  [main-EventThread] RingManager:133 - RingManager ring 1 changed: [2, 13, 14, 15] (succsessor: 15 at /10.10.1.7:2742)
13:21:47,875 INFO  [main-EventThread] RingManager:133 - RingManager ring 1 changed: [1, 2, 13, 14, 15] (succsessor: 15 at /10.10.1.7:2742)
13:21:52,785 INFO  [main] Replica:165 - Token [0], ringId [null], nodeId [14], snapshot_modulo [0], zoo_host [null], path [null], embebedLog [true], useDiskDb [true] with simple constructor
1670185312788, 0, 0
Reading from stdin
1670185313788, 3823, 3823
1670185314789, 4128, 7951
1670185315789, 4079, 12030
1670185316790, 4068, 16098
1670185317790, 2195, 18293
1670185319071, 4647, 22940
1670185320071, 4102, 27042
1670185321072, 4040, 31082
1670185322072, 4041, 35123
1670185323073, 4083, 39206
1670185324073, 4031, 43237
1670185325074, 4108, 47345
1670185326074, 4106, 51451
1670185327075, 4114, 55565
1670185328076, 4050, 59615
1670185329076, 4123, 63738
1670185330076, 4071, 67809
1670185331077, 4046, 71855
1670185332077, 4137, 75992
1670185333078, 4092, 80084
1670185334078, 4062, 84146
1670185335079, 4069, 88215
1670185336079, 4012, 92227
1670185337079, 4107, 96334
1670185338080, 1198, 97532
1670185339080, 5610, 103142
1670185340081, 5053, 108195
1670185341082, 4097, 112292
1670185342082, 4056, 116348
1670185343083, 4030, 120378
1670185344083, 3973, 124351
1670185345083, 4088, 128439
1670185346084, 4139, 132578
1670185347084, 4019, 136597
1670185348085, 4068, 140665
1670185349086, 4093, 144758
1670185350086, 4060, 148818
1670185351086, 4078, 152896
1670185352087, 4095, 156991
1670185353087, 1608, 158599
1670185354088, 4100, 162699
1670185355088, 4154, 166853
1670185356088, 4069, 170922
1670185357089, 4105, 175027
1670185358089, 4072, 179099
1670185359090, 4143, 183242
1670185360091, 4116, 187358
1670185361091, 3989, 191347
1670185362092, 4039, 195386
1670185363092, 1425, 196811
1670185364092, 4202, 201013
1670185365093, 4052, 205065
1670185366093, 4048, 209113
1670185367093, 4065, 213178
1670185368094, 1747, 214925
1670185369094, 4324, 219249
1670185370095, 4048, 223297
1670185371095, 4098, 227395
1670185372096, 4113, 231508
1670185373096, 1688, 233196
1670185374096, 4337, 237533
1670185375097, 4008, 241541
1670185376097, 4043, 245584
1670185377097, 4096, 249680
1670185378098, 938, 250618
1670185379144, 5891, 256509
1670185380145, 4128, 260637
1670185381145, 4076, 264713
1670185382145, 4122, 268835
1670185383146, 1667, 270502
1670185384146, 4086, 274588
1670185385146, 4104, 278692
1670185386147, 4104, 282796
1670185387147, 4000, 286796
1670185388148, 1558, 288354
1670185389148, 4298, 292652
1670185390149, 4067, 296719
1670185391149, 4012, 300731
1670185392149, 4121, 304852
1670185393150, 4100, 308952
1670185394150, 4069, 313021
1670185395151, 4140, 317161
1670185396161, 4062, 321223
1670185397161, 4200, 325423
1670185398161, 3881, 329304
1670185399162, 4239, 333543
1670185400162, 4122, 337665
1670185401162, 4032, 341697
1670185402163, 3540, 345237
1670185403163, 0, 345237
1670185404679, 0, 345237
1670185405679, 0, 345237
1670185406679, 0, 345237
1670185407680, 0, 345237
1670185408680, 0, 345237
1670185409680, 0, 345237
1670185410680, 0, 345237
1670185411681, 0, 345237
13:23:32,007 INFO  [main-EventThread] RingManager:133 - RingManager ring 1 changed: [1, 2, 14, 15] (succsessor: 15 at /10.10.1.7:2742)
1670185412681, 0, 345237
1670185413681, 0, 345237
1670185414681, 0, 345237
1670185415682, 0, 345237
1670185416682, 0, 345237
1670185417682, 0, 345237
13:23:38,005 INFO  [main-EventThread] RingManager:133 - RingManager ring 1 changed: [2, 14, 15] (succsessor: 15 at /10.10.1.7:2742)
1670185418682, 0, 345237
1670185419683, 0, 345237
13:23:40,005 INFO  [main-EventThread] RingManager:133 - RingManager ring 1 changed: [14, 15] (succsessor: 15 at /10.10.1.7:2742)
1670185420683, 0, 345237
