11:33:33,467 INFO  [main] RawABListener:48 - Initing a RawABListener...
11:33:33,478 INFO  [main] Node:101 - PID: 41846
11:33:33,672 INFO  [main] NetworkManager:117 - NetworkManager tcp_nodelay: true
11:33:33,677 INFO  [main] NetworkManager:123 - NetworkManager tcp_crc: false
11:33:33,677 INFO  [main] NetworkManager:127 - NetworkManager buf_size: 2097152
11:33:33,695 INFO  [main] ElasticLearnerRole:93 - ElasticLearnerRole replication group 1
11:33:33,695 INFO  [main] ElasticLearnerRole:97 - ElasticLearnerRole initial ring 1
11:33:33,696 INFO  [main] ElasticLearnerRole:102 - ElasticLearnerRole deliver_skip_messages: enabled
11:33:33,707 INFO  [ElasticLearner] LearnerRole:102 - Learner recovery: disabled
11:33:33,710 INFO  [ElasticLearner] LearnerRole:108 - Learner auto_trim: disabled
11:33:33,715 INFO  [main-EventThread] RingManager:133 - RingManager ring 1 changed: [1, 4, 13] (succsessor: 1 at /10.10.1.2:2339)
11:33:33,723 INFO  [main-EventThread] RingManager:133 - RingManager ring 1 changed: [1, 4, 13, 15] (succsessor: 15 at /10.10.1.6:2285)
11:33:33,734 INFO  [main] Replica:169 - Token [0], ringId [null], nodeId [13], snapshot_modulo [0], zoo_host [null], path [null], embebedLog [false], useDiskDb [false] with simple constructor
1670697213734, 0, 0
Reading from stdin
11:33:33,780 INFO  [main-EventThread] RingManager:133 - RingManager ring 1 changed: [1, 2, 4, 13, 15] (succsessor: 15 at /10.10.1.6:2285)
11:33:33,856 INFO  [main-EventThread] RingManager:133 - RingManager ring 1 changed: [1, 2, 4, 13, 14, 15] (succsessor: 14 at /10.10.1.5:2488)
1670697214734, 0, 0
1670697215735, 0, 0
1670697216735, 0, 0
1670697217736, 0, 0
1670697218736, 915, 915
1670697219737, 7923, 8838
1670697220737, 7930, 16768
1670697221737, 8038, 24806
1670697222738, 8041, 32847
1670697223738, 8007, 40854
1670697224739, 7950, 48804
1670697225739, 7932, 56736
1670697226740, 7972, 64708
1670697227740, 8026, 72734
1670697228741, 8036, 80770
1670697229741, 7984, 88754
1670697230741, 7990, 96744
1670697231742, 8043, 104787
1670697232742, 8004, 112791
1670697233742, 8011, 120802
1670697234743, 8065, 128867
1670697235743, 7933, 136800
1670697236744, 8005, 144805
1670697237744, 8005, 152810
1670697238744, 8033, 160843
1670697239745, 8026, 168869
1670697240745, 8016, 176885
1670697241746, 8025, 184910
1670697242747, 8021, 192931
1670697243747, 7954, 200885
1670697244747, 7983, 208868
1670697245748, 8088, 216956
1670697246748, 8106, 225062
1670697247748, 8058, 233120
1670697248749, 7934, 241054
1670697249749, 8057, 249111
1670697250750, 7992, 257103
1670697251750, 8056, 265159
1670697252751, 8006, 273165
1670697253751, 8103, 281268
1670697254751, 8026, 289294
1670697255753, 7835, 297129
1670697256753, 7989, 305118
1670697257753, 8022, 313140
1670697258753, 8073, 321213
1670697259754, 8085, 329298
1670697260754, 8000, 337298
1670697261754, 8040, 345338
1670697262754, 7910, 353248
1670697263755, 8035, 361283
1670697264755, 8013, 369296
1670697265755, 8004, 377300
1670697266756, 7931, 385231
1670697267756, 7989, 393220
1670697268756, 7967, 401187
1670697269757, 7904, 409091
1670697270757, 8047, 417138
1670697271757, 8012, 425150
1670697272758, 8027, 433177
1670697273758, 7983, 441160
1670697274758, 7989, 449149
1670697275778, 7739, 456888
1670697276778, 8038, 464926
1670697277779, 7766, 472692
1670697278779, 7826, 480518
1670697279780, 7800, 488318
1670697280781, 7874, 496192
1670697281781, 7958, 504150
1670697282781, 8133, 512283
1670697283782, 8011, 520294
1670697284782, 7990, 528284
1670697285782, 8035, 536319
1670697286782, 7892, 544211
1670697287783, 8004, 552215
1670697288783, 7984, 560199
1670697289783, 7948, 568147
1670697290784, 7923, 576070
1670697291784, 8046, 584116
1670697292784, 8033, 592149
1670697293785, 8007, 600156
1670697294785, 7740, 607896
1670697295785, 7817, 615713
1670697296786, 7875, 623588
1670697297786, 7890, 631478
1670697298786, 7913, 639391
1670697299787, 7590, 646981
1670697300788, 8053, 655034
1670697301788, 8051, 663085
1670697302789, 8013, 671098
1670697303789, 8010, 679108
1670697304789, 7848, 686956
1670697305790, 8053, 695009
1670697306790, 8048, 703057
1670697307790, 8008, 711065
1670697308791, 1926, 712991
1670697309791, 0, 712991
