21:23:17,524 INFO  [main] RawABListener:48 - Initing a RawABListener...
21:23:17,530 INFO  [main] Node:101 - PID: 12801
21:23:17,711 INFO  [main] NetworkManager:117 - NetworkManager tcp_nodelay: true
21:23:17,715 INFO  [main] NetworkManager:123 - NetworkManager tcp_crc: false
21:23:17,716 INFO  [main] NetworkManager:127 - NetworkManager buf_size: 2097152
21:23:17,732 INFO  [main] ElasticLearnerRole:93 - ElasticLearnerRole replication group 2
21:23:17,733 INFO  [main] ElasticLearnerRole:97 - ElasticLearnerRole initial ring 2
21:23:17,734 INFO  [main] ElasticLearnerRole:102 - ElasticLearnerRole deliver_skip_messages: enabled
21:23:17,740 INFO  [ElasticLearner] LearnerRole:102 - Learner recovery: disabled
21:23:17,746 INFO  [ElasticLearner] LearnerRole:108 - Learner auto_trim: disabled
21:23:17,755 INFO  [main-EventThread] RingManager:133 - RingManager ring 2 changed: [21, 23, 24] (succsessor: 24 at /10.10.1.10:2099)
21:23:17,764 INFO  [main-EventThread] RingManager:133 - RingManager ring 2 changed: [21, 22, 23, 24, 25] (succsessor: 24 at /10.10.1.10:2099)
21:23:17,906 INFO  [main] Replica:169 - Token [0], ringId [null], nodeId [23], snapshot_modulo [0], zoo_host [null], path [null], embebedLog [true], useDiskDb [true] with simple constructor
1671510197906, 0, 0
Reading from stdin
1671510198907, 0, 0
1671510199907, 0, 0
1671510200908, 0, 0
1671510201908, 0, 0
1671510202909, 88, 88
1671510203909, 488, 576
1671510204909, 512, 1088
1671510205910, 494, 1582
1671510206910, 502, 2084
1671510207911, 510, 2594
1671510208911, 489, 3083
1671510209911, 501, 3584
1671510210912, 494, 4078
1671510211912, 517, 4595
1671510212912, 498, 5093
1671510213913, 503, 5596
1671510214913, 481, 6077
1671510215913, 505, 6582
1671510216914, 526, 7108
1671510217914, 496, 7604
1671510218914, 502, 8106
1671510219915, 508, 8614
1671510220915, 495, 9109
1671510221916, 519, 9628
1671510222916, 491, 10119
1671510223916, 506, 10625
1671510224917, 486, 11111
1671510225917, 499, 11610
1671510226917, 504, 12114
1671510227918, 498, 12612
1671510228918, 515, 13127
1671510229918, 493, 13620
1671510230919, 503, 14123
1671510231919, 496, 14619
1671510232919, 59, 14678
21:23:53,420 ERROR [main-EventThread] TopologyManager:465 - org.apache.zookeeper.KeeperException$ConnectionLossException: KeeperErrorCode = ConnectionLoss for /ringpaxos/topology2/nodes
21:23:53,421 ERROR [main-EventThread] RingManager:232 - org.apache.zookeeper.KeeperException$ConnectionLossException: KeeperErrorCode = ConnectionLoss for /ringpaxos/topology2/nodes
21:23:53,523 ERROR [main-EventThread] TopologyManager:465 - org.apache.zookeeper.KeeperException$SessionExpiredException: KeeperErrorCode = Session expired for /ringpaxos/topology2/learners
