21:23:17,530 INFO  [main] RawABListener:48 - Initing a RawABListener...
21:23:17,538 INFO  [main] Node:101 - PID: 16692
21:23:17,717 INFO  [main] NetworkManager:117 - NetworkManager tcp_nodelay: true
21:23:17,720 INFO  [main] NetworkManager:123 - NetworkManager tcp_crc: false
21:23:17,720 INFO  [main] NetworkManager:127 - NetworkManager buf_size: 2097152
21:23:17,733 INFO  [main] ElasticLearnerRole:93 - ElasticLearnerRole replication group 2
21:23:17,733 INFO  [main] ElasticLearnerRole:97 - ElasticLearnerRole initial ring 2
21:23:17,734 INFO  [main] ElasticLearnerRole:102 - ElasticLearnerRole deliver_skip_messages: enabled
21:23:17,739 INFO  [ElasticLearner] LearnerRole:102 - Learner recovery: disabled
21:23:17,741 INFO  [ElasticLearner] LearnerRole:108 - Learner auto_trim: disabled
21:23:17,746 INFO  [main-EventThread] RingManager:133 - RingManager ring 2 changed: [21, 23, 24] (succsessor: 21 at /10.10.1.6:2075)
21:23:17,750 INFO  [main-EventThread] RingManager:133 - RingManager ring 2 changed: [21, 22, 23, 24, 25] (succsessor: 25 at /10.10.1.11:2593)
21:23:17,756 INFO  [main] Replica:169 - Token [0], ringId [null], nodeId [24], snapshot_modulo [0], zoo_host [null], path [null], embebedLog [true], useDiskDb [true] with simple constructor
1671510197757, 0, 0
Reading from stdin
1671510198757, 0, 0
1671510199758, 0, 0
1671510200758, 0, 0
1671510201758, 0, 0
1671510202759, 19, 19
1671510203759, 485, 504
1671510204760, 517, 1021
1671510205760, 492, 1513
1671510206761, 497, 2010
1671510207761, 499, 2509
1671510208761, 497, 3006
1671510209762, 500, 3506
1671510210762, 498, 4004
1671510211763, 512, 4516
1671510212764, 499, 5015
1671510213764, 504, 5519
1671510214764, 490, 6009
1671510215765, 494, 6503
1671510216765, 532, 7035
1671510217765, 495, 7530
1671510218766, 496, 8026
1671510219766, 512, 8538
1671510220766, 499, 9037
1671510221767, 522, 9559
1671510222767, 485, 10044
1671510223768, 502, 10546
1671510224768, 491, 11037
1671510225768, 500, 11537
1671510226769, 503, 12040
1671510227770, 501, 12541
1671510228770, 506, 13047
1671510229770, 504, 13551
1671510230771, 497, 14048
1671510231771, 498, 14546
1671510232771, 132, 14678
21:23:53,421 ERROR [main-EventThread] TopologyManager:465 - org.apache.zookeeper.KeeperException$ConnectionLossException: KeeperErrorCode = ConnectionLoss for /ringpaxos/topology2/nodes
21:23:53,422 ERROR [main-EventThread] RingManager:232 - org.apache.zookeeper.KeeperException$ConnectionLossException: KeeperErrorCode = ConnectionLoss for /ringpaxos/topology2/nodes
21:23:53,422 ERROR [main-EventThread] TopologyManager:465 - org.apache.zookeeper.KeeperException$ConnectionLossException: KeeperErrorCode = ConnectionLoss for /ringpaxos/topology2/learners
