07:15:55,032 INFO  [main] RawABListener:48 - Initing a RawABListener...
07:15:55,040 INFO  [main] Node:101 - PID: 23042
07:15:55,225 INFO  [main] NetworkManager:117 - NetworkManager tcp_nodelay: true
07:15:55,229 INFO  [main] NetworkManager:123 - NetworkManager tcp_crc: false
07:15:55,230 INFO  [main] NetworkManager:127 - NetworkManager buf_size: 2097152
07:15:55,247 INFO  [main] ElasticLearnerRole:93 - ElasticLearnerRole replication group 2
07:15:55,248 INFO  [main] ElasticLearnerRole:97 - ElasticLearnerRole initial ring 2
07:15:55,253 INFO  [main] ElasticLearnerRole:102 - ElasticLearnerRole deliver_skip_messages: enabled
07:15:55,259 INFO  [ElasticLearner] LearnerRole:102 - Learner recovery: disabled
07:15:55,262 INFO  [ElasticLearner] LearnerRole:108 - Learner auto_trim: disabled
07:15:55,270 INFO  [main-EventThread] RingManager:133 - RingManager ring 2 changed: [5, 21, 25] (succsessor: 5 at /10.10.1.9:2420)
07:15:55,278 INFO  [main-EventThread] RingManager:133 - RingManager ring 2 changed: [5, 21, 24, 25] (succsessor: 5 at /10.10.1.9:2420)
07:15:55,284 INFO  [main] Replica:169 - Token [0], ringId [null], nodeId [25], snapshot_modulo [0], zoo_host [null], path [null], embebedLog [false], useDiskDb [true] with simple constructor
1671632155284, 0, 0
Reading from stdin
07:15:55,308 INFO  [main-EventThread] RingManager:133 - RingManager ring 2 changed: [5, 21, 22, 24, 25] (succsessor: 5 at /10.10.1.9:2420)
07:15:55,391 INFO  [main-EventThread] RingManager:133 - RingManager ring 2 changed: [5, 21, 22, 23, 24, 25] (succsessor: 5 at /10.10.1.9:2420)
1671632156285, 0, 0
1671632157285, 0, 0
1671632158286, 0, 0
1671632159286, 0, 0
1671632160287, 0, 0
1671632161287, 9068, 9068
1671632162288, 14776, 23844
1671632163288, 10166, 34010
1671632164289, 8002, 42012
1671632165290, 15068, 57080
1671632166290, 15266, 72346
1671632167291, 15002, 87348
1671632168291, 14571, 101919
1671632169291, 9177, 111096
1671632170292, 8312, 119408
1671632171293, 14393, 133801
1671632172293, 15727, 149528
1671632173294, 16926, 166454
1671632174294, 12890, 179344
1671632175295, 13856, 193200
1671632176295, 16050, 209250
1671632177296, 14620, 223870
1671632178296, 15163, 239033
1671632179296, 15706, 254739
1671632180297, 16263, 271002
1671632181297, 7073, 278075
1671632183215, 13182, 291257
1671632184216, 9901, 301158
1671632185216, 11996, 313154
1671632186217, 6987, 320141
1671632187708, 12977, 333118
1671632188708, 9859, 342977
1671632189708, 11982, 354959
1671632190708, 12369, 367328
1671632191709, 914, 368242
1671632192779, 9603, 377845
1671632193780, 0, 377845
1671632194780, 0, 377845
07:16:35,491 ERROR [main-EventThread] TopologyManager:465 - org.apache.zookeeper.KeeperException$ConnectionLossException: KeeperErrorCode = ConnectionLoss for /ringpaxos/topology2/nodes
07:16:35,595 ERROR [main-EventThread] RingManager:232 - org.apache.zookeeper.KeeperException$SessionExpiredException: KeeperErrorCode = Session expired for /ringpaxos/topology2/nodes
07:16:35,595 ERROR [main-EventThread] TopologyManager:465 - org.apache.zookeeper.KeeperException$SessionExpiredException: KeeperErrorCode = Session expired for /ringpaxos/topology2/learners
