14:27:43,589 INFO  [main] RawABListener:48 - Initing a RawABListener...
14:27:43,599 INFO  [main] Node:101 - PID: 28148
14:27:43,827 INFO  [main] NetworkManager:117 - NetworkManager tcp_nodelay: true
14:27:43,833 INFO  [main] NetworkManager:123 - NetworkManager tcp_crc: false
14:27:43,833 INFO  [main] NetworkManager:127 - NetworkManager buf_size: 2097152
14:27:43,855 INFO  [main] ElasticLearnerRole:93 - ElasticLearnerRole replication group 2
14:27:43,856 INFO  [main] ElasticLearnerRole:97 - ElasticLearnerRole initial ring 2
14:27:43,857 INFO  [main] ElasticLearnerRole:102 - ElasticLearnerRole deliver_skip_messages: enabled
14:27:43,862 INFO  [ElasticLearner] LearnerRole:102 - Learner recovery: disabled
14:27:43,864 INFO  [ElasticLearner] LearnerRole:108 - Learner auto_trim: disabled
14:27:43,870 INFO  [main-EventThread] RingManager:133 - RingManager ring 2 changed: [21, 22, 23, 24] (succsessor: 24 at /10.10.1.6:2567)
14:27:47,261 INFO  [main-EventThread] RingManager:133 - RingManager ring 2 changed: [5, 21, 22, 23, 24] (succsessor: 24 at /10.10.1.6:2567)
14:27:52,421 INFO  [main] Replica:172 - Token [0], ringId [null], nodeId [23], snapshot_modulo [0], zoo_host [null], path [null], embebedLog [false], useDiskDb [true] with simple constructor
1682713672444, 0, 0
Reading from stdin
1682713673445, 4969, 4969
1682713674445, 5135, 10104
1682713675446, 5439, 15543
1682713676446, 9971, 25514
1682713677447, 10375, 35889
1682713678447, 10060, 45949
1682713679448, 7594, 53543
1682713680448, 9112, 62655
1682713681448, 10613, 73268
1682713682449, 8227, 81495
1682713683449, 7521, 89016
1682713684450, 7318, 96334
1682713685450, 9654, 105988
1682713686451, 10425, 116413
1682713687451, 10624, 127037
1682713688452, 9334, 136371
1682713689453, 7532, 143903
1682713690453, 8401, 152304
1682713691454, 9573, 161877
1682713692454, 6710, 168587
1682713693455, 9627, 178214
1682713694455, 6596, 184810
1682713695456, 9346, 194156
1682713696457, 7595, 201751
1682713697457, 8370, 210121
1682713698458, 6553, 216674
1682713699458, 21, 216695
14:28:20,453 ERROR [TCPListener] SessionHandler:120 - Error in SessionHandler during reading!
java.nio.channels.ClosedSelectorException
	at java.base/sun.nio.ch.EPollSelectorImpl.ensureOpen(EPollSelectorImpl.java:98)
	at java.base/sun.nio.ch.EPollSelectorImpl.setEventOps(EPollSelectorImpl.java:243)
	at java.base/sun.nio.ch.SelectionKeyImpl.interestOps(SelectionKeyImpl.java:101)
	at ch.usi.da.paxos.ring.SessionHandler.handleReadable(SessionHandler.java:68)
	at ch.usi.da.paxos.ring.TCPListener.run(TCPListener.java:89)
	at java.base/java.lang.Thread.run(Thread.java:830)
1682713700458, 0, 216695
14:28:20,455 ERROR [main-EventThread] TopologyManager:387 - org.apache.zookeeper.KeeperException$NoNodeException: KeeperErrorCode = NoNode for /ringpaxos/topology2/nodes/24
14:28:20,460 INFO  [main-EventThread] RingManager:133 - RingManager ring 2 changed: [5, 21, 23, 24] (succsessor: 24 at null)
14:28:20,467 ERROR [main-EventThread] ClientCnxn:537 - Error while calling watcher 
java.lang.NullPointerException
	at java.base/sun.nio.ch.Net.checkAddress(Net.java:126)
	at java.base/sun.nio.ch.SocketChannelImpl.checkRemote(SocketChannelImpl.java:706)
	at java.base/sun.nio.ch.SocketChannelImpl.connect(SocketChannelImpl.java:720)
	at ch.usi.da.paxos.ring.NetworkManager.connectClient(NetworkManager.java:291)
	at ch.usi.da.paxos.ring.RingManager.notifyRingChanged(RingManager.java:136)
	at ch.usi.da.paxos.ring.RingManager.process(RingManager.java:210)
	at org.apache.zookeeper.ClientCnxn$EventThread.processEvent(ClientCnxn.java:535)
	at org.apache.zookeeper.ClientCnxn$EventThread.run(ClientCnxn.java:510)
14:28:20,566 ERROR [main-EventThread] TopologyManager:465 - org.apache.zookeeper.KeeperException$SessionExpiredException: KeeperErrorCode = Session expired for /ringpaxos/topology2/learners
14:28:20,567 ERROR [main-EventThread] TopologyManager:465 - org.apache.zookeeper.KeeperException$SessionExpiredException: KeeperErrorCode = Session expired for /ringpaxos/topology2/nodes
14:28:20,567 ERROR [main-EventThread] RingManager:232 - org.apache.zookeeper.KeeperException$SessionExpiredException: KeeperErrorCode = Session expired for /ringpaxos/topology2/nodes
