04:27:15,247 INFO  [main] RawABListener:48 - Initing a RawABListener...
04:27:15,258 INFO  [main] Node:101 - PID: 129263
04:27:15,481 INFO  [main] NetworkManager:117 - NetworkManager tcp_nodelay: true
04:27:15,486 INFO  [main] NetworkManager:123 - NetworkManager tcp_crc: false
04:27:15,487 INFO  [main] NetworkManager:127 - NetworkManager buf_size: 2097152
04:27:15,516 INFO  [main] ElasticLearnerRole:93 - ElasticLearnerRole replication group 1
04:27:15,517 INFO  [main] ElasticLearnerRole:97 - ElasticLearnerRole initial ring 1
04:27:15,518 INFO  [main] ElasticLearnerRole:102 - ElasticLearnerRole deliver_skip_messages: enabled
04:27:15,524 INFO  [ElasticLearner] LearnerRole:102 - Learner recovery: disabled
04:27:15,526 INFO  [ElasticLearner] LearnerRole:108 - Learner auto_trim: disabled
04:27:15,528 INFO  [main-EventThread] RingManager:133 - RingManager ring 1 changed: [1, 2, 13, 14] (succsessor: 14 at /10.10.1.6:2861)
04:27:15,551 INFO  [main] Replica:188 - Token [0], ringId [null], nodeId [13], snapshot_modulo [0], zoo_host [10.10.1.1], pathPrefix[/media/disk1/], path [/media/disk1/497c1947-3aba-4c6f-9b05-32d3eda9fab7], embebedLog [false], useDiskDb [true] with complex constructor
1710930435551, 0, 0
Reading from stdin
1710930436552, 0, 0
1710930437552, 0, 0
1710930438552, 0, 0
04:27:19,137 INFO  [main-EventThread] RingManager:133 - RingManager ring 1 changed: [1, 2, 4, 13, 14] (succsessor: 14 at /10.10.1.6:2861)
1710930439553, 0, 0
1710930440553, 5238, 5238
1710930441554, 49738, 54976
1710930442554, 53511, 108487
1710930443555, 49490, 157977
1710930444555, 49345, 207322
1710930445556, 46999, 254321
1710930446556, 55007, 309328
1710930447557, 49932, 359260
1710930448557, 44889, 404149
1710930449558, 47014, 451163
1710930450558, 60546, 511709
1710930451559, 54547, 566256
1710930452559, 53711, 619967
1710930453559, 48869, 668836
1710930454560, 54568, 723404
1710930455561, 66817, 790221
1710930456561, 58492, 848713
1710930457561, 62765, 911478
1710930458562, 41366, 952844
1710930459563, 31780, 984624
1710930460564, 59152, 1043776
1710930461565, 48770, 1092546
1710930462565, 34302, 1126848
1710930463566, 36919, 1163767
1710930464654, 31829, 1195596
1710930465654, 55622, 1251218
1710930466654, 59269, 1310487
1710930467655, 51629, 1362116
1710930468655, 51690, 1413806
1710930469663, 53421, 1467227
1710930470664, 20656, 1487883
1710930471664, 243, 1488126
1710930472665, 0, 1488126
1710930473665, 0, 1488126
1710930474666, 0, 1488126
1710930475666, 0, 1488126
1710930476667, 0, 1488126
1710930477667, 0, 1488126
1710930478668, 18, 1488144
04:27:59,388 ERROR [main-EventThread] TopologyManager:465 - org.apache.zookeeper.KeeperException$SessionExpiredException: KeeperErrorCode = Session expired for /ringpaxos/topology1/nodes
04:27:59,487 ERROR [main-EventThread] RingManager:232 - org.apache.zookeeper.KeeperException$SessionExpiredException: KeeperErrorCode = Session expired for /ringpaxos/topology1/nodes
04:27:59,487 ERROR [main-EventThread] TopologyManager:465 - org.apache.zookeeper.KeeperException$SessionExpiredException: KeeperErrorCode = Session expired for /ringpaxos/topology1/learners
1710930479668, 0, 1488144
1710930480668, 0, 1488144
1710930481669, 0, 1488144
