15:45:00,603 INFO  [main] RawABListener:48 - Initing a RawABListener...
15:45:00,613 INFO  [main] Node:101 - PID: 53648
15:45:00,837 INFO  [main] NetworkManager:117 - NetworkManager tcp_nodelay: true
15:45:00,841 INFO  [main] NetworkManager:123 - NetworkManager tcp_crc: false
15:45:00,842 INFO  [main] NetworkManager:127 - NetworkManager buf_size: 2097152
15:45:00,859 INFO  [main] ElasticLearnerRole:93 - ElasticLearnerRole replication group 1
15:45:00,859 INFO  [main] ElasticLearnerRole:97 - ElasticLearnerRole initial ring 1
15:45:00,861 INFO  [main] ElasticLearnerRole:102 - ElasticLearnerRole deliver_skip_messages: enabled
15:45:00,870 INFO  [ElasticLearner] LearnerRole:102 - Learner recovery: disabled
15:45:00,872 INFO  [ElasticLearner] LearnerRole:108 - Learner auto_trim: disabled
15:45:00,882 INFO  [main-EventThread] RingManager:133 - RingManager ring 1 changed: [1, 2, 13] (succsessor: 1 at /10.10.1.2:2058)
15:45:00,888 INFO  [main-EventThread] RingManager:133 - RingManager ring 1 changed: [1, 2, 13, 14, 15] (succsessor: 14 at /10.10.1.5:2173)
15:45:00,894 INFO  [main] Replica:169 - Token [0], ringId [null], nodeId [13], snapshot_modulo [0], zoo_host [null], path [null], embebedLog [true], useDiskDb [true] with simple constructor
1670712300895, 0, 0
Reading from stdin
1670712301895, 0, 0
1670712302895, 0, 0
1670712303896, 0, 0
1670712304896, 0, 0
1670712305897, 211, 211
1670712306897, 1979, 2190
1670712307898, 1936, 4126
1670712308898, 1979, 6105
1670712309898, 2000, 8105
1670712310899, 2009, 10114
1670712311899, 1974, 12088
1670712312900, 1968, 14056
1670712313901, 1982, 16038
1670712314901, 1997, 18035
1670712315901, 1996, 20031
1670712316902, 1978, 22009
1670712317902, 1975, 23984
1670712318902, 1919, 25903
1670712319903, 1993, 27896
1670712320904, 1985, 29881
1670712321904, 1988, 31869
1670712322904, 1987, 33856
1670712323905, 1957, 35813
1670712324905, 1964, 37777
1670712325905, 1928, 39705
1670712326906, 1997, 41702
1670712327906, 1974, 43676
1670712328909, 1976, 45652
1670712329909, 1962, 47614
1670712330910, 1968, 49582
1670712331910, 2011, 51593
1670712332910, 1985, 53578
1670712333911, 1883, 55461
1670712334911, 1991, 57452
1670712335911, 1957, 59409
1670712336912, 1987, 61396
1670712337912, 1928, 63324
1670712338912, 1989, 65313
1670712339913, 2003, 67316
1670712340913, 1965, 69281
1670712341914, 1991, 71272
1670712342914, 1969, 73241
1670712343915, 2022, 75263
1670712344915, 1967, 77230
1670712345916, 2001, 79231
1670712346917, 2012, 81243
1670712347917, 1962, 83205
1670712348917, 1976, 85181
1670712349918, 2009, 87190
1670712350919, 2004, 89194
1670712351919, 1948, 91142
1670712352920, 1990, 93132
1670712353920, 2024, 95156
1670712354920, 1983, 97139
1670712355921, 1955, 99094
1670712356922, 1953, 101047
1670712357922, 2011, 103058
1670712358922, 1968, 105026
1670712359923, 1976, 107002
1670712360923, 2006, 109008
1670712361923, 1948, 110956
1670712362924, 1991, 112947
1670712363924, 1951, 114898
1670712364924, 1988, 116886
1670712365925, 1987, 118873
1670712366925, 2020, 120893
1670712367925, 1978, 122871
1670712368926, 1992, 124863
1670712369926, 1973, 126836
1670712370926, 1996, 128832
1670712371927, 1983, 130815
1670712372927, 1997, 132812
1670712373927, 2015, 134827
1670712374928, 1931, 136758
1670712375928, 1946, 138704
1670712376928, 2010, 140714
1670712377930, 2028, 142742
1670712378931, 1960, 144702
1670712379931, 2056, 146758
1670712380931, 1963, 148721
1670712381932, 1364, 150085
1670712382975, 2659, 152744
1670712383975, 1990, 154734
1670712384976, 1962, 156696
1670712385976, 2018, 158714
1670712386976, 1294, 160008
1670712387977, 2671, 162679
1670712388978, 2005, 164684
1670712389978, 2005, 166689
1670712390978, 2005, 168694
1670712391979, 1291, 169985
1670712393005, 2684, 172669
1670712394005, 1992, 174661
1670712395005, 1963, 176624
1670712396006, 59, 176683
