08:10:38,407 INFO  [main] RawABListener:48 - Initing a RawABListener...
08:10:38,417 INFO  [main] Node:101 - PID: 100199
08:10:38,631 INFO  [main] NetworkManager:117 - NetworkManager tcp_nodelay: true
08:10:38,636 INFO  [main] NetworkManager:123 - NetworkManager tcp_crc: false
08:10:38,637 INFO  [main] NetworkManager:127 - NetworkManager buf_size: 2097152
08:10:38,663 INFO  [main] ElasticLearnerRole:93 - ElasticLearnerRole replication group 3
08:10:38,664 INFO  [main] ElasticLearnerRole:97 - ElasticLearnerRole initial ring 3
08:10:38,665 INFO  [main] ElasticLearnerRole:102 - ElasticLearnerRole deliver_skip_messages: enabled
08:10:38,671 INFO  [ElasticLearner] LearnerRole:102 - Learner recovery: disabled
08:10:38,674 INFO  [ElasticLearner] LearnerRole:108 - Learner auto_trim: disabled
08:10:38,678 INFO  [main-EventThread] RingManager:133 - RingManager ring 3 changed: [31, 32, 34] (succsessor: 31 at /155.98.36.29:2155)
08:10:38,700 INFO  [main] Replica:188 - Token [0], ringId [null], nodeId [34], snapshot_modulo [0], zoo_host [10.10.1.1], pathPrefix[/media/disk5/], path [/media/disk5/006fa407-36f0-4f39-b18d-a650d9ff04df], embebedLog [false], useDiskDb [false] with complex constructor
1710339038700, 0, 0
Reading from stdin
08:10:38,918 INFO  [main-EventThread] RingManager:133 - RingManager ring 3 changed: [31, 32, 33, 34] (succsessor: 31 at /155.98.36.29:2155)
1710339039701, 0, 0
1710339040701, 0, 0
1710339041702, 0, 0
1710339042702, 0, 0
1710339043703, 0, 0
1710339044704, 29232, 29232
1710339045704, 36918, 66150
1710339046705, 48277, 114427
1710339047706, 58074, 172501
1710339048706, 38271, 210772
1710339049708, 30993, 241765
1710339050709, 37425, 279190
1710339051711, 33299, 312489
1710339052711, 37230, 349719
1710339053712, 36646, 386365
1710339054713, 49351, 435716
1710339055713, 43915, 479631
1710339056714, 36262, 515893
1710339057715, 36703, 552596
1710339058716, 39807, 592403
1710339059717, 37162, 629565
1710339060717, 36896, 666461
1710339061718, 44454, 710915
1710339062719, 36020, 746935
1710339063719, 29761, 776696
1710339064720, 35024, 811720
1710339065721, 31450, 843170
1710339066721, 34107, 877277
1710339067722, 35063, 912340
1710339068723, 35558, 947898
1710339069724, 32715, 980613
1710339070725, 40077, 1020690
1710339071725, 36450, 1057140
1710339072726, 36900, 1094040
1710339073726, 36818, 1130858
1710339074727, 37941, 1168799
1710339075727, 12770, 1181569
1710339076728, 0, 1181569
1710339077728, 0, 1181569
1710339078729, 0, 1181569
1710339079729, 0, 1181569
1710339080729, 18, 1181587
1710339081730, 0, 1181587
1710339082730, 0, 1181587
1710339083730, 744, 1182331
1710339084731, 0, 1182331
08:11:25,065 ERROR [main-EventThread] RingManager:232 - org.apache.zookeeper.KeeperException$SessionExpiredException: KeeperErrorCode = Session expired for /ringpaxos/topology3/nodes
08:11:25,163 ERROR [main-EventThread] TopologyManager:465 - org.apache.zookeeper.KeeperException$SessionExpiredException: KeeperErrorCode = Session expired for /ringpaxos/topology3/learners
08:11:25,164 ERROR [main-EventThread] TopologyManager:465 - org.apache.zookeeper.KeeperException$SessionExpiredException: KeeperErrorCode = Session expired for /ringpaxos/topology3/nodes
08:11:25,171 ERROR [main-EventThread] RingManager:232 - org.apache.zookeeper.KeeperException$SessionExpiredException: KeeperErrorCode = Session expired for /ringpaxos/topology3/nodes
1710339085731, 0, 1182331
