17:37:55,714 INFO  [main] RawABListener:48 - Initing a RawABListener...
17:37:55,722 INFO  [main] Node:101 - PID: 5825
17:37:55,918 INFO  [main] NetworkManager:117 - NetworkManager tcp_nodelay: true
17:37:55,922 INFO  [main] NetworkManager:123 - NetworkManager tcp_crc: false
17:37:55,923 INFO  [main] NetworkManager:127 - NetworkManager buf_size: 2097152
17:37:55,941 INFO  [main] ElasticLearnerRole:93 - ElasticLearnerRole replication group 2
17:37:55,941 INFO  [main] ElasticLearnerRole:97 - ElasticLearnerRole initial ring 2
17:37:55,942 INFO  [main] ElasticLearnerRole:102 - ElasticLearnerRole deliver_skip_messages: enabled
17:37:55,948 INFO  [ElasticLearner] LearnerRole:102 - Learner recovery: disabled
17:37:55,956 INFO  [ElasticLearner] LearnerRole:108 - Learner auto_trim: disabled
17:37:55,965 INFO  [main-EventThread] RingManager:133 - RingManager ring 2 changed: [5, 21, 22, 23, 24, 25] (succsessor: 24 at /10.10.1.10:2990)
17:37:56,017 INFO  [main] Replica:169 - Token [0], ringId [null], nodeId [23], snapshot_modulo [0], zoo_host [null], path [null], embebedLog [false], useDiskDb [true] with simple constructor
1671583076018, 0, 0
Reading from stdin
1671583077019, 0, 0
1671583078019, 0, 0
1671583079019, 0, 0
1671583080020, 0, 0
1671583081020, 485, 485
1671583082021, 15806, 16291
1671583083021, 16280, 32571
1671583084022, 10325, 42896
1671583085022, 12846, 55742
1671583086023, 17540, 73282
1671583087023, 17156, 90438
1671583088024, 12751, 103189
1671583089024, 10896, 114085
1671583090024, 10612, 124697
1671583091025, 15632, 140329
1671583092025, 15107, 155436
1671583093026, 11224, 166660
1671583094026, 11198, 177858
1671583095026, 16180, 194038
1671583096027, 14854, 208892
1671583097027, 12613, 221505
1671583098027, 12796, 234301
1671583099028, 11461, 245762
1671583100028, 14403, 260165
1671583101029, 14307, 274472
1671583103253, 11503, 285975
1671583104253, 14825, 300800
1671583105253, 11819, 312619
1671583106254, 8349, 320968
1671583107882, 12190, 333158
1671583108882, 13358, 346516
1671583109883, 16511, 363027
1671583110883, 7474, 370501
1671583112291, 1340, 371841
1671583113291, 0, 371841
17:38:33,930 ERROR [main-EventThread] TopologyManager:465 - org.apache.zookeeper.KeeperException$ConnectionLossException: KeeperErrorCode = ConnectionLoss for /ringpaxos/topology2/nodes
17:38:33,931 ERROR [main-EventThread] RingManager:232 - org.apache.zookeeper.KeeperException$SessionExpiredException: KeeperErrorCode = Session expired for /ringpaxos/topology2/nodes
17:38:34,032 ERROR [main-EventThread] TopologyManager:465 - org.apache.zookeeper.KeeperException$SessionExpiredException: KeeperErrorCode = Session expired for /ringpaxos/topology2/learners
