08:13:15,071 INFO  [main] RawABListener:48 - Initing a RawABListener...
08:13:15,084 INFO  [main] Node:101 - PID: 55675
08:13:15,302 INFO  [main] NetworkManager:117 - NetworkManager tcp_nodelay: true
08:13:15,308 INFO  [main] NetworkManager:123 - NetworkManager tcp_crc: false
08:13:15,309 INFO  [main] NetworkManager:127 - NetworkManager buf_size: 2097152
08:13:15,335 INFO  [main] ElasticLearnerRole:93 - ElasticLearnerRole replication group 1
08:13:15,336 INFO  [main] ElasticLearnerRole:97 - ElasticLearnerRole initial ring 1
08:13:15,337 INFO  [main] ElasticLearnerRole:102 - ElasticLearnerRole deliver_skip_messages: enabled
08:13:15,341 INFO  [ElasticLearner] LearnerRole:102 - Learner recovery: disabled
08:13:15,343 INFO  [ElasticLearner] LearnerRole:108 - Learner auto_trim: disabled
08:13:15,348 INFO  [main-EventThread] RingManager:133 - RingManager ring 1 changed: [1, 2, 13] (succsessor: 1 at /10.10.1.3:2894)
08:13:15,355 INFO  [main-EventThread] RingManager:133 - RingManager ring 1 changed: [1, 2, 13, 14] (succsessor: 14 at /10.10.1.6:2620)
08:13:15,378 INFO  [main] Replica:172 - Token [0], ringId [null], nodeId [13], snapshot_modulo [0], zoo_host [null], path [null], embebedLog [false], useDiskDb [false] with simple constructor
1681999995379, 0, 0
Reading from stdin
1681999996379, 0, 0
1681999997379, 0, 0
1681999998380, 0, 0
08:13:19,006 INFO  [main-EventThread] RingManager:133 - RingManager ring 1 changed: [1, 2, 4, 13, 14] (succsessor: 14 at /10.10.1.6:2620)
1681999999380, 0, 0
1682000000380, 0, 0
1682000001381, 14248, 14248
1682000002381, 15804, 30052
1682000003382, 15824, 45876
1682000004383, 13765, 59641
1682000005383, 13713, 73354
1682000006384, 10963, 84317
1682000007385, 11330, 95647
1682000008385, 10691, 106338
1682000009386, 10204, 116542
1682000010386, 10264, 126806
1682000011387, 11354, 138160
1682000012387, 11887, 150047
1682000013387, 11372, 161419
1682000014388, 11656, 173075
1682000015388, 13339, 186414
1682000016389, 14462, 200876
1682000017389, 16305, 217181
1682000018390, 16148, 233329
1682000019390, 16371, 249700
1682000020391, 9899, 259599
1682000021391, 15978, 275577
1682000022391, 8147, 283724
1682000023391, 13767, 297491
1682000024392, 15192, 312683
1682000025393, 15799, 328482
1682000026393, 15423, 343905
1682000027394, 14837, 358742
1682000028394, 16270, 375012
1682000029394, 15580, 390592
1682000030395, 10513, 401105
1682000031395, 0, 401105
08:13:51,614 ERROR [main-EventThread] TopologyManager:465 - org.apache.zookeeper.KeeperException$SessionExpiredException: KeeperErrorCode = Session expired for /ringpaxos/topology1/learners
08:13:51,714 ERROR [main-EventThread] TopologyManager:465 - org.apache.zookeeper.KeeperException$SessionExpiredException: KeeperErrorCode = Session expired for /ringpaxos/topology1/nodes
08:13:51,722 ERROR [main-EventThread] RingManager:232 - org.apache.zookeeper.KeeperException$SessionExpiredException: KeeperErrorCode = Session expired for /ringpaxos/topology1/nodes
