20:20:59,857 INFO  [main] RawABListener:48 - Initing a RawABListener...
20:20:59,868 INFO  [main] Node:101 - PID: 52082
20:21:00,093 INFO  [main] NetworkManager:117 - NetworkManager tcp_nodelay: true
20:21:00,098 INFO  [main] NetworkManager:123 - NetworkManager tcp_crc: false
20:21:00,099 INFO  [main] NetworkManager:127 - NetworkManager buf_size: 2097152
20:21:00,120 INFO  [main] ElasticLearnerRole:93 - ElasticLearnerRole replication group 1
20:21:00,121 INFO  [main] ElasticLearnerRole:97 - ElasticLearnerRole initial ring 1
20:21:00,123 INFO  [main] ElasticLearnerRole:102 - ElasticLearnerRole deliver_skip_messages: enabled
20:21:00,132 INFO  [ElasticLearner] LearnerRole:102 - Learner recovery: disabled
20:21:00,134 INFO  [ElasticLearner] LearnerRole:108 - Learner auto_trim: disabled
20:21:00,143 INFO  [main-EventThread] RingManager:133 - RingManager ring 1 changed: [1, 14] (succsessor: 1 at /10.10.1.3:2161)
20:21:00,150 INFO  [main-EventThread] RingManager:133 - RingManager ring 1 changed: [1, 2, 13, 14] (succsessor: 1 at /10.10.1.3:2161)
20:21:00,169 INFO  [main] Replica:172 - Token [0], ringId [null], nodeId [14], snapshot_modulo [0], zoo_host [null], path [null], embebedLog [false], useDiskDb [false] with simple constructor
1681611660170, 0, 0
Reading from stdin
1681611661170, 0, 0
1681611662171, 0, 0
1681611663171, 0, 0
20:21:03,927 INFO  [main-EventThread] RingManager:133 - RingManager ring 1 changed: [1, 2, 4, 13, 14] (succsessor: 1 at /10.10.1.3:2161)
1681611664172, 0, 0
20:21:05,153 INFO  [main-EventThread] RingManager:133 - RingManager ring 1 changed: [1, 2, 4, 5, 13, 14] (succsessor: 1 at /10.10.1.3:2161)
1681611665173, 110, 110
20:21:05,204 ERROR [TCPListener] LearnerRole:219 - Learner received decision without value! [Decision from:2 to:Learner instance:91 ballot:11 v_ballot:0 value:<none> (140184185729691)]
20:21:06,150 WARN  [Learner-1] LearnerRole:133 - Learner re-request missing instance 91
1681611666173, 16, 126
1681611667173, 449, 575
1681611668174, 452, 1027
1681611669174, 478, 1505
1681611670175, 458, 1963
1681611671175, 449, 2412
1681611672176, 456, 2868
1681611673176, 455, 3323
1681611674177, 474, 3797
1681611675177, 498, 4295
1681611676178, 494, 4789
1681611677178, 527, 5316
1681611678178, 503, 5819
1681611679179, 467, 6286
1681611680179, 515, 6801
1681611681180, 515, 7316
1681611682180, 491, 7807
1681611683181, 479, 8286
1681611684181, 512, 8798
1681611685182, 498, 9296
1681611686182, 501, 9797
1681611687183, 506, 10303
1681611688183, 501, 10804
1681611689183, 487, 11291
1681611690184, 497, 11788
1681611691184, 500, 12288
1681611692185, 503, 12791
1681611693185, 496, 13287
1681611694186, 422, 13709
1681611695186, 0, 13709
20:21:35,520 ERROR [main-EventThread] TopologyManager:387 - org.apache.zookeeper.KeeperException$SessionExpiredException: KeeperErrorCode = Session expired for /ringpaxos/topology1/nodes/1
20:21:35,521 INFO  [main-EventThread] RingManager:133 - RingManager ring 1 changed: [1, 4, 5, 14] (succsessor: 1 at null)
20:21:35,522 ERROR [main-EventThread] ClientCnxn:537 - Error while calling watcher 
java.lang.NullPointerException
	at java.base/sun.nio.ch.Net.checkAddress(Net.java:126)
	at java.base/sun.nio.ch.SocketChannelImpl.checkRemote(SocketChannelImpl.java:706)
	at java.base/sun.nio.ch.SocketChannelImpl.connect(SocketChannelImpl.java:720)
	at ch.usi.da.paxos.ring.NetworkManager.connectClient(NetworkManager.java:291)
	at ch.usi.da.paxos.ring.RingManager.notifyRingChanged(RingManager.java:136)
	at ch.usi.da.paxos.ring.RingManager.process(RingManager.java:210)
	at org.apache.zookeeper.ClientCnxn$EventThread.processEvent(ClientCnxn.java:535)
	at org.apache.zookeeper.ClientCnxn$EventThread.run(ClientCnxn.java:510)
20:21:35,619 ERROR [main-EventThread] TopologyManager:465 - org.apache.zookeeper.KeeperException$SessionExpiredException: KeeperErrorCode = Session expired for /ringpaxos/topology1/learners
20:21:35,620 ERROR [main-EventThread] TopologyManager:465 - org.apache.zookeeper.KeeperException$SessionExpiredException: KeeperErrorCode = Session expired for /ringpaxos/topology1/nodes
20:21:35,620 ERROR [main-EventThread] RingManager:232 - org.apache.zookeeper.KeeperException$SessionExpiredException: KeeperErrorCode = Session expired for /ringpaxos/topology1/nodes
20:21:35,621 ERROR [main-EventThread] TopologyManager:465 - org.apache.zookeeper.KeeperException$SessionExpiredException: KeeperErrorCode = Session expired for /ringpaxos/topology1/nodes
20:21:35,621 ERROR [main-EventThread] RingManager:232 - org.apache.zookeeper.KeeperException$SessionExpiredException: KeeperErrorCode = Session expired for /ringpaxos/topology1/nodes
