18:52:03,162 INFO  [main] RawABListener:48 - Initing a RawABListener...
18:52:03,179 INFO  [main] Node:101 - PID: 26341
18:52:03,387 INFO  [main] NetworkManager:117 - NetworkManager tcp_nodelay: true
18:52:03,391 INFO  [main] NetworkManager:123 - NetworkManager tcp_crc: false
18:52:03,392 INFO  [main] NetworkManager:127 - NetworkManager buf_size: 2097152
18:52:03,411 INFO  [main] ElasticLearnerRole:93 - ElasticLearnerRole replication group 1
18:52:03,413 INFO  [main] ElasticLearnerRole:97 - ElasticLearnerRole initial ring 1
18:52:03,413 INFO  [main] ElasticLearnerRole:102 - ElasticLearnerRole deliver_skip_messages: enabled
18:52:03,419 INFO  [ElasticLearner] LearnerRole:102 - Learner recovery: disabled
18:52:03,422 INFO  [ElasticLearner] LearnerRole:108 - Learner auto_trim: disabled
18:52:03,428 INFO  [main-EventThread] RingManager:133 - RingManager ring 1 changed: [1, 2, 14] (succsessor: 1 at /10.10.1.3:2016)
18:52:03,435 INFO  [main-EventThread] RingManager:133 - RingManager ring 1 changed: [1, 2, 14] (succsessor: 1 at /10.10.1.3:2016)
18:52:03,453 INFO  [main] Replica:172 - Token [0], ringId [null], nodeId [14], snapshot_modulo [0], zoo_host [null], path [null], embebedLog [false], useDiskDb [false] with simple constructor
1681606323454, 0, 0
Reading from stdin
18:52:03,561 INFO  [main-EventThread] RingManager:133 - RingManager ring 1 changed: [1, 2, 13, 14] (succsessor: 1 at /10.10.1.3:2016)
1681606324455, 0, 0
1681606325455, 0, 0
1681606326456, 0, 0
18:52:07,079 INFO  [main-EventThread] RingManager:133 - RingManager ring 1 changed: [1, 2, 4, 13, 14] (succsessor: 1 at /10.10.1.3:2016)
1681606327456, 0, 0
18:52:08,316 INFO  [main-EventThread] RingManager:133 - RingManager ring 1 changed: [1, 2, 4, 5, 13, 14] (succsessor: 1 at /10.10.1.3:2016)
18:52:08,368 ERROR [TCPListener] LearnerRole:219 - Learner received decision without value! [Decision from:2 to:Learner instance:1 ballot:11 v_ballot:0 value:<none> (86815902041181)]
18:52:08,434 WARN  [Learner-1] LearnerRole:133 - Learner re-request missing instance 1
1681606328457, 0, 0
1681606329457, 413, 413
1681606330458, 455, 868
1681606331458, 467, 1335
1681606332459, 463, 1798
1681606333459, 462, 2260
1681606334460, 472, 2732
1681606335460, 468, 3200
1681606336460, 487, 3687
1681606337461, 476, 4163
1681606338461, 478, 4641
1681606339462, 506, 5147
1681606340462, 494, 5641
1681606341462, 514, 6155
1681606342463, 495, 6650
1681606343463, 514, 7164
1681606344464, 518, 7682
1681606345464, 489, 8171
1681606346507, 502, 8673
1681606347507, 513, 9186
1681606348508, 507, 9693
1681606349509, 488, 10181
1681606350509, 492, 10673
1681606351510, 501, 11174
1681606352510, 516, 11690
1681606353510, 494, 12184
1681606354511, 513, 12697
1681606355511, 497, 13194
1681606356512, 515, 13709
1681606357512, 531, 14240
1681606358512, 262, 14502
1681606359513, 0, 14502
18:52:39,531 ERROR [main-EventThread] TopologyManager:387 - org.apache.zookeeper.KeeperException$SessionExpiredException: KeeperErrorCode = Session expired for /ringpaxos/topology1/nodes/1
18:52:39,533 INFO  [main-EventThread] RingManager:133 - RingManager ring 1 changed: [1, 4, 5, 14] (succsessor: 1 at null)
18:52:39,535 ERROR [main-EventThread] ClientCnxn:537 - Error while calling watcher 
java.lang.NullPointerException
	at java.base/sun.nio.ch.Net.checkAddress(Net.java:126)
	at java.base/sun.nio.ch.SocketChannelImpl.checkRemote(SocketChannelImpl.java:706)
	at java.base/sun.nio.ch.SocketChannelImpl.connect(SocketChannelImpl.java:720)
	at ch.usi.da.paxos.ring.NetworkManager.connectClient(NetworkManager.java:291)
	at ch.usi.da.paxos.ring.RingManager.notifyRingChanged(RingManager.java:136)
	at ch.usi.da.paxos.ring.RingManager.process(RingManager.java:210)
	at org.apache.zookeeper.ClientCnxn$EventThread.processEvent(ClientCnxn.java:535)
	at org.apache.zookeeper.ClientCnxn$EventThread.run(ClientCnxn.java:510)
18:52:39,633 ERROR [main-EventThread] TopologyManager:465 - org.apache.zookeeper.KeeperException$SessionExpiredException: KeeperErrorCode = Session expired for /ringpaxos/topology1/learners
18:52:39,634 ERROR [main-EventThread] TopologyManager:465 - org.apache.zookeeper.KeeperException$SessionExpiredException: KeeperErrorCode = Session expired for /ringpaxos/topology1/nodes
18:52:39,634 ERROR [main-EventThread] RingManager:232 - org.apache.zookeeper.KeeperException$SessionExpiredException: KeeperErrorCode = Session expired for /ringpaxos/topology1/nodes
18:52:39,635 ERROR [main-EventThread] TopologyManager:465 - org.apache.zookeeper.KeeperException$SessionExpiredException: KeeperErrorCode = Session expired for /ringpaxos/topology1/nodes
18:52:39,635 ERROR [main-EventThread] RingManager:232 - org.apache.zookeeper.KeeperException$SessionExpiredException: KeeperErrorCode = Session expired for /ringpaxos/topology1/nodes
