08:48:06,527 INFO  [main] RawABListener:48 - Initing a RawABListener...
08:48:06,542 INFO  [main] Node:101 - PID: 27255
08:48:06,771 INFO  [main] NetworkManager:117 - NetworkManager tcp_nodelay: true
08:48:06,774 INFO  [main] NetworkManager:123 - NetworkManager tcp_crc: false
08:48:06,775 INFO  [main] NetworkManager:127 - NetworkManager buf_size: 2097152
08:48:06,799 INFO  [main] ElasticLearnerRole:93 - ElasticLearnerRole replication group 2
08:48:06,799 INFO  [main] ElasticLearnerRole:97 - ElasticLearnerRole initial ring 2
08:48:06,800 INFO  [main] ElasticLearnerRole:102 - ElasticLearnerRole deliver_skip_messages: enabled
08:48:06,804 INFO  [ElasticLearner] LearnerRole:102 - Learner recovery: disabled
08:48:06,806 INFO  [ElasticLearner] LearnerRole:108 - Learner auto_trim: disabled
08:48:06,811 INFO  [main-EventThread] RingManager:133 - RingManager ring 2 changed: [5, 21, 22, 23, 24, 25] (succsessor: 5 at /10.10.1.9:2985)
08:48:06,829 INFO  [main] Replica:169 - Token [0], ringId [null], nodeId [25], snapshot_modulo [0], zoo_host [null], path [null], embebedLog [false], useDiskDb [true] with simple constructor
1671637686829, 0, 0
Reading from stdin
1671637687830, 0, 0
1671637688830, 0, 0
1671637689831, 0, 0
1671637690831, 0, 0
1671637691831, 387, 387
1671637692832, 14450, 14837
1671637693832, 16717, 31554
1671637694833, 13934, 45488
1671637695833, 14625, 60113
1671637696835, 158, 60271
1671637697975, 14803, 75074
1671637698975, 17430, 92504
1671637699976, 17020, 109524
1671637700976, 6889, 116413
1671637702916, 10733, 127146
1671637703916, 14390, 141536
1671637704917, 14954, 156490
1671637705917, 15810, 172300
1671637706918, 12709, 185009
1671637707918, 14232, 199241
1671637708918, 14413, 213654
1671637709919, 12448, 226102
1671637710919, 12716, 238818
1671637711920, 13591, 252409
1671637712920, 15119, 267528
1671637713921, 9282, 276810
1671637714921, 13769, 290579
1671637715921, 10560, 301139
1671637717902, 13392, 314531
1671637718903, 13289, 327820
1671637719903, 13169, 340989
1671637720903, 9690, 350679
1671637722569, 4232, 354911
1671637723569, 2, 354913
1671637724569, 0, 354913
1671637725569, 0, 354913
1671637726570, 0, 354913
1671637727571, 0, 354913
1671637728572, 0, 354913
1671637729572, 0, 354913
1671637730572, 0, 354913
1671637731572, 0, 354913
1671637732573, 62, 354975
1671637733573, 0, 354975
1671637734573, 0, 354975
1671637735573, 0, 354975
1671637736574, 0, 354975
1671637737574, 0, 354975
1671637738574, 0, 354975
1671637739574, 0, 354975
1671637740575, 0, 354975
1671637741575, 0, 354975
1671637742575, 0, 354975
1671637743575, 0, 354975
1671637744576, 0, 354975
1671637745576, 0, 354975
1671637746576, 0, 354975
1671637747576, 0, 354975
1671637748577, 0, 354975
1671637749577, 0, 354975
1671637750577, 0, 354975
1671637751577, 0, 354975
1671637752578, 0, 354975
1671637753578, 0, 354975
1671637754578, 0, 354975
1671637755579, 0, 354975
1671637756579, 0, 354975
1671637757579, 0, 354975
1671637758579, 0, 354975
1671637759579, 0, 354975
1671637760580, 0, 354975
1671637761580, 0, 354975
08:49:21,788 ERROR [main-EventThread] TopologyManager:465 - org.apache.zookeeper.KeeperException$SessionExpiredException: KeeperErrorCode = Session expired for /ringpaxos/topology2/nodes
08:49:21,887 ERROR [main-EventThread] RingManager:232 - org.apache.zookeeper.KeeperException$SessionExpiredException: KeeperErrorCode = Session expired for /ringpaxos/topology2/nodes
08:49:21,887 ERROR [main-EventThread] TopologyManager:465 - org.apache.zookeeper.KeeperException$SessionExpiredException: KeeperErrorCode = Session expired for /ringpaxos/topology2/learners
