08:48:06,408 INFO  [main] RawABListener:48 - Initing a RawABListener...
08:48:06,417 INFO  [main] Node:101 - PID: 27715
08:48:06,586 INFO  [main] NetworkManager:117 - NetworkManager tcp_nodelay: true
08:48:06,590 INFO  [main] NetworkManager:123 - NetworkManager tcp_crc: false
08:48:06,590 INFO  [main] NetworkManager:127 - NetworkManager buf_size: 2097152
08:48:06,608 INFO  [main] ElasticLearnerRole:93 - ElasticLearnerRole replication group 1
08:48:06,608 INFO  [main] ElasticLearnerRole:97 - ElasticLearnerRole initial ring 1
08:48:06,609 INFO  [main] ElasticLearnerRole:102 - ElasticLearnerRole deliver_skip_messages: enabled
08:48:06,614 INFO  [ElasticLearner] LearnerRole:102 - Learner recovery: disabled
08:48:06,616 INFO  [ElasticLearner] LearnerRole:108 - Learner auto_trim: disabled
08:48:06,622 INFO  [main-EventThread] RingManager:133 - RingManager ring 1 changed: [1, 2, 4, 13, 14, 15] (succsessor: 15 at /10.10.1.6:2174)
08:48:06,637 INFO  [main] Replica:169 - Token [0], ringId [null], nodeId [14], snapshot_modulo [0], zoo_host [null], path [null], embebedLog [false], useDiskDb [true] with simple constructor
1671637686637, 0, 0
Reading from stdin
1671637687637, 0, 0
1671637688638, 0, 0
1671637689638, 0, 0
1671637690639, 0, 0
1671637691639, 0, 0
1671637692639, 13589, 13589
1671637693640, 18878, 32467
1671637694640, 15006, 47473
1671637695641, 9758, 57231
1671637696642, 9807, 67038
1671637697643, 15695, 82733
1671637698643, 14446, 97179
1671637699644, 16937, 114116
1671637700644, 14709, 128825
1671637701644, 12758, 141583
1671637702645, 14014, 155597
1671637703646, 16412, 172009
1671637704646, 15592, 187601
1671637705647, 13185, 200786
1671637706647, 12462, 213248
1671637707648, 9916, 223164
1671637708648, 11342, 234506
1671637709656, 14250, 248756
1671637710657, 14291, 263047
1671637711657, 8007, 271054
1671637713554, 11989, 283043
1671637714555, 15916, 298959
1671637715555, 16318, 315277
1671637716555, 9733, 325010
1671637718456, 15551, 340561
1671637719456, 16150, 356711
1671637720456, 14333, 371044
1671637721457, 1993, 373037
1671637722732, 5440, 378477
1671637723732, 0, 378477
1671637724732, 0, 378477
1671637725733, 0, 378477
1671637726733, 0, 378477
1671637727733, 0, 378477
1671637728733, 0, 378477
1671637729734, 0, 378477
1671637730734, 0, 378477
1671637731734, 0, 378477
1671637732734, 0, 378477
1671637733735, 0, 378477
1671637734735, 0, 378477
1671637735735, 0, 378477
1671637736735, 0, 378477
1671637737736, 0, 378477
1671637738736, 0, 378477
1671637739736, 0, 378477
1671637740736, 0, 378477
1671637741737, 0, 378477
1671637742737, 0, 378477
1671637743737, 0, 378477
1671637744737, 0, 378477
1671637745738, 0, 378477
1671637746738, 0, 378477
1671637747738, 0, 378477
1671637748738, 0, 378477
1671637749739, 0, 378477
1671637750739, 0, 378477
1671637751739, 0, 378477
1671637752739, 0, 378477
1671637753740, 0, 378477
1671637754740, 0, 378477
1671637755740, 0, 378477
1671637756740, 0, 378477
1671637757741, 0, 378477
1671637758741, 0, 378477
1671637759741, 0, 378477
1671637760741, 0, 378477
1671637761742, 0, 378477
08:49:21,786 ERROR [main-EventThread] TopologyManager:465 - org.apache.zookeeper.KeeperException$ConnectionLossException: KeeperErrorCode = ConnectionLoss for /ringpaxos/topology1/nodes
08:49:21,888 ERROR [main-EventThread] RingManager:232 - org.apache.zookeeper.KeeperException$SessionExpiredException: KeeperErrorCode = Session expired for /ringpaxos/topology1/nodes
08:49:21,888 ERROR [main-EventThread] TopologyManager:465 - org.apache.zookeeper.KeeperException$SessionExpiredException: KeeperErrorCode = Session expired for /ringpaxos/topology1/learners
