08:48:06,383 INFO  [main] RawABListener:48 - Initing a RawABListener...
08:48:06,390 INFO  [main] Node:101 - PID: 35733
08:48:06,565 INFO  [main] NetworkManager:117 - NetworkManager tcp_nodelay: true
08:48:06,570 INFO  [main] NetworkManager:123 - NetworkManager tcp_crc: false
08:48:06,571 INFO  [main] NetworkManager:127 - NetworkManager buf_size: 2097152
08:48:06,592 INFO  [main] ElasticLearnerRole:93 - ElasticLearnerRole replication group 1
08:48:06,593 INFO  [main] ElasticLearnerRole:97 - ElasticLearnerRole initial ring 1
08:48:06,593 INFO  [main] ElasticLearnerRole:102 - ElasticLearnerRole deliver_skip_messages: enabled
08:48:06,598 INFO  [ElasticLearner] LearnerRole:102 - Learner recovery: disabled
08:48:06,601 INFO  [ElasticLearner] LearnerRole:108 - Learner auto_trim: disabled
08:48:06,605 INFO  [main-EventThread] RingManager:133 - RingManager ring 1 changed: [1, 2, 4, 13] (succsessor: 1 at /10.10.1.2:2814)
08:48:06,613 INFO  [main-EventThread] RingManager:133 - RingManager ring 1 changed: [1, 2, 4, 13, 14, 15] (succsessor: 14 at /10.10.1.5:2409)
08:48:06,622 INFO  [main] Replica:169 - Token [0], ringId [null], nodeId [13], snapshot_modulo [0], zoo_host [null], path [null], embebedLog [false], useDiskDb [true] with simple constructor
1671637686623, 0, 0
Reading from stdin
1671637687623, 0, 0
1671637688624, 0, 0
1671637689624, 0, 0
1671637690625, 0, 0
1671637691625, 0, 0
1671637692625, 9806, 9806
1671637693626, 14060, 23866
1671637694626, 13127, 36993
1671637695627, 7737, 44730
1671637696628, 14257, 58987
1671637697629, 11908, 70895
1671637698629, 16640, 87535
1671637699629, 15380, 102915
1671637700630, 14489, 117404
1671637701630, 12876, 130280
1671637702632, 17798, 148078
1671637703632, 21129, 169207
1671637704633, 13885, 183092
1671637705633, 8929, 192021
1671637706634, 14153, 206174
1671637707634, 15641, 221815
1671637708634, 12077, 233892
1671637709634, 11506, 245398
1671637710635, 11666, 257064
1671637711635, 13016, 270080
1671637712636, 16238, 286318
1671637713636, 11842, 298160
1671637715632, 14798, 312958
1671637716632, 14271, 327229
1671637717632, 13563, 340792
1671637718633, 7977, 348769
1671637720383, 13881, 362650
1671637721383, 14522, 377172
1671637722384, 1305, 378477
1671637723385, 0, 378477
1671637724385, 0, 378477
1671637725387, 0, 378477
1671637726387, 0, 378477
1671637727388, 0, 378477
1671637728388, 0, 378477
1671637729388, 0, 378477
1671637730389, 0, 378477
1671637731389, 0, 378477
1671637732389, 0, 378477
1671637733389, 0, 378477
1671637734390, 0, 378477
1671637735390, 0, 378477
1671637736390, 0, 378477
1671637737391, 0, 378477
1671637738391, 0, 378477
1671637739391, 0, 378477
1671637740391, 0, 378477
1671637741392, 0, 378477
1671637742392, 0, 378477
1671637743392, 0, 378477
1671637744393, 0, 378477
1671637745393, 0, 378477
1671637746393, 0, 378477
1671637747393, 0, 378477
1671637748394, 0, 378477
1671637749394, 0, 378477
1671637750394, 0, 378477
1671637751395, 0, 378477
1671637752395, 0, 378477
1671637753395, 0, 378477
1671637754395, 0, 378477
1671637755396, 0, 378477
1671637756396, 0, 378477
1671637757396, 0, 378477
1671637758396, 0, 378477
1671637759397, 0, 378477
1671637760397, 0, 378477
1671637761397, 0, 378477
08:49:21,787 ERROR [main-EventThread] TopologyManager:465 - org.apache.zookeeper.KeeperException$SessionExpiredException: KeeperErrorCode = Session expired for /ringpaxos/topology1/nodes
08:49:21,885 ERROR [main-EventThread] RingManager:232 - org.apache.zookeeper.KeeperException$SessionExpiredException: KeeperErrorCode = Session expired for /ringpaxos/topology1/nodes
08:49:21,886 ERROR [main-EventThread] TopologyManager:465 - org.apache.zookeeper.KeeperException$SessionExpiredException: KeeperErrorCode = Session expired for /ringpaxos/topology1/learners
