19:51:54,592 INFO  [main] RawABListener:48 - Initing a RawABListener...
19:51:54,600 INFO  [main] Node:101 - PID: 9338
19:51:54,804 INFO  [main] NetworkManager:117 - NetworkManager tcp_nodelay: true
19:51:54,808 INFO  [main] NetworkManager:123 - NetworkManager tcp_crc: false
19:51:54,808 INFO  [main] NetworkManager:127 - NetworkManager buf_size: 2097152
19:51:54,824 INFO  [main] ElasticLearnerRole:93 - ElasticLearnerRole replication group 1
19:51:54,824 INFO  [main] ElasticLearnerRole:97 - ElasticLearnerRole initial ring 1
19:51:54,825 INFO  [main] ElasticLearnerRole:102 - ElasticLearnerRole deliver_skip_messages: enabled
19:51:54,830 INFO  [ElasticLearner] LearnerRole:102 - Learner recovery: disabled
19:51:54,832 INFO  [ElasticLearner] LearnerRole:108 - Learner auto_trim: disabled
19:51:54,835 INFO  [main-EventThread] RingManager:133 - RingManager ring 1 changed: [1, 2, 13, 14, 15] (succsessor: 1 at /10.10.1.2:2312)
19:51:54,852 INFO  [main] Replica:169 - Token [0], ringId [null], nodeId [15], snapshot_modulo [0], zoo_host [null], path [null], embebedLog [false], useDiskDb [false] with simple constructor
Reading from stdin
1671418314852, 0, 0
1671418315853, 0, 0
1671418316854, 0, 0
1671418317854, 0, 0
1671418318854, 0, 0
1671418319855, 0, 0
1671418320855, 7696, 7696
1671418321856, 8043, 15739
1671418322856, 8045, 23784
1671418323857, 8059, 31843
1671418324857, 8033, 39876
1671418325858, 8105, 47981
1671418326858, 8021, 56002
1671418327859, 8000, 64002
1671418328859, 7982, 71984
1671418329859, 8074, 80058
1671418330860, 8091, 88149
1671418331861, 8059, 96208
1671418332861, 8056, 104264
1671418333862, 8108, 112372
1671418334862, 8167, 120539
1671418335862, 8151, 128690
1671418336863, 6431, 135121
1671418337863, 6334, 141455
1671418338863, 6264, 147719
1671418339864, 6330, 154049
1671418340864, 6244, 160293
1671418341865, 6372, 166665
1671418342865, 6264, 172929
1671418343865, 6294, 179223
1671418344865, 6307, 185530
1671418345866, 5550, 191080
1671418346866, 6919, 197999
1671418347866, 7069, 205068
1671418348867, 7093, 212161
1671418349867, 1196, 213357
1671418350867, 0, 213357
1671418351868, 0, 213357
1671418352868, 0, 213357
1671418353868, 0, 213357
1671418354869, 0, 213357
1671418355869, 32, 213389
1671418356869, 0, 213389
1671418357870, 0, 213389
19:52:38,387 ERROR [main-EventThread] TopologyManager:465 - org.apache.zookeeper.KeeperException$SessionExpiredException: KeeperErrorCode = Session expired for /ringpaxos/topology1/learners
19:52:38,489 ERROR [main-EventThread] TopologyManager:465 - org.apache.zookeeper.KeeperException$SessionExpiredException: KeeperErrorCode = Session expired for /ringpaxos/topology1/nodes
19:52:38,489 ERROR [main-EventThread] RingManager:232 - org.apache.zookeeper.KeeperException$SessionExpiredException: KeeperErrorCode = Session expired for /ringpaxos/topology1/nodes
