16:08:22,313 INFO  [main] RawABListener:48 - Initing a RawABListener...
16:08:22,321 INFO  [main] Node:101 - PID: 35264
16:08:22,517 INFO  [main] NetworkManager:117 - NetworkManager tcp_nodelay: true
16:08:22,521 INFO  [main] NetworkManager:123 - NetworkManager tcp_crc: false
16:08:22,521 INFO  [main] NetworkManager:127 - NetworkManager buf_size: 2097152
16:08:22,540 INFO  [main] ElasticLearnerRole:93 - ElasticLearnerRole replication group 1
16:08:22,540 INFO  [main] ElasticLearnerRole:97 - ElasticLearnerRole initial ring 1
16:08:22,541 INFO  [main] ElasticLearnerRole:102 - ElasticLearnerRole deliver_skip_messages: enabled
16:08:22,549 INFO  [ElasticLearner] LearnerRole:102 - Learner recovery: disabled
16:08:22,554 INFO  [ElasticLearner] LearnerRole:108 - Learner auto_trim: disabled
16:08:22,563 INFO  [main-EventThread] RingManager:133 - RingManager ring 1 changed: [1, 2, 14] (succsessor: 1 at /10.10.1.2:2716)
16:08:22,574 INFO  [main-EventThread] RingManager:133 - RingManager ring 1 changed: [1, 2, 13, 14] (succsessor: 1 at /10.10.1.2:2716)
16:08:22,577 INFO  [main] Replica:165 - Token [0], ringId [null], nodeId [14], snapshot_modulo [0], zoo_host [null], path [null], embebedLog [false], useDiskDb [true] with simple constructor
1670195302577, 0, 0
Reading from stdin
16:08:22,663 INFO  [main-EventThread] RingManager:133 - RingManager ring 1 changed: [1, 2, 13, 14, 15] (succsessor: 15 at /10.10.1.7:2235)
1670195303578, 0, 0
1670195304578, 0, 0
1670195305579, 0, 0
1670195306579, 0, 0
1670195307579, 5, 5
1670195308580, 1003, 1008
1670195309580, 1024, 2032
1670195310581, 996, 3028
1670195311581, 1040, 4068
1670195312582, 1025, 5093
16:08:32,912 INFO  [main-EventThread] RingManager:133 - RingManager ring 1 changed: [1, 2, 4, 13, 14, 15] (succsessor: 15 at /10.10.1.7:2235)
16:08:32,947 ERROR [TCPListener] LearnerRole:219 - Learner received decision without value! [Decision from:2 to:Learner instance:4929 ballot:11 v_ballot:0 value:<none> (914909119478751)]
16:08:33,570 WARN  [Learner-1] LearnerRole:133 - Learner re-request missing instance 4928
16:08:33,570 WARN  [Learner-1] LearnerRole:133 - Learner re-request missing instance 4929
1670195313582, 347, 5440
1670195314582, 981, 6421
1670195315583, 1024, 7445
1670195316583, 1002, 8447
1670195317584, 982, 9429
1670195318584, 1031, 10460
1670195319585, 1020, 11480
1670195320586, 1009, 12489
1670195321586, 990, 13479
1670195322586, 999, 14478
1670195323587, 1002, 15480
1670195324587, 1042, 16522
1670195325588, 985, 17507
1670195326588, 996, 18503
1670195327589, 1019, 19522
1670195328589, 1004, 20526
1670195329589, 1003, 21529
1670195330590, 1018, 22547
1670195331590, 1004, 23551
1670195332590, 1040, 24591
1670195333591, 1002, 25593
1670195334591, 995, 26588
1670195335591, 1019, 27607
1670195336592, 1011, 28618
1670195337592, 1006, 29624
1670195338593, 988, 30612
1670195339594, 1030, 31642
1670195340594, 995, 32637
1670195341594, 1019, 33656
1670195342604, 997, 34653
1670195343604, 1044, 35697
1670195344605, 1015, 36712
1670195345605, 1013, 37725
1670195346605, 1012, 38737
1670195347606, 1003, 39740
1670195348606, 1030, 40770
1670195349607, 1014, 41784
1670195350607, 994, 42778
1670195351608, 1034, 43812
1670195352608, 988, 44800
1670195353608, 1049, 45849
1670195354609, 1004, 46853
1670195355609, 987, 47840
1670195356609, 1011, 48851
1670195357609, 1032, 49883
1670195358610, 1021, 50904
1670195359610, 1016, 51920
1670195360611, 1014, 52934
1670195361611, 1021, 53955
1670195362611, 999, 54954
1670195363611, 1021, 55975
1670195364612, 982, 56957
1670195365612, 992, 57949
1670195366612, 1013, 58962
1670195367613, 1004, 59966
1670195368613, 1014, 60980
1670195369613, 1043, 62023
1670195370614, 1009, 63032
1670195371614, 1007, 64039
1670195372614, 1015, 65054
1670195373615, 1008, 66062
1670195374616, 1030, 67092
1670195375616, 1003, 68095
1670195376616, 1015, 69110
1670195377616, 1012, 70122
1670195378617, 1006, 71128
1670195379617, 1000, 72128
1670195380617, 1022, 73150
1670195381618, 1018, 74168
1670195382618, 976, 75144
1670195383618, 1017, 76161
1670195384619, 1015, 77176
1670195385619, 1018, 78194
1670195386619, 1017, 79211
1670195387620, 1023, 80234
1670195388620, 1036, 81270
1670195389620, 1021, 82291
1670195390621, 1015, 83306
1670195391621, 1010, 84316
1670195392621, 1016, 85332
1670195393622, 1033, 86365
1670195394622, 1018, 87383
1670195395622, 1020, 88403
1670195396623, 1031, 89434
1670195397623, 412, 89846
1670195398623, 0, 89846
1670195399623, 0, 89846
1670195400624, 0, 89846
1670195401624, 0, 89846
1670195402624, 0, 89846
1670195403624, 0, 89846
1670195404625, 0, 89846
1670195405625, 0, 89846
16:10:06,007 INFO  [main-EventThread] RingManager:133 - RingManager ring 1 changed: [1, 2, 4, 14, 15] (succsessor: 15 at /10.10.1.7:2235)
1670195406625, 0, 89846
1670195407625, 0, 89846
1670195408626, 0, 89846
1670195409626, 0, 89846
1670195410626, 0, 89846
1670195411626, 0, 89846
1670195412627, 0, 89846
1670195413627, 0, 89846
16:10:14,003 INFO  [main-EventThread] RingManager:133 - RingManager ring 1 changed: [2, 4, 14, 15] (succsessor: 15 at /10.10.1.7:2235)
1670195414627, 0, 89846
1670195415627, 0, 89846
16:10:16,004 INFO  [main-EventThread] RingManager:133 - RingManager ring 1 changed: [4, 14, 15] (succsessor: 15 at /10.10.1.7:2235)
1670195416628, 0, 89846
1670195417628, 0, 89846
