16:08:22,345 INFO  [main] RawABListener:48 - Initing a RawABListener...
16:08:22,353 INFO  [main] Node:101 - PID: 41994
16:08:22,550 INFO  [main] NetworkManager:117 - NetworkManager tcp_nodelay: true
16:08:22,554 INFO  [main] NetworkManager:123 - NetworkManager tcp_crc: false
16:08:22,555 INFO  [main] NetworkManager:127 - NetworkManager buf_size: 2097152
16:08:22,575 INFO  [main] ElasticLearnerRole:93 - ElasticLearnerRole replication group 1
16:08:22,575 INFO  [main] ElasticLearnerRole:97 - ElasticLearnerRole initial ring 1
16:08:22,578 INFO  [main] ElasticLearnerRole:102 - ElasticLearnerRole deliver_skip_messages: enabled
16:08:22,583 INFO  [ElasticLearner] LearnerRole:102 - Learner recovery: disabled
16:08:22,585 INFO  [ElasticLearner] LearnerRole:108 - Learner auto_trim: disabled
16:08:22,593 INFO  [main-EventThread] RingManager:133 - RingManager ring 1 changed: [1, 2, 13, 14] (succsessor: 14 at /10.10.1.6:2240)
16:08:22,606 INFO  [main] Replica:165 - Token [0], ringId [null], nodeId [13], snapshot_modulo [0], zoo_host [null], path [null], embebedLog [false], useDiskDb [true] with simple constructor
1670195302607, 0, 0
Reading from stdin
16:08:22,662 INFO  [main-EventThread] RingManager:133 - RingManager ring 1 changed: [1, 2, 13, 14, 15] (succsessor: 14 at /10.10.1.6:2240)
1670195303607, 0, 0
1670195304608, 0, 0
1670195305608, 0, 0
1670195306608, 0, 0
1670195307609, 33, 33
1670195308609, 1006, 1039
1670195309610, 1017, 2056
1670195310610, 1001, 3057
1670195311610, 1036, 4093
1670195312611, 1024, 5117
16:08:32,912 INFO  [main-EventThread] RingManager:133 - RingManager ring 1 changed: [1, 2, 4, 13, 14, 15] (succsessor: 14 at /10.10.1.6:2240)
16:08:32,941 ERROR [TCPListener] LearnerRole:219 - Learner received decision without value! [Decision from:2 to:Learner instance:4929 ballot:11 v_ballot:0 value:<none> (914909119478751)]
1670195313611, 336, 5453
1670195314612, 995, 6448
1670195315612, 1030, 7478
1670195316613, 994, 8472
1670195317613, 988, 9460
1670195318614, 1031, 10491
1670195319614, 1017, 11508
1670195320615, 1010, 12518
1670195321615, 985, 13503
1670195322615, 1000, 14503
1670195323616, 1005, 15508
1670195324616, 1037, 16545
1670195325616, 991, 17536
1670195326617, 996, 18532
1670195327617, 1017, 19549
1670195328618, 998, 20547
1670195329618, 1009, 21556
1670195330618, 1018, 22574
1670195331618, 1001, 23575
1670195332619, 1041, 24616
1670195333619, 1011, 25627
1670195334619, 987, 26614
1670195335620, 1023, 27637
1670195336620, 1016, 28653
1670195337620, 1003, 29656
1670195338621, 988, 30644
1670195339622, 1031, 31675
1670195340622, 984, 32659
1670195341622, 1029, 33688
1670195342623, 1000, 34688
1670195343623, 1025, 35713
1670195344623, 1012, 36725
1670195345624, 1021, 37746
1670195346624, 1012, 38758
1670195347624, 1002, 39760
1670195348625, 1032, 40792
1670195349625, 1009, 41801
1670195350625, 994, 42795
1670195351625, 1036, 43831
1670195352626, 989, 44820
1670195353626, 1053, 45873
1670195354626, 994, 46867
1670195355627, 992, 47859
1670195356627, 1015, 48874
1670195357627, 1027, 49901
1670195358628, 1020, 50921
1670195359628, 1021, 51942
1670195360628, 1009, 52951
1670195361629, 1018, 53969
1670195362629, 1003, 54972
1670195363629, 1018, 55990
1670195364630, 991, 56981
1670195365630, 985, 57966
1670195366630, 1013, 58979
1670195367631, 1001, 59980
1670195368631, 1018, 60998
1670195369632, 1044, 62042
1670195370632, 1010, 63052
1670195371633, 1004, 64056
1670195372633, 1017, 65073
1670195373633, 1009, 66082
1670195374634, 1025, 67107
1670195375634, 1003, 68110
1670195376634, 1014, 69124
1670195377635, 1014, 70138
1670195378635, 1009, 71147
1670195379635, 993, 72140
1670195380636, 1028, 73168
1670195381636, 1016, 74184
1670195382636, 974, 75158
1670195383637, 1022, 76180
1670195384638, 1007, 77187
1670195385638, 1029, 78216
1670195386638, 1014, 79230
1670195387639, 1027, 80257
1670195388639, 1035, 81292
1670195389639, 1017, 82309
1670195390640, 1012, 83321
1670195391641, 1018, 84339
1670195392641, 1016, 85355
1670195393641, 1027, 86382
1670195394642, 1021, 87403
1670195395642, 1018, 88421
1670195396642, 1029, 89450
1670195397643, 396, 89846
1670195398643, 0, 89846
1670195399643, 0, 89846
1670195400643, 0, 89846
