20:14:35,724 INFO  [main] RawABListener:48 - Initing a RawABListener...
20:14:35,732 INFO  [main] Node:101 - PID: 6933
20:14:35,949 INFO  [main] NetworkManager:117 - NetworkManager tcp_nodelay: true
20:14:35,953 INFO  [main] NetworkManager:123 - NetworkManager tcp_crc: false
20:14:35,954 INFO  [main] NetworkManager:127 - NetworkManager buf_size: 2097152
20:14:35,974 INFO  [main] ElasticLearnerRole:93 - ElasticLearnerRole replication group 1
20:14:35,975 INFO  [main] ElasticLearnerRole:97 - ElasticLearnerRole initial ring 1
20:14:35,976 INFO  [main] ElasticLearnerRole:102 - ElasticLearnerRole deliver_skip_messages: enabled
20:14:35,981 INFO  [ElasticLearner] LearnerRole:102 - Learner recovery: disabled
20:14:35,983 INFO  [ElasticLearner] LearnerRole:108 - Learner auto_trim: disabled
20:14:35,985 INFO  [main-EventThread] RingManager:133 - RingManager ring 1 changed: [14] (succsessor: 14 at /10.10.1.6:2791)
20:14:35,994 INFO  [main-EventThread] RingManager:133 - RingManager ring 1 changed: [1, 2, 14] (succsessor: 1 at /10.10.1.2:2742)
20:14:36,009 INFO  [main] Replica:165 - Token [0], ringId [null], nodeId [14], snapshot_modulo [0], zoo_host [null], path [null], embebedLog [false], useDiskDb [false] with simple constructor
1670123676010, 0, 0
Reading from stdin
20:14:36,020 INFO  [main-EventThread] RingManager:133 - RingManager ring 1 changed: [1, 2, 13, 14] (succsessor: 1 at /10.10.1.2:2742)
20:14:36,088 INFO  [main-EventThread] RingManager:133 - RingManager ring 1 changed: [1, 2, 13, 14, 15] (succsessor: 15 at /10.10.1.7:2188)
1670123677011, 0, 0
1670123678011, 0, 0
1670123679011, 0, 0
1670123680012, 0, 0
1670123681012, 64, 64
1670123682013, 1980, 2044
1670123683013, 2083, 4127
1670123684013, 2072, 6199
1670123685014, 2074, 8273
1670123686014, 2069, 10342
1670123687015, 2034, 12376
1670123688015, 2085, 14461
1670123689016, 2050, 16511
1670123690016, 2051, 18562
1670123691017, 2071, 20633
1670123692017, 2062, 22695
1670123693020, 2070, 24765
1670123694020, 2028, 26793
1670123695020, 2069, 28862
1670123696021, 2075, 30937
1670123697021, 2056, 32993
1670123698022, 2057, 35050
1670123699022, 2068, 37118
1670123700022, 2066, 39184
1670123701023, 2100, 41284
1670123702023, 2003, 43287
1670123703024, 2065, 45352
1670123704024, 2015, 47367
1670123705024, 1989, 49356
1670123706025, 2091, 51447
1670123707025, 2058, 53505
1670123708026, 2075, 55580
1670123709026, 2015, 57595
1670123710026, 2097, 59692
1670123711027, 2060, 61752
1670123712027, 2056, 63808
1670123713027, 2026, 65834
1670123714028, 2041, 67875
1670123715028, 2058, 69933
1670123716029, 2016, 71949
1670123717029, 2072, 74021
1670123718029, 2071, 76092
1670123719031, 2074, 78166
1670123720031, 2022, 80188
1670123721031, 2044, 82232
1670123722031, 2048, 84280
1670123723032, 2041, 86321
1670123724032, 2062, 88383
1670123725032, 2111, 90494
1670123726033, 2101, 92595
1670123727033, 1984, 94579
1670123728033, 2041, 96620
1670123729034, 2086, 98706
1670123730034, 2036, 100742
1670123731034, 2067, 102809
1670123732035, 2057, 104866
1670123733035, 2079, 106945
1670123734035, 2044, 108989
1670123735036, 2065, 111054
1670123736036, 2049, 113103
1670123737036, 2081, 115184
1670123738037, 2039, 117223
1670123739037, 2078, 119301
1670123740037, 2087, 121388
1670123741038, 2047, 123435
1670123742038, 2068, 125503
1670123743039, 2074, 127577
1670123744040, 2074, 129651
1670123745040, 2087, 131738
1670123746041, 2046, 133784
1670123747041, 2070, 135854
1670123748041, 2061, 137915
1670123749042, 2056, 139971
1670123750042, 2038, 142009
1670123751042, 2076, 144085
1670123752043, 2054, 146139
1670123753043, 2031, 148170
1670123754043, 2078, 150248
1670123755044, 2070, 152318
1670123756044, 2062, 154380
1670123757045, 2040, 156420
1670123758045, 2065, 158485
1670123759047, 2043, 160528
1670123760047, 2052, 162580
1670123761047, 2114, 164694
1670123762048, 2047, 166741
1670123763048, 2057, 168798
1670123764048, 2050, 170848
1670123765049, 2061, 172909
1670123766049, 2083, 174992
1670123767050, 2055, 177047
1670123768050, 2069, 179116
1670123769050, 2014, 181130
1670123770051, 1967, 183097
1670123771052, 1, 183098
1670123772052, 0, 183098
1670123773052, 0, 183098
1670123774053, 2, 183100
1670123775053, 0, 183100
1670123776053, 0, 183100
1670123777053, 0, 183100
1670123778054, 0, 183100
1670123779054, 0, 183100
1670123780054, 0, 183100
1670123781054, 0, 183100
20:16:22,008 INFO  [main-EventThread] RingManager:133 - RingManager ring 1 changed: [1, 2, 14, 15] (succsessor: 15 at /10.10.1.7:2188)
1670123782055, 0, 183100
1670123783055, 0, 183100
1670123784055, 0, 183100
1670123785056, 0, 183100
1670123786056, 0, 183100
1670123787056, 0, 183100
20:16:28,005 INFO  [main-EventThread] RingManager:133 - RingManager ring 1 changed: [2, 14, 15] (succsessor: 15 at /10.10.1.7:2188)
1670123788056, 0, 183100
1670123789057, 0, 183100
1670123790057, 0, 183100
1670123791057, 0, 183100
20:16:32,004 INFO  [main-EventThread] RingManager:133 - RingManager ring 1 changed: [14, 15] (succsessor: 15 at /10.10.1.7:2188)
1670123792057, 0, 183100
1670123793058, 0, 183100
1670123794058, 0, 183100
1670123795058, 0, 183100
1670123796058, 0, 183100
1670123797059, 0, 183100
1670123798059, 0, 183100
1670123799059, 0, 183100
1670123800059, 0, 183100
1670123801060, 0, 183100
1670123802060, 0, 183100
1670123803060, 0, 183100
1670123804061, 0, 183100
1670123805061, 0, 183100
1670123806061, 0, 183100
