16:42:29,541 INFO  [main] RawABListener:48 - Initing a RawABListener...
16:42:29,557 INFO  [main] Node:101 - PID: 19299
16:42:29,781 INFO  [main] NetworkManager:117 - NetworkManager tcp_nodelay: true
16:42:29,786 INFO  [main] NetworkManager:123 - NetworkManager tcp_crc: false
16:42:29,787 INFO  [main] NetworkManager:127 - NetworkManager buf_size: 2097152
16:42:29,822 INFO  [main] ElasticLearnerRole:93 - ElasticLearnerRole replication group 3
16:42:29,823 INFO  [main] ElasticLearnerRole:97 - ElasticLearnerRole initial ring 3
16:42:29,824 INFO  [main] ElasticLearnerRole:102 - ElasticLearnerRole deliver_skip_messages: enabled
16:42:29,830 INFO  [ElasticLearner] LearnerRole:102 - Learner recovery: disabled
16:42:29,832 INFO  [ElasticLearner] LearnerRole:108 - Learner auto_trim: disabled
16:42:29,833 INFO  [main-EventThread] RingManager:133 - RingManager ring 3 changed: [31, 32, 33] (succsessor: 31 at /10.10.1.3:2001)
16:42:30,118 INFO  [main-EventThread] RingManager:133 - RingManager ring 3 changed: [31, 32, 33, 34] (succsessor: 34 at /10.10.1.7:2217)
16:42:39,469 INFO  [main] Replica:169 - Token [0], ringId [null], nodeId [33], snapshot_modulo [0], zoo_host [null], path [null], embebedLog [true], useDiskDb [true] with simple constructor
1681425759471, 0, 0
Reading from stdin
1681425760471, 1507, 1507
1681425761472, 3714, 5221
1681425762473, 3719, 8940
1681425763473, 4112, 13052
1681425764474, 3845, 16897
1681425765474, 2519, 19416
1681425766474, 3168, 22584
1681425767475, 4064, 26648
1681425768475, 3890, 30538
1681425769476, 3838, 34376
1681425770476, 2656, 37032
1681425771559, 1663, 38695
1681425772559, 4101, 42796
1681425773560, 3396, 46192
1681425774560, 3678, 49870
1681425775561, 2788, 52658
1681425776562, 3850, 56508
1681425777563, 3853, 60361
1681425778564, 3894, 64255
1681425779564, 3697, 67952
1681425780564, 1355, 69307
1681425781565, 702, 70009
1681425782565, 1644, 71653
1681425783566, 4005, 75658
1681425784566, 1924, 77582
1681425785566, 0, 77582
16:43:06,237 ERROR [TCPListener] SessionHandler:120 - Error in SessionHandler during reading!
java.nio.channels.ClosedSelectorException
	at java.base/sun.nio.ch.EPollSelectorImpl.ensureOpen(EPollSelectorImpl.java:98)
	at java.base/sun.nio.ch.EPollSelectorImpl.setEventOps(EPollSelectorImpl.java:243)
	at java.base/sun.nio.ch.SelectionKeyImpl.interestOps(SelectionKeyImpl.java:101)
	at ch.usi.da.paxos.ring.SessionHandler.handleReadable(SessionHandler.java:68)
	at ch.usi.da.paxos.ring.TCPListener.run(TCPListener.java:89)
	at java.base/java.lang.Thread.run(Thread.java:830)
16:43:06,248 ERROR [main-EventThread] TopologyManager:387 - org.apache.zookeeper.KeeperException$SessionExpiredException: KeeperErrorCode = Session expired for /ringpaxos/topology3/nodes/31
16:43:06,249 INFO  [main-EventThread] RingManager:133 - RingManager ring 3 changed: [31, 33] (succsessor: 31 at null)
16:43:06,253 ERROR [main-EventThread] ClientCnxn:537 - Error while calling watcher 
java.lang.NullPointerException
	at java.base/sun.nio.ch.Net.checkAddress(Net.java:126)
	at java.base/sun.nio.ch.SocketChannelImpl.checkRemote(SocketChannelImpl.java:706)
	at java.base/sun.nio.ch.SocketChannelImpl.connect(SocketChannelImpl.java:720)
	at ch.usi.da.paxos.ring.NetworkManager.connectClient(NetworkManager.java:291)
	at ch.usi.da.paxos.ring.RingManager.notifyRingChanged(RingManager.java:136)
	at ch.usi.da.paxos.ring.RingManager.process(RingManager.java:210)
	at org.apache.zookeeper.ClientCnxn$EventThread.processEvent(ClientCnxn.java:535)
	at org.apache.zookeeper.ClientCnxn$EventThread.run(ClientCnxn.java:510)
16:43:06,349 ERROR [main-EventThread] TopologyManager:465 - org.apache.zookeeper.KeeperException$SessionExpiredException: KeeperErrorCode = Session expired for /ringpaxos/topology3/learners
16:43:06,350 ERROR [main-EventThread] TopologyManager:465 - org.apache.zookeeper.KeeperException$SessionExpiredException: KeeperErrorCode = Session expired for /ringpaxos/topology3/nodes
16:43:06,350 ERROR [main-EventThread] RingManager:232 - org.apache.zookeeper.KeeperException$SessionExpiredException: KeeperErrorCode = Session expired for /ringpaxos/topology3/nodes
