20:26:19,313 INFO  [main] RawABListener:48 - Initing a RawABListener...
20:26:19,323 INFO  [main] Node:101 - PID: 55996
20:26:19,545 INFO  [main] NetworkManager:117 - NetworkManager tcp_nodelay: true
20:26:19,549 INFO  [main] NetworkManager:123 - NetworkManager tcp_crc: false
20:26:19,550 INFO  [main] NetworkManager:127 - NetworkManager buf_size: 2097152
20:26:19,575 INFO  [main] ElasticLearnerRole:93 - ElasticLearnerRole replication group 1
20:26:19,576 INFO  [main] ElasticLearnerRole:97 - ElasticLearnerRole initial ring 1
20:26:19,577 INFO  [main] ElasticLearnerRole:102 - ElasticLearnerRole deliver_skip_messages: enabled
20:26:19,583 INFO  [ElasticLearner] LearnerRole:102 - Learner recovery: disabled
20:26:19,585 INFO  [ElasticLearner] LearnerRole:108 - Learner auto_trim: disabled
20:26:19,589 INFO  [main-EventThread] RingManager:133 - RingManager ring 1 changed: [1, 2, 13] (succsessor: 1 at /10.10.1.3:2077)
20:26:19,604 INFO  [main-EventThread] RingManager:133 - RingManager ring 1 changed: [1, 2, 13, 14] (succsessor: 14 at /10.10.1.6:2613)
20:26:19,619 INFO  [main] Replica:172 - Token [0], ringId [null], nodeId [13], snapshot_modulo [0], zoo_host [null], path [null], embebedLog [false], useDiskDb [false] with simple constructor
1681611979620, 0, 0
Reading from stdin
1681611980621, 0, 0
1681611981621, 0, 0
1681611982622, 0, 0
20:26:23,242 INFO  [main-EventThread] RingManager:133 - RingManager ring 1 changed: [1, 2, 4, 13, 14] (succsessor: 14 at /10.10.1.6:2613)
1681611983622, 0, 0
20:26:24,566 INFO  [main-EventThread] RingManager:133 - RingManager ring 1 changed: [1, 2, 4, 5, 13, 14] (succsessor: 14 at /10.10.1.6:2613)
1681611984623, 256, 256
20:26:24,623 ERROR [TCPListener] LearnerRole:219 - Learner received decision without value! [Decision from:2 to:Learner instance:30 ballot:11 v_ballot:0 value:<none> (143378625853961)]
1681611985623, 7469, 7725
1681611986624, 7814, 15539
1681611987625, 7780, 23319
1681611988625, 8050, 31369
1681611989626, 7924, 39293
1681611990626, 8147, 47440
1681611991627, 6281, 53721
1681611992628, 8023, 61744
1681611993629, 7968, 69712
1681611994629, 6900, 76612
1681611995630, 8168, 84780
1681611996630, 7804, 92584
1681611997631, 8087, 100671
1681611998631, 8086, 108757
1681611999632, 7638, 116395
1681612000633, 8163, 124558
1681612001633, 7374, 131932
1681612002634, 7673, 139605
1681612003634, 8167, 147772
1681612004635, 4695, 152467
1681612005636, 8076, 160543
1681612006636, 8013, 168556
1681612007637, 7186, 175742
1681612008637, 8071, 183813
1681612009638, 6328, 190141
1681612010639, 7957, 198098
1681612011639, 7423, 205521
1681612012640, 7456, 212977
1681612013641, 7807, 220784
1681612014641, 3193, 223977
20:26:55,546 ERROR [main-EventThread] TopologyManager:465 - org.apache.zookeeper.KeeperException$SessionExpiredException: KeeperErrorCode = Session expired for /ringpaxos/topology1/nodes
1681612015642, 0, 223977
20:26:55,644 ERROR [main-EventThread] RingManager:232 - org.apache.zookeeper.KeeperException$SessionExpiredException: KeeperErrorCode = Session expired for /ringpaxos/topology1/nodes
20:26:55,645 ERROR [main-EventThread] TopologyManager:465 - org.apache.zookeeper.KeeperException$SessionExpiredException: KeeperErrorCode = Session expired for /ringpaxos/topology1/learners
