21:00:19,156 INFO  [main] RawABListener:48 - Initing a RawABListener...
21:00:19,165 INFO  [main] Node:101 - PID: 34781
21:00:19,359 INFO  [main] NetworkManager:117 - NetworkManager tcp_nodelay: true
21:00:19,364 INFO  [main] NetworkManager:123 - NetworkManager tcp_crc: false
21:00:19,364 INFO  [main] NetworkManager:127 - NetworkManager buf_size: 2097152
21:00:19,388 INFO  [main] ElasticLearnerRole:93 - ElasticLearnerRole replication group 3
21:00:19,388 INFO  [main] ElasticLearnerRole:97 - ElasticLearnerRole initial ring 3
21:00:19,389 INFO  [main] ElasticLearnerRole:102 - ElasticLearnerRole deliver_skip_messages: enabled
21:00:19,394 INFO  [ElasticLearner] LearnerRole:102 - Learner recovery: disabled
21:00:19,396 INFO  [ElasticLearner] LearnerRole:108 - Learner auto_trim: disabled
21:00:19,403 INFO  [main-EventThread] RingManager:133 - RingManager ring 3 changed: [31, 32, 33] (succsessor: 31 at /10.10.1.3:2456)
21:00:19,561 INFO  [main] Replica:188 - Token [0], ringId [null], nodeId [33], snapshot_modulo [0], zoo_host [10.10.1.1], pathPrefix[/media/disk3/], path [/media/disk3/90b6f794-aa26-4048-9f77-35d26a4cde7a], embebedLog [true], useDiskDb [true] with complex constructor
1710903619562, 0, 0
Reading from stdin
21:00:19,633 INFO  [main-EventThread] RingManager:133 - RingManager ring 3 changed: [31, 32, 33, 34] (succsessor: 34 at /10.10.1.7:2502)
1710903620563, 0, 0
1710903621563, 0, 0
1710903622564, 0, 0
1710903623564, 0, 0
1710903624565, 1758, 1758
1710903625565, 15414, 17172
1710903626566, 16538, 33710
1710903627567, 16249, 49959
1710903628568, 15589, 65548
1710903629571, 16222, 81770
1710903630572, 16537, 98307
1710903631573, 16561, 114868
1710903632573, 16250, 131118
1710903633574, 16718, 147836
1710903634574, 16499, 164335
1710903635574, 15835, 180170
1710903636575, 16058, 196228
1710903637575, 16737, 212965
1710903638576, 15874, 228839
1710903639576, 17060, 245899
1710903640576, 16457, 262356
1710903641577, 16703, 279059
1710903642577, 16607, 295666
1710903643578, 16609, 312275
1710903644578, 16584, 328859
1710903645579, 16603, 345462
1710903646579, 15181, 360643
1710903647579, 16527, 377170
1710903648580, 16903, 394073
1710903649580, 16183, 410256
1710903650580, 16611, 426867
1710903651581, 16803, 443670
1710903652582, 15466, 459136
1710903653582, 16789, 475925
1710903654583, 7028, 482953
21:00:55,571 ERROR [main-EventThread] TopologyManager:465 - org.apache.zookeeper.KeeperException$SessionExpiredException: KeeperErrorCode = Session expired for /ringpaxos/topology3/nodes
1710903655583, 0, 482953
21:00:55,673 ERROR [main-EventThread] RingManager:232 - org.apache.zookeeper.KeeperException$SessionExpiredException: KeeperErrorCode = Session expired for /ringpaxos/topology3/nodes
21:00:55,673 ERROR [main-EventThread] TopologyManager:465 - org.apache.zookeeper.KeeperException$SessionExpiredException: KeeperErrorCode = Session expired for /ringpaxos/topology3/learners
