07:55:31,170 INFO  [main] RawABListener:48 - Initing a RawABListener...
07:55:31,186 INFO  [main] Node:101 - PID: 110606
07:55:31,400 INFO  [main] NetworkManager:117 - NetworkManager tcp_nodelay: true
07:55:31,404 INFO  [main] NetworkManager:123 - NetworkManager tcp_crc: false
07:55:31,404 INFO  [main] NetworkManager:127 - NetworkManager buf_size: 2097152
07:55:31,424 INFO  [main] ElasticLearnerRole:93 - ElasticLearnerRole replication group 4
07:55:31,425 INFO  [main] ElasticLearnerRole:97 - ElasticLearnerRole initial ring 4
07:55:31,426 INFO  [main] ElasticLearnerRole:102 - ElasticLearnerRole deliver_skip_messages: enabled
07:55:31,433 INFO  [ElasticLearner] LearnerRole:102 - Learner recovery: disabled
07:55:31,434 INFO  [ElasticLearner] LearnerRole:108 - Learner auto_trim: disabled
07:55:31,438 INFO  [main-EventThread] RingManager:133 - RingManager ring 4 changed: [41, 42, 43, 44] (succsessor: 44 at /10.10.1.7:2842)
07:55:31,667 INFO  [main] Replica:188 - Token [0], ringId [null], nodeId [43], snapshot_modulo [0], zoo_host [10.10.1.1], pathPrefix[/media/disk4/], path [/media/disk4/06d7a746-390f-41be-9edb-7fb12de01c64], embebedLog [true], useDiskDb [false] with complex constructor
1710338131668, 0, 0
Reading from stdin
1710338132668, 0, 0
1710338133669, 0, 0
1710338134669, 0, 0
1710338135670, 0, 0
1710338136670, 5743, 5743
1710338137671, 30301, 36044
1710338138672, 33536, 69580
1710338139673, 36144, 105724
1710338140673, 39924, 145648
1710338141674, 40423, 186071
1710338142675, 41711, 227782
1710338143676, 40881, 268663
1710338144676, 35445, 304108
1710338145677, 42510, 346618
1710338146678, 41580, 388198
1710338147679, 30912, 419110
1710338148679, 37035, 456145
1710338149680, 32537, 488682
1710338150681, 32447, 521129
1710338151727, 29901, 551030
1710338152727, 34948, 585978
1710338153729, 33132, 619110
1710338154730, 34558, 653668
1710338155731, 38063, 691731
1710338156732, 40174, 731905
1710338157732, 37122, 769027
1710338158733, 19888, 788915
1710338159735, 15340, 804255
1710338160735, 18131, 822386
1710338161736, 49956, 872342
1710338162736, 41011, 913353
1710338163737, 38569, 951922
1710338164738, 33076, 984998
1710338165738, 34498, 1019496
1710338166739, 31790, 1051286
1710338167739, 22828, 1074114
1710338168740, 2187, 1076301
1710338169741, 0, 1076301
1710338170741, 0, 1076301
1710338171742, 0, 1076301
1710338172742, 0, 1076301
1710338173743, 0, 1076301
1710338174743, 0, 1076301
1710338175743, 0, 1076301
1710338176744, 555, 1076856
1710338177744, 0, 1076856
07:56:17,775 ERROR [main-EventThread] TopologyManager:465 - org.apache.zookeeper.KeeperException$SessionExpiredException: KeeperErrorCode = Session expired for /ringpaxos/topology4/nodes
07:56:17,877 ERROR [main-EventThread] RingManager:232 - org.apache.zookeeper.KeeperException$SessionExpiredException: KeeperErrorCode = Session expired for /ringpaxos/topology4/nodes
07:56:17,877 ERROR [main-EventThread] TopologyManager:465 - org.apache.zookeeper.KeeperException$SessionExpiredException: KeeperErrorCode = Session expired for /ringpaxos/topology4/learners
