07:55:31,165 INFO  [main] RawABListener:48 - Initing a RawABListener...
07:55:31,175 INFO  [main] Node:101 - PID: 110604
07:55:31,400 INFO  [main] NetworkManager:117 - NetworkManager tcp_nodelay: true
07:55:31,405 INFO  [main] NetworkManager:123 - NetworkManager tcp_crc: false
07:55:31,406 INFO  [main] NetworkManager:127 - NetworkManager buf_size: 2097152
07:55:31,435 INFO  [main] ElasticLearnerRole:93 - ElasticLearnerRole replication group 2
07:55:31,436 INFO  [main] ElasticLearnerRole:97 - ElasticLearnerRole initial ring 2
07:55:31,436 INFO  [main] ElasticLearnerRole:102 - ElasticLearnerRole deliver_skip_messages: enabled
07:55:31,441 INFO  [ElasticLearner] LearnerRole:102 - Learner recovery: disabled
07:55:31,444 INFO  [ElasticLearner] LearnerRole:108 - Learner auto_trim: disabled
07:55:31,450 INFO  [main-EventThread] RingManager:133 - RingManager ring 2 changed: [21, 22, 23] (succsessor: 21 at /155.98.36.29:2713)
07:55:31,682 INFO  [main-EventThread] RingManager:133 - RingManager ring 2 changed: [21, 22, 23, 24] (succsessor: 24 at /10.10.1.6:2871)
07:55:31,728 INFO  [main] Replica:188 - Token [0], ringId [null], nodeId [23], snapshot_modulo [0], zoo_host [10.10.1.1], pathPrefix[/media/disk2/], path [/media/disk2/35e1568f-e7a6-40ec-9c60-2bd386c1e467], embebedLog [true], useDiskDb [false] with complex constructor
1710338131730, 0, 0
Reading from stdin
1710338132730, 0, 0
1710338133731, 0, 0
1710338134731, 0, 0
1710338135732, 0, 0
1710338136733, 4028, 4028
1710338137734, 10585, 14613
1710338138734, 8622, 23235
1710338139736, 9828, 33063
1710338140737, 10287, 43350
1710338141738, 10035, 53385
1710338142739, 9499, 62884
1710338143740, 9887, 72771
1710338144741, 10557, 83328
1710338145742, 11646, 94974
1710338146742, 9850, 104824
1710338147743, 8744, 113568
1710338148743, 9288, 122856
1710338149744, 8721, 131577
1710338150745, 8460, 140037
1710338151745, 8399, 148436
1710338152746, 8269, 156705
1710338153746, 8337, 165042
1710338154747, 9303, 174345
1710338155748, 9076, 183421
1710338156748, 10724, 194145
1710338157749, 9540, 203685
1710338158750, 10980, 214665
1710338159750, 9954, 224619
1710338160751, 10944, 235563
1710338161751, 9396, 244959
1710338162752, 8793, 253752
1710338163752, 8109, 261861
1710338164753, 8460, 270321
1710338165754, 9315, 279636
1710338166754, 11709, 291345
1710338167755, 7262, 298607
1710338168755, 714, 299321
1710338169756, 0, 299321
1710338170757, 0, 299321
1710338171757, 0, 299321
1710338172757, 0, 299321
1710338173758, 0, 299321
1710338174758, 0, 299321
1710338175758, 0, 299321
1710338176758, 0, 299321
1710338177759, 0, 299321
07:56:17,781 ERROR [main-EventThread] RingManager:232 - org.apache.zookeeper.KeeperException$SessionExpiredException: KeeperErrorCode = Session expired for /ringpaxos/topology2/nodes
07:56:17,878 ERROR [main-EventThread] TopologyManager:465 - org.apache.zookeeper.KeeperException$SessionExpiredException: KeeperErrorCode = Session expired for /ringpaxos/topology2/learners
07:56:17,879 ERROR [main-EventThread] TopologyManager:465 - org.apache.zookeeper.KeeperException$SessionExpiredException: KeeperErrorCode = Session expired for /ringpaxos/topology2/nodes
07:56:17,889 ERROR [main-EventThread] RingManager:232 - org.apache.zookeeper.KeeperException$SessionExpiredException: KeeperErrorCode = Session expired for /ringpaxos/topology2/nodes
