03:39:04,577 INFO  [main] RawABListener:48 - Initing a RawABListener...
03:39:04,589 INFO  [main] Node:101 - PID: 119053
03:39:04,819 INFO  [main] NetworkManager:117 - NetworkManager tcp_nodelay: true
03:39:04,825 INFO  [main] NetworkManager:123 - NetworkManager tcp_crc: false
03:39:04,825 INFO  [main] NetworkManager:127 - NetworkManager buf_size: 2097152
03:39:04,851 INFO  [main] ElasticLearnerRole:93 - ElasticLearnerRole replication group 1
03:39:04,852 INFO  [main] ElasticLearnerRole:97 - ElasticLearnerRole initial ring 1
03:39:04,854 INFO  [main] ElasticLearnerRole:102 - ElasticLearnerRole deliver_skip_messages: enabled
03:39:04,858 INFO  [ElasticLearner] LearnerRole:102 - Learner recovery: disabled
03:39:04,859 INFO  [ElasticLearner] LearnerRole:108 - Learner auto_trim: disabled
03:39:04,861 INFO  [main-EventThread] RingManager:133 - RingManager ring 1 changed: [1, 2, 13, 14] (succsessor: 14 at /10.10.1.6:2035)
03:39:04,885 INFO  [main] Replica:188 - Token [0], ringId [null], nodeId [13], snapshot_modulo [0], zoo_host [10.10.1.1], pathPrefix[/media/disk1/], path [/media/disk1/1843ceb6-862d-4517-9c78-c909c084370d], embebedLog [true], useDiskDb [false] with complex constructor
1710927544885, 0, 0
Reading from stdin
1710927545886, 0, 0
1710927546886, 0, 0
1710927547887, 0, 0
1710927548887, 0, 0
1710927549887, 5058, 5058
1710927550888, 40479, 45537
1710927551888, 51138, 96675
1710927552889, 40068, 136743
1710927553889, 41395, 178138
1710927554890, 42870, 221008
1710927555890, 44931, 265939
1710927556891, 43541, 309480
1710927557891, 38838, 348318
1710927558891, 41148, 389466
1710927559892, 42873, 432339
1710927560909, 47488, 479827
1710927561911, 50488, 530315
1710927562912, 43157, 573472
1710927563912, 64512, 637984
1710927564913, 44466, 682450
1710927565913, 43821, 726271
1710927566913, 55761, 782032
1710927567914, 57064, 839096
1710927568915, 60761, 899857
1710927569915, 52795, 952652
1710927570916, 43245, 995897
1710927571916, 41314, 1037211
1710927572918, 33074, 1070285
1710927573919, 43718, 1114003
1710927574919, 51982, 1165985
1710927576078, 40740, 1206725
1710927577079, 54308, 1261033
1710927578080, 59347, 1320380
1710927579080, 54989, 1375369
1710927580080, 44205, 1419574
1710927581081, 49959, 1469533
1710927582082, 0, 1469533
1710927583082, 0, 1469533
1710927584083, 0, 1469533
1710927585084, 0, 1469533
1710927586084, 0, 1469533
1710927587085, 0, 1469533
1710927588085, 0, 1469533
1710927589085, 18, 1469551
1710927590086, 0, 1469551
1710927591086, 0, 1469551
1710927592086, 0, 1469551
03:39:52,703 ERROR [main-EventThread] RingManager:232 - org.apache.zookeeper.KeeperException$SessionExpiredException: KeeperErrorCode = Session expired for /ringpaxos/topology1/nodes
03:39:52,800 ERROR [main-EventThread] TopologyManager:465 - org.apache.zookeeper.KeeperException$SessionExpiredException: KeeperErrorCode = Session expired for /ringpaxos/topology1/learners
03:39:52,801 ERROR [main-EventThread] TopologyManager:465 - org.apache.zookeeper.KeeperException$SessionExpiredException: KeeperErrorCode = Session expired for /ringpaxos/topology1/nodes
03:39:52,801 ERROR [main-EventThread] RingManager:232 - org.apache.zookeeper.KeeperException$SessionExpiredException: KeeperErrorCode = Session expired for /ringpaxos/topology1/nodes
1710927593086, 0, 1469551
