07:55:31,209 INFO  [main] RawABListener:48 - Initing a RawABListener...
07:55:31,221 INFO  [main] Node:101 - PID: 95159
07:55:31,431 INFO  [main] NetworkManager:117 - NetworkManager tcp_nodelay: true
07:55:31,436 INFO  [main] NetworkManager:123 - NetworkManager tcp_crc: false
07:55:31,437 INFO  [main] NetworkManager:127 - NetworkManager buf_size: 2097152
07:55:31,462 INFO  [main] ElasticLearnerRole:93 - ElasticLearnerRole replication group 3
07:55:31,462 INFO  [main] ElasticLearnerRole:97 - ElasticLearnerRole initial ring 3
07:55:31,463 INFO  [main] ElasticLearnerRole:102 - ElasticLearnerRole deliver_skip_messages: enabled
07:55:31,468 INFO  [ElasticLearner] LearnerRole:102 - Learner recovery: disabled
07:55:31,471 INFO  [ElasticLearner] LearnerRole:108 - Learner auto_trim: disabled
07:55:31,475 INFO  [main-EventThread] RingManager:133 - RingManager ring 3 changed: [31, 32, 34] (succsessor: 31 at /155.98.36.29:2415)
07:55:31,481 INFO  [main-EventThread] RingManager:133 - RingManager ring 3 changed: [31, 32, 33, 34] (succsessor: 31 at /155.98.36.29:2415)
07:55:31,658 INFO  [main] Replica:188 - Token [0], ringId [null], nodeId [34], snapshot_modulo [0], zoo_host [10.10.1.1], pathPrefix[/media/disk5/], path [/media/disk5/76b44f32-1e30-4442-93f5-a9cccf48f06f], embebedLog [true], useDiskDb [false] with complex constructor
1710338131659, 0, 0
Reading from stdin
1710338132659, 0, 0
1710338133660, 0, 0
1710338134660, 0, 0
1710338135661, 0, 0
1710338136661, 6731, 6731
1710338137662, 32007, 38738
1710338138662, 45700, 84438
1710338139663, 37515, 121953
1710338140664, 32444, 154397
1710338141664, 33527, 187924
1710338142665, 32924, 220848
1710338143667, 33738, 254586
1710338144667, 32600, 287186
1710338145668, 28518, 315704
1710338146669, 34362, 350066
1710338147669, 49928, 399994
1710338148670, 39050, 439044
1710338149670, 45146, 484190
1710338150671, 49615, 533805
1710338151671, 49419, 583224
1710338152672, 49056, 632280
1710338153735, 46170, 678450
1710338154736, 44000, 722450
1710338155737, 41045, 763495
1710338156737, 31592, 795087
1710338157738, 38299, 833386
1710338158738, 50360, 883746
1710338159739, 41401, 925147
1710338160739, 44674, 969821
1710338161741, 43489, 1013310
1710338162742, 47309, 1060619
1710338163742, 47340, 1107959
1710338164743, 47968, 1155927
1710338165744, 43073, 1199000
1710338166744, 24073, 1223073
1710338167745, 15826, 1238899
1710338168745, 4630, 1243529
1710338169746, 0, 1243529
1710338170747, 0, 1243529
1710338171747, 63, 1243592
1710338172747, 0, 1243592
1710338173748, 0, 1243592
1710338174748, 0, 1243592
1710338175748, 0, 1243592
1710338176748, 0, 1243592
1710338177749, 0, 1243592
07:56:17,877 ERROR [main-EventThread] TopologyManager:465 - org.apache.zookeeper.KeeperException$SessionExpiredException: KeeperErrorCode = Session expired for /ringpaxos/topology3/learners
07:56:17,879 ERROR [main-EventThread] TopologyManager:465 - org.apache.zookeeper.KeeperException$SessionExpiredException: KeeperErrorCode = Session expired for /ringpaxos/topology3/nodes
07:56:17,879 ERROR [main-EventThread] RingManager:232 - org.apache.zookeeper.KeeperException$SessionExpiredException: KeeperErrorCode = Session expired for /ringpaxos/topology3/nodes
1710338178749, 0, 1243592
