07:23:16,899 INFO  [main] RawABListener:48 - Initing a RawABListener...
07:23:16,909 INFO  [main] Node:101 - PID: 116501
07:23:17,127 INFO  [main] NetworkManager:117 - NetworkManager tcp_nodelay: true
07:23:17,134 INFO  [main] NetworkManager:123 - NetworkManager tcp_crc: false
07:23:17,136 INFO  [main] NetworkManager:127 - NetworkManager buf_size: 2097152
07:23:17,157 INFO  [main] ElasticLearnerRole:93 - ElasticLearnerRole replication group 1
07:23:17,159 INFO  [main] ElasticLearnerRole:97 - ElasticLearnerRole initial ring 1
07:23:17,160 INFO  [main] ElasticLearnerRole:102 - ElasticLearnerRole deliver_skip_messages: enabled
07:23:17,167 INFO  [ElasticLearner] LearnerRole:102 - Learner recovery: disabled
07:23:17,169 INFO  [ElasticLearner] LearnerRole:108 - Learner auto_trim: disabled
07:23:17,173 INFO  [main-EventThread] RingManager:133 - RingManager ring 1 changed: [1, 2, 14] (succsessor: 1 at /155.98.36.29:2757)
07:23:17,446 INFO  [main] Replica:188 - Token [0], ringId [null], nodeId [14], snapshot_modulo [0], zoo_host [10.10.1.1], pathPrefix[/media/disk5/], path [/media/disk5/ac2ee556-f15d-4cac-8f39-cf60fa5bedb3], embebedLog [true], useDiskDb [false] with complex constructor
1710336197447, 0, 0
Reading from stdin
07:23:17,538 INFO  [main-EventThread] RingManager:133 - RingManager ring 1 changed: [1, 2, 13, 14] (succsessor: 1 at /155.98.36.29:2757)
1710336198448, 0, 0
1710336199448, 0, 0
1710336200449, 0, 0
1710336201449, 0, 0
1710336202450, 10597, 10597
1710336203450, 40364, 50961
1710336204451, 50909, 101870
1710336205453, 51276, 153146
1710336206454, 48721, 201867
1710336207455, 53123, 254990
1710336208456, 50248, 305238
1710336209457, 49089, 354327
1710336210458, 31602, 385929
1710336211459, 42317, 428246
1710336212459, 54542, 482788
1710336213460, 54085, 536873
1710336214461, 43244, 580117
1710336215462, 68364, 648481
1710336216462, 49055, 697536
1710336217463, 59053, 756589
1710336218463, 50163, 806752
1710336219464, 56518, 863270
1710336220465, 44308, 907578
1710336221466, 34699, 942277
1710336222466, 48826, 991103
1710336223467, 54863, 1045966
1710336224468, 50228, 1096194
1710336225469, 36544, 1132738
1710336226470, 18355, 1151093
1710336227471, 29526, 1180619
1710336228472, 32728, 1213347
1710336229472, 35428, 1248775
1710336230599, 39600, 1288375
1710336231623, 61433, 1349808
1710336232623, 37248, 1387056
1710336233624, 0, 1387056
1710336234624, 0, 1387056
1710336235625, 0, 1387056
1710336236625, 0, 1387056
1710336237626, 0, 1387056
1710336238626, 0, 1387056
1710336239627, 0, 1387056
1710336240627, 0, 1387056
1710336241627, 18, 1387074
1710336242627, 0, 1387074
07:24:03,359 ERROR [main-EventThread] TopologyManager:465 - org.apache.zookeeper.KeeperException$SessionExpiredException: KeeperErrorCode = Session expired for /ringpaxos/topology1/nodes
07:24:03,460 ERROR [main-EventThread] RingManager:232 - org.apache.zookeeper.KeeperException$SessionExpiredException: KeeperErrorCode = Session expired for /ringpaxos/topology1/nodes
07:24:03,461 ERROR [main-EventThread] TopologyManager:465 - org.apache.zookeeper.KeeperException$SessionExpiredException: KeeperErrorCode = Session expired for /ringpaxos/topology1/learners
1710336243628, 0, 1387074
1710336244628, 0, 1387074
