07:23:16,907 INFO  [main] RawABListener:48 - Initing a RawABListener...
07:23:16,917 INFO  [main] Node:101 - PID: 116502
07:23:17,136 INFO  [main] NetworkManager:117 - NetworkManager tcp_nodelay: true
07:23:17,141 INFO  [main] NetworkManager:123 - NetworkManager tcp_crc: false
07:23:17,142 INFO  [main] NetworkManager:127 - NetworkManager buf_size: 2097152
07:23:17,167 INFO  [main] ElasticLearnerRole:93 - ElasticLearnerRole replication group 2
07:23:17,168 INFO  [main] ElasticLearnerRole:97 - ElasticLearnerRole initial ring 2
07:23:17,168 INFO  [main] ElasticLearnerRole:102 - ElasticLearnerRole deliver_skip_messages: enabled
07:23:17,172 INFO  [ElasticLearner] LearnerRole:102 - Learner recovery: disabled
07:23:17,174 INFO  [ElasticLearner] LearnerRole:108 - Learner auto_trim: disabled
07:23:17,179 INFO  [main-EventThread] RingManager:133 - RingManager ring 2 changed: [21, 22, 24] (succsessor: 21 at /155.98.36.29:2671)
07:23:17,409 INFO  [main-EventThread] RingManager:133 - RingManager ring 2 changed: [21, 22, 23, 24] (succsessor: 21 at /155.98.36.29:2671)
07:23:17,417 INFO  [main] Replica:188 - Token [0], ringId [null], nodeId [24], snapshot_modulo [0], zoo_host [10.10.1.1], pathPrefix[/media/disk6/], path [/media/disk6/191d1ce4-47ff-474b-8ab9-d7e80b673410], embebedLog [true], useDiskDb [false] with complex constructor
1710336197418, 0, 0
Reading from stdin
1710336198418, 0, 0
1710336199419, 0, 0
1710336200419, 0, 0
1710336201420, 0, 0
1710336202420, 6556, 6556
1710336203421, 46438, 52994
1710336204422, 37681, 90675
1710336205422, 29973, 120648
1710336206424, 40872, 161520
1710336207424, 36830, 198350
1710336208425, 26867, 225217
1710336209562, 12843, 238060
1710336210563, 15665, 253725
1710336211564, 14035, 267760
1710336212564, 16824, 284584
1710336213565, 41058, 325642
1710336214566, 48827, 374469
1710336215566, 54195, 428664
1710336216567, 51361, 480025
1710336217567, 16317, 496342
1710336218568, 20199, 516541
1710336219569, 30482, 547023
1710336220570, 29513, 576536
1710336221571, 27112, 603648
1710336222571, 31580, 635228
1710336223572, 32649, 667877
1710336224572, 31380, 699257
1710336225573, 30260, 729517
1710336226574, 30429, 759946
1710336227576, 41766, 801712
1710336228577, 63050, 864762
1710336229578, 40713, 905475
1710336230579, 51659, 957134
1710336231579, 51329, 1008463
1710336232580, 30554, 1039017
1710336233580, 0, 1039017
1710336234581, 0, 1039017
1710336235581, 0, 1039017
1710336236582, 0, 1039017
1710336237582, 0, 1039017
1710336238583, 0, 1039017
1710336239583, 0, 1039017
1710336240583, 0, 1039017
1710336241583, 0, 1039017
1710336242584, 45, 1039062
07:24:03,358 ERROR [main-EventThread] TopologyManager:465 - org.apache.zookeeper.KeeperException$SessionExpiredException: KeeperErrorCode = Session expired for /ringpaxos/topology2/nodes
07:24:03,457 ERROR [main-EventThread] RingManager:232 - org.apache.zookeeper.KeeperException$SessionExpiredException: KeeperErrorCode = Session expired for /ringpaxos/topology2/nodes
07:24:03,457 ERROR [main-EventThread] TopologyManager:465 - org.apache.zookeeper.KeeperException$SessionExpiredException: KeeperErrorCode = Session expired for /ringpaxos/topology2/learners
1710336243584, 0, 1039062
1710336244584, 0, 1039062
