07:23:17,276 INFO  [main] RawABListener:48 - Initing a RawABListener...
07:23:17,289 INFO  [main] Node:101 - PID: 98979
07:23:17,517 INFO  [main] NetworkManager:117 - NetworkManager tcp_nodelay: true
07:23:17,521 INFO  [main] NetworkManager:123 - NetworkManager tcp_crc: false
07:23:17,521 INFO  [main] NetworkManager:127 - NetworkManager buf_size: 2097152
07:23:17,542 INFO  [main] ElasticLearnerRole:93 - ElasticLearnerRole replication group 1
07:23:17,543 INFO  [main] ElasticLearnerRole:97 - ElasticLearnerRole initial ring 1
07:23:17,543 INFO  [main] ElasticLearnerRole:102 - ElasticLearnerRole deliver_skip_messages: enabled
07:23:17,548 INFO  [ElasticLearner] LearnerRole:102 - Learner recovery: disabled
07:23:17,550 INFO  [ElasticLearner] LearnerRole:108 - Learner auto_trim: disabled
07:23:17,553 INFO  [main-EventThread] RingManager:133 - RingManager ring 1 changed: [1, 2, 13, 14] (succsessor: 14 at /10.10.1.6:2495)
07:23:17,798 INFO  [main] Replica:188 - Token [0], ringId [null], nodeId [13], snapshot_modulo [0], zoo_host [10.10.1.1], pathPrefix[/media/disk1/], path [/media/disk1/04a98189-8162-49f8-978f-84f5af045eed], embebedLog [true], useDiskDb [false] with complex constructor
1710336197799, 0, 0
Reading from stdin
1710336198800, 0, 0
1710336199800, 0, 0
1710336200801, 0, 0
1710336201801, 0, 0
1710336202802, 27145, 27145
1710336203802, 44399, 71544
1710336204803, 50861, 122405
1710336205804, 46631, 169036
1710336206805, 51447, 220483
1710336207806, 54034, 274517
1710336208806, 49915, 324432
1710336209807, 58641, 383073
1710336210808, 42977, 426050
1710336211809, 47483, 473533
1710336212809, 49609, 523142
1710336213810, 49892, 573034
1710336214810, 44457, 617491
1710336215811, 48291, 665782
1710336216812, 52380, 718162
1710336217812, 66120, 784282
1710336218813, 56526, 840808
1710336219814, 50513, 891321
1710336220814, 44891, 936212
1710336221884, 40456, 976668
1710336222885, 59925, 1036593
1710336223885, 49626, 1086219
1710336224886, 35515, 1121734
1710336225887, 47661, 1169395
1710336226887, 46103, 1215498
1710336227889, 35860, 1251358
1710336228892, 53023, 1304381
1710336229893, 36262, 1340643
1710336230894, 23028, 1363671
1710336231895, 19419, 1383090
1710336232895, 3966, 1387056
1710336233896, 0, 1387056
1710336234896, 0, 1387056
1710336235897, 0, 1387056
1710336236897, 0, 1387056
1710336237898, 0, 1387056
1710336238898, 0, 1387056
1710336239898, 0, 1387056
1710336240899, 0, 1387056
1710336241899, 18, 1387074
1710336242899, 0, 1387074
07:24:03,358 ERROR [main-EventThread] TopologyManager:465 - org.apache.zookeeper.KeeperException$SessionExpiredException: KeeperErrorCode = Session expired for /ringpaxos/topology1/acceptors
07:24:03,458 ERROR [main-EventThread] RingManager:232 - org.apache.zookeeper.KeeperException$SessionExpiredException: KeeperErrorCode = Session expired for /ringpaxos/topology1/acceptors
07:24:03,459 ERROR [main-EventThread] TopologyManager:465 - org.apache.zookeeper.KeeperException$SessionExpiredException: KeeperErrorCode = Session expired for /ringpaxos/topology1/nodes
07:24:03,460 ERROR [main-EventThread] RingManager:232 - org.apache.zookeeper.KeeperException$SessionExpiredException: KeeperErrorCode = Session expired for /ringpaxos/topology1/nodes
07:24:03,469 ERROR [main-EventThread] TopologyManager:465 - org.apache.zookeeper.KeeperException$SessionExpiredException: KeeperErrorCode = Session expired for /ringpaxos/topology1/learners
1710336243900, 0, 1387074
