23:16:03,765 INFO  [main] RawABListener:48 - Initing a RawABListener...
23:16:03,776 INFO  [main] Node:101 - PID: 63543
23:16:04,007 INFO  [main] NetworkManager:117 - NetworkManager tcp_nodelay: true
23:16:04,013 INFO  [main] NetworkManager:123 - NetworkManager tcp_crc: false
23:16:04,014 INFO  [main] NetworkManager:127 - NetworkManager buf_size: 2097152
23:16:04,034 INFO  [main] ElasticLearnerRole:93 - ElasticLearnerRole replication group 2
23:16:04,034 INFO  [main] ElasticLearnerRole:97 - ElasticLearnerRole initial ring 2
23:16:04,036 INFO  [main] ElasticLearnerRole:102 - ElasticLearnerRole deliver_skip_messages: enabled
23:16:04,043 INFO  [ElasticLearner] LearnerRole:102 - Learner recovery: disabled
23:16:04,045 INFO  [ElasticLearner] LearnerRole:108 - Learner auto_trim: disabled
23:16:04,051 INFO  [main-EventThread] RingManager:133 - RingManager ring 2 changed: [21, 22, 23, 24] (succsessor: 21 at /10.10.1.3:2566)
23:16:04,071 INFO  [main] Replica:188 - Token [0], ringId [null], nodeId [24], snapshot_modulo [0], zoo_host [10.10.1.1], pathPrefix[/media/disk6/], path [/media/disk6/ef91c9dc-8542-4564-9cd7-ee7003ea8619], embebedLog [false], useDiskDb [false] with complex constructor
1710911764072, 0, 0
Reading from stdin
1710911765073, 0, 0
1710911766073, 0, 0
1710911767074, 0, 0
23:16:07,751 INFO  [main-EventThread] RingManager:133 - RingManager ring 2 changed: [5, 21, 22, 23, 24] (succsessor: 5 at /10.10.1.6:2543)
1710911768074, 0, 0
1710911769075, 0, 0
1710911770075, 21970, 21970
1710911771076, 41296, 63266
1710911772076, 52211, 115477
1710911773077, 41253, 156730
1710911774078, 40781, 197511
1710911775082, 42175, 239686
1710911776084, 43516, 283202
1710911777085, 41320, 324522
1710911778086, 43102, 367624
1710911779086, 37480, 405104
1710911780087, 57691, 462795
1710911781088, 67220, 530015
1710911782088, 66479, 596494
1710911783089, 62226, 658720
1710911784090, 59496, 718216
1710911785091, 49634, 767850
1710911786092, 56787, 824637
1710911787094, 62005, 886642
1710911788094, 46412, 933054
1710911789095, 35731, 968785
1710911790096, 41270, 1010055
1710911791251, 39702, 1049757
1710911792256, 56719, 1106476
1710911793256, 61926, 1168402
1710911794257, 60853, 1229255
1710911795258, 67456, 1296711
1710911796258, 64110, 1360821
1710911797259, 67189, 1428010
1710911798259, 55849, 1483859
1710911799260, 44293, 1528152
1710911800262, 15476, 1543628
1710911801263, 9, 1543637
1710911802263, 0, 1543637
1710911803264, 99, 1543736
1710911804264, 117, 1543853
1710911805264, 0, 1543853
1710911806265, 0, 1543853
1710911807265, 162, 1544015
1710911808265, 162, 1544177
1710911809266, 0, 1544177
1710911810266, 0, 1544177
23:16:50,574 ERROR [main-EventThread] TopologyManager:465 - org.apache.zookeeper.KeeperException$SessionExpiredException: KeeperErrorCode = Session expired for /ringpaxos/topology2/nodes
23:16:50,672 ERROR [main-EventThread] RingManager:232 - org.apache.zookeeper.KeeperException$SessionExpiredException: KeeperErrorCode = Session expired for /ringpaxos/topology2/nodes
23:16:50,673 ERROR [main-EventThread] TopologyManager:465 - org.apache.zookeeper.KeeperException$SessionExpiredException: KeeperErrorCode = Session expired for /ringpaxos/topology2/learners
1710911811266, 0, 1544177
1710911812267, 0, 1544177
1710911813267, 0, 1544177
