10:32:27,095 INFO  [main] RawABListener:48 - Initing a RawABListener...
10:32:27,103 INFO  [main] Node:101 - PID: 35924
10:32:27,282 INFO  [main] NetworkManager:117 - NetworkManager tcp_nodelay: true
10:32:27,286 INFO  [main] NetworkManager:123 - NetworkManager tcp_crc: false
10:32:27,287 INFO  [main] NetworkManager:127 - NetworkManager buf_size: 2097152
10:32:27,304 INFO  [main] ElasticLearnerRole:93 - ElasticLearnerRole replication group 1
10:32:27,305 INFO  [main] ElasticLearnerRole:97 - ElasticLearnerRole initial ring 1
10:32:27,305 INFO  [main] ElasticLearnerRole:102 - ElasticLearnerRole deliver_skip_messages: enabled
10:32:27,311 INFO  [ElasticLearner] LearnerRole:102 - Learner recovery: disabled
10:32:27,316 INFO  [ElasticLearner] LearnerRole:108 - Learner auto_trim: disabled
10:32:27,323 INFO  [main-EventThread] RingManager:133 - RingManager ring 1 changed: [1, 4, 13, 14, 15] (succsessor: 14 at /10.10.1.5:2426)
10:32:27,329 INFO  [main-EventThread] RingManager:133 - RingManager ring 1 changed: [1, 2, 4, 13, 14, 15] (succsessor: 14 at /10.10.1.5:2426)
10:32:27,332 INFO  [main-EventThread] RingManager:133 - RingManager ring 1 changed: [1, 2, 4, 13, 14, 15] (succsessor: 14 at /10.10.1.5:2426)
10:32:27,335 INFO  [main] Replica:169 - Token [0], ringId [null], nodeId [13], snapshot_modulo [0], zoo_host [null], path [null], embebedLog [false], useDiskDb [true] with simple constructor
1670693547336, 0, 0
Reading from stdin
1670693548336, 0, 0
1670693549337, 0, 0
1670693550337, 0, 0
1670693551338, 0, 0
1670693552338, 4, 4
1670693553338, 118, 122
1670693554339, 126, 248
1670693555339, 127, 375
1670693556340, 128, 503
1670693557340, 120, 623
1670693558341, 122, 745
1670693559341, 121, 866
1670693560341, 122, 988
1670693561342, 119, 1107
1670693562342, 129, 1236
1670693563342, 129, 1365
1670693564343, 123, 1488
1670693565343, 123, 1611
1670693566343, 122, 1733
1670693567344, 129, 1862
1670693568344, 119, 1981
1670693569344, 120, 2101
1670693570344, 126, 2227
1670693571345, 123, 2350
1670693572345, 115, 2465
1670693573346, 120, 2585
1670693574346, 124, 2709
1670693575346, 131, 2840
1670693576347, 127, 2967
1670693577347, 127, 3094
1670693578347, 124, 3218
1670693579347, 125, 3343
1670693580348, 125, 3468
1670693581348, 124, 3592
1670693582348, 122, 3714
1670693583349, 126, 3840
1670693584349, 120, 3960
1670693585349, 126, 4086
1670693586350, 127, 4213
1670693587350, 132, 4345
1670693588350, 117, 4462
1670693589350, 124, 4586
1670693590351, 124, 4710
1670693591351, 123, 4833
1670693592351, 125, 4958
1670693593352, 125, 5083
1670693594352, 126, 5209
1670693595352, 133, 5342
1670693596352, 125, 5467
1670693597353, 119, 5586
1670693598353, 117, 5703
1670693599353, 128, 5831
1670693600354, 134, 5965
1670693601354, 123, 6088
1670693602355, 118, 6206
1670693603355, 120, 6326
1670693604355, 125, 6451
1670693605355, 123, 6574
1670693606356, 123, 6697
1670693607356, 125, 6822
1670693608356, 126, 6948
1670693609357, 116, 7064
1670693610357, 133, 7197
1670693611357, 124, 7321
1670693612357, 124, 7445
1670693613358, 135, 7580
1670693614358, 126, 7706
1670693615358, 131, 7837
1670693616358, 122, 7959
1670693617359, 119, 8078
1670693618359, 119, 8197
1670693619359, 125, 8322
1670693620359, 128, 8450
1670693621360, 120, 8570
1670693622360, 133, 8703
1670693623360, 118, 8821
1670693624360, 123, 8944
1670693625361, 132, 9076
1670693626361, 132, 9208
1670693627361, 120, 9328
1670693628361, 124, 9452
1670693629362, 132, 9584
1670693630362, 122, 9706
1670693631362, 132, 9838
1670693632363, 124, 9962
1670693633363, 125, 10087
1670693634363, 120, 10207
1670693635363, 128, 10335
1670693636364, 124, 10459
1670693637364, 124, 10583
1670693638364, 118, 10701
1670693639364, 133, 10834
1670693640365, 122, 10956
1670693641365, 118, 11074
1670693642365, 87, 11161
1670693643365, 0, 11161
