23:55:13,640 INFO  [main] RawABListener:48 - Initing a RawABListener...
23:55:13,651 INFO  [main] Node:101 - PID: 63747
23:55:13,883 INFO  [main] NetworkManager:117 - NetworkManager tcp_nodelay: true
23:55:13,887 INFO  [main] NetworkManager:123 - NetworkManager tcp_crc: false
23:55:13,888 INFO  [main] NetworkManager:127 - NetworkManager buf_size: 2097152
23:55:13,912 INFO  [main] ElasticLearnerRole:93 - ElasticLearnerRole replication group 1
23:55:13,912 INFO  [main] ElasticLearnerRole:97 - ElasticLearnerRole initial ring 1
23:55:13,913 INFO  [main] ElasticLearnerRole:102 - ElasticLearnerRole deliver_skip_messages: enabled
23:55:13,918 INFO  [ElasticLearner] LearnerRole:102 - Learner recovery: disabled
23:55:13,920 INFO  [ElasticLearner] LearnerRole:108 - Learner auto_trim: disabled
23:55:13,923 INFO  [main-EventThread] RingManager:133 - RingManager ring 1 changed: [1, 2, 13, 14] (succsessor: 14 at /10.10.1.6:2134)
23:55:13,942 INFO  [main] Replica:188 - Token [0], ringId [null], nodeId [13], snapshot_modulo [0], zoo_host [10.10.1.1], pathPrefix[/media/disk1/], path [/media/disk1/82e9f7b5-b48b-46d7-988f-4811ba66a0ce], embebedLog [false], useDiskDb [false] with complex constructor
1710914113943, 0, 0
Reading from stdin
1710914114943, 0, 0
1710914115944, 0, 0
1710914116944, 0, 0
1710914117945, 0, 0
1710914118945, 4127, 4127
1710914119946, 46537, 50664
1710914120946, 28490, 79154
1710914121947, 46980, 126134
1710914122948, 37873, 164007
1710914123948, 28414, 192421
1710914124949, 40881, 233302
1710914125950, 41176, 274478
1710914126951, 43832, 318310
1710914127951, 43167, 361477
1710914128952, 47116, 408593
1710914129952, 54415, 463008
1710914130953, 59441, 522449
1710914131953, 66348, 588797
1710914132954, 61611, 650408
1710914133954, 52498, 702906
1710914134955, 53912, 756818
1710914135956, 49945, 806763
1710914136957, 48606, 855369
1710914137958, 42405, 897774
1710914138959, 51072, 948846
1710914139959, 49440, 998286
1710914140960, 59771, 1058057
1710914141960, 64387, 1122444
1710914142961, 49584, 1172028
1710914143963, 59194, 1231222
1710914144964, 57628, 1288850
1710914145965, 60941, 1349791
1710914146966, 60327, 1410118
1710914147967, 67071, 1477189
1710914148968, 25872, 1503061
1710914149968, 1432, 1504493
1710914150969, 0, 1504493
1710914151969, 0, 1504493
1710914152970, 0, 1504493
1710914153970, 0, 1504493
1710914154971, 307, 1504800
1710914155971, 0, 1504800
1710914156971, 18, 1504818
1710914157972, 0, 1504818
1710914158972, 101, 1504919
1710914159972, 0, 1504919
23:56:00,473 ERROR [main-EventThread] TopologyManager:465 - org.apache.zookeeper.KeeperException$SessionExpiredException: KeeperErrorCode = Session expired for /ringpaxos/topology1/acceptors
23:56:00,572 ERROR [main-EventThread] RingManager:232 - org.apache.zookeeper.KeeperException$SessionExpiredException: KeeperErrorCode = Session expired for /ringpaxos/topology1/acceptors
23:56:00,572 ERROR [main-EventThread] TopologyManager:465 - org.apache.zookeeper.KeeperException$SessionExpiredException: KeeperErrorCode = Session expired for /ringpaxos/topology1/nodes
23:56:00,573 ERROR [main-EventThread] RingManager:232 - org.apache.zookeeper.KeeperException$SessionExpiredException: KeeperErrorCode = Session expired for /ringpaxos/topology1/nodes
23:56:00,579 ERROR [main-EventThread] TopologyManager:465 - org.apache.zookeeper.KeeperException$SessionExpiredException: KeeperErrorCode = Session expired for /ringpaxos/topology1/learners
1710914160973, 0, 1504919
