13:47:11,729 INFO  [main] RawABListener:48 - Initing a RawABListener...
13:47:11,736 INFO  [main] Node:101 - PID: 7693
13:47:11,910 INFO  [main] NetworkManager:117 - NetworkManager tcp_nodelay: true
13:47:11,915 INFO  [main] NetworkManager:123 - NetworkManager tcp_crc: false
13:47:11,915 INFO  [main] NetworkManager:127 - NetworkManager buf_size: 2097152
13:47:11,931 INFO  [main] ElasticLearnerRole:93 - ElasticLearnerRole replication group 1
13:47:11,932 INFO  [main] ElasticLearnerRole:97 - ElasticLearnerRole initial ring 1
13:47:11,933 INFO  [main] ElasticLearnerRole:102 - ElasticLearnerRole deliver_skip_messages: enabled
13:47:11,939 INFO  [ElasticLearner] LearnerRole:102 - Learner recovery: enabled
13:47:11,941 INFO  [ElasticLearner] LearnerRole:108 - Learner auto_trim: disabled
13:47:11,943 INFO  [main-EventThread] RingManager:133 - RingManager ring 1 changed: [14] (succsessor: 14 at /10.10.1.5:2511)
13:47:11,949 INFO  [main-EventThread] RingManager:133 - RingManager ring 1 changed: [14, 15] (succsessor: 15 at /10.10.1.6:2846)
13:47:11,958 INFO  [main-EventThread] RingManager:133 - RingManager ring 1 changed: [1, 14, 15] (succsessor: 15 at /10.10.1.6:2846)
13:47:11,994 INFO  [main-EventThread] RingManager:133 - RingManager ring 1 changed: [1, 13, 14, 15] (succsessor: 15 at /10.10.1.6:2846)
13:47:12,034 INFO  [main-EventThread] RingManager:133 - RingManager ring 1 changed: [1, 2, 13, 14, 15] (succsessor: 15 at /10.10.1.6:2846)
13:47:12,474 INFO  [main] Replica:162 - Token [0], ringId [null], nodeId [14], snapshot_modulo [0], zoo_host [null], path [null], embebedLog [false], useDiskDb [true] with simple constructor
1669236432476, 0, 0
1669236433476, 0, 0
1669236434477, 0, 0
1669236435477, 0, 0
1669236436478, 0, 0
1669236437478, 0, 0
1669236438479, 0, 0
1669236439479, 416, 416
1669236440479, 965, 1381
1669236441480, 988, 2369
1669236442480, 1005, 3374
1669236443481, 998, 4372
1669236444481, 987, 5359
1669236445482, 992, 6351
1669236446482, 1002, 7353
1669236447482, 1010, 8363
1669236448483, 981, 9344
1669236449483, 1010, 10354
1669236450483, 1008, 11362
1669236451484, 1006, 12368
1669236452484, 1024, 13392
1669236453485, 1001, 14393
1669236454485, 1010, 15403
1669236455486, 588, 15991
1669236456486, 9, 16000
1669236457487, 0, 16000
13:47:37,975 ERROR [main-EventThread] TopologyManager:387 - org.apache.zookeeper.KeeperException$NoNodeException: KeeperErrorCode = NoNode for /ringpaxos/topology1/nodes/15
13:47:37,978 INFO  [main-EventThread] RingManager:133 - RingManager ring 1 changed: [14, 15] (succsessor: 15 at null)
13:47:37,983 ERROR [main-EventThread] ClientCnxn:537 - Error while calling watcher 
java.lang.NullPointerException
	at java.base/sun.nio.ch.Net.checkAddress(Net.java:126)
	at java.base/sun.nio.ch.SocketChannelImpl.checkRemote(SocketChannelImpl.java:706)
	at java.base/sun.nio.ch.SocketChannelImpl.connect(SocketChannelImpl.java:720)
	at ch.usi.da.paxos.ring.NetworkManager.connectClient(NetworkManager.java:291)
	at ch.usi.da.paxos.ring.RingManager.notifyRingChanged(RingManager.java:136)
	at ch.usi.da.paxos.ring.RingManager.process(RingManager.java:210)
	at org.apache.zookeeper.ClientCnxn$EventThread.processEvent(ClientCnxn.java:535)
	at org.apache.zookeeper.ClientCnxn$EventThread.run(ClientCnxn.java:510)
13:47:38,079 ERROR [main-EventThread] TopologyManager:465 - org.apache.zookeeper.KeeperException$SessionExpiredException: KeeperErrorCode = Session expired for /ringpaxos/topology1/learners
13:47:38,079 ERROR [main-EventThread] TopologyManager:465 - org.apache.zookeeper.KeeperException$SessionExpiredException: KeeperErrorCode = Session expired for /ringpaxos/topology1/nodes
13:47:38,080 ERROR [main-EventThread] RingManager:232 - org.apache.zookeeper.KeeperException$SessionExpiredException: KeeperErrorCode = Session expired for /ringpaxos/topology1/nodes
